15258,18221,16909,15752,16069,17300,16325,15489,16250,17560
12588,14559,14313,15329,15781,16160,15530,16698,14271,16151
1728,1713,1937,1916,1870,1828,1838,1812,1281,1838
464,131,616,874,803,21,769,501,341,786
0.73148,0.92353,0.68198,0.54384,0.57059,0.98851,0.58161,0.72351,0.7338,0.57236
13107,15986,12411,11717,12412,11170,12064,14994,14844,15689
1.4317,1.4424,1.0101,0.87623,1.1322,0.97597,0.8784,1.1524,1.6212,1.0675
30,3,34,54,52,2,50,32,20,50
436.9,5328.7,365.03,216.98,238.69,5585,241.28,468.56,742.2,313.78
0.98464,1.0219,1.0309,0.99823,1.0029,1.0111,1.0066,1.0345,1.0121,1.0017
1.027,1.0192,1.02,1.0107,0.99358,0.9994,0.98287,0.99217,1.0118,1.047
6.08,6.4365,7.4214,7.977,6.9497,7.8661,7.5734,7.2745,5.3405,7.0342
13,13,13,15,13,14,15,15,9,15
16,13,14,16,16,14,15,14,12,15
266.26,355.06,293.42,314.81,268.16,284.89,275.86,329.31,294.24,394.65
266.26,355.06,293.42,314.81,268.16,284.89,275.86,329.31,294.24,394.65
48.026,56.28,47.734,46.175,47.986,52.73,49.195,63.227,56.547,68.889
1.5571,1.8542,1.3853,1.577,1.5824,1.7964,1.6118,2.0524,2.02,1.9539
5.8676,7.1103,5.7998,6.1531,6.0597,6.9655,6.191,7.7086,7.1534,8.2009
25.658,35.51,31.887,36.445,29.678,30.163,27.611,26.265,25.797,43.82
-14.157,-18.733,-14.756,-13.978,-11.523,-12.067,-12.93,-19.524,-15.537,-19.727
-16.946,-20.62,-17.373,-21.693,-15.923,-16.593,-8.2463,-20.746,-17.713,-17.848
7.2893,19.525,11.869,9.5171,5.0337,6.1078,6.1085,5.8207,15.476,8.3743
40.379,48.617,48.259,50.219,50.074,51.885,49.349,54.764,49.024,51.799
12.687,12.718,12.102,13.095,11.754,12.558,11.362,13.237,16.311,15.505
75,84,81,81,77,79,75,93,84,88
9,20,10,16,9,13,23,13,0,12
2659,4040.8,2807.7,1939.7,2406.6,4050.5,3303.4,4029.9,2929.7,2910.2
3.4851e+07,6.4596e+07,3.4847e+07,2.2728e+07,2.9871e+07,4.5244e+07,3.9852e+07,6.0424e+07,4.3488e+07,4.5659e+07
0.29044,0.36459,0.22851,0.14506,0.21952,0.35391,0.24052,0.30973,0.31998,0.19802
403.99,8096,780.89,640.7,478.69,298,491.22,612.49,992.86,604.25
