11937,11812,12989,13592,13951,14319,14453,12335,13384,13958
14489,15718,14534,14777,15310,14593,14680,16073,15814,15807
1973,2364,1873,2103,1903,2063,2133,1913,1842,1903
152,643,182,272,273,271,332,232,232,172
0.92296,0.728,0.90283,0.87066,0.85654,0.86864,0.84435,0.87872,0.87405,0.90962
15738,17376,13802,14596,14993,14298,13901,15440,12759,13405
1.3331,1.4004,1.5695,1.5337,1.324,1.6955,1.5386,1.44,1.4709,1.5454
5,5,4,3,6,4,5,4,5,5
3147.6,3475.2,3450.5,4865.3,2498.8,3574.5,2780.2,3860,2551.8,2681
0.98075,1.0032,0.99929,0.99653,0.99971,0.99202,0.99712,0.98701,0.98505,0.99268
1.0599,1.0514,1.0637,1.0607,1.057,1.0331,1.0658,1.0891,1.0418,1.054
6.6648,5.5786,5.5607,6.0997,5.862,5.8077,6.529,5.8254,6.0429,5.7447
19,16,15,19,17,19,17,17,15,17
17,18,17,17,17,18,20,17,15,17
312.54,780.01,506.95,1344.3,144.94,1008.1,520.16,191.94,113.82,521.08
312.54,780.01,506.95,1344.3,144.94,1008.1,520.16,191.94,113.82,521.08
39.953,62.682,43.528,98.689,28.541,74.965,45.26,31.041,23.275,42.67
1.3306,3.5809,2.385,5.9405,0.020895,4.5904,2.2417,0.91043,0.00087959,2.3455
20.334,53.209,35.082,90.254,1.8315,66.784,33.925,13.323,1.529,34.967
274.22,701.7,457.25,1220.7,4.2206,897.27,456.66,172.04,3.7739,461.63
-31.254,-70.495,-44.129,-121.75,-5.2146,-94.695,-46.801,-14.814,-4.1173,-52.108
-23.064,-16.45,-16.637,-17.748,-16.217,-16.684,-19.314,-19.247,-20.874,-21.926
3.1563,7.6023,2.4027,8.182,7.0872,6.4965,4.6952,6.9791,5.5282,6.1675
63.585,65.388,64.753,66.572,72.763,71.762,71.511,70.884,75.596,74.162
13.435,12.637,13.443,13.705,14.261,15.642,16.001,15.546,13.481,16.17
101,96,90,93,112,108,107,105,105,108
16,24,15,12,26,11,12,14,26,17
5286.2,4420,3312.9,3526.3,3593,3095.2,3263.4,3595.2,3243.8,3009
8.3195e+07,7.6802e+07,4.5725e+07,5.147e+07,5.387e+07,4.4255e+07,4.5364e+07,5.551e+07,4.1388e+07,4.0335e+07
0.44776,0.35622,0.37673,0.37053,0.31729,0.36703,0.36119,0.33531,0.37397,0.34689
1309.4,2239,1453.4,2476.9,1206.1,1561.9,1546.4,2104,1499.4,1345
