16508,13950,14100,15019,15411,15168,16334,15045,16334,14671
14725,12572,14576,16455,14630,14488,14085,14732,15130,15332
1332,1182,1282,1242,1201,1222,1172,1382,1262,1292
162,142,131,112,91,122,102,141,101,170
0.87838,0.87986,0.89782,0.90982,0.92423,0.90016,0.91297,0.89797,0.91997,0.86842
19164,13951,13107,14745,14596,16135,15986,17227,17178,16235
3.3139,2.7577,2.5298,3.0598,2.1637,2.4804,2.7648,2.3441,2.5015,2.4066
4,5,4,3,3,4,3,3,2,4
4791,2790.2,3276.8,4915,4865.3,4033.8,5328.7,5742.3,8589,4058.8
1.0151,1.0398,1.0222,1.0217,1.0289,1.0257,1.0225,1.0456,1.0305,1.024
0.99132,0.98974,0.99819,0.99675,1.015,1.0172,0.99218,1.025,1.0237,0.998
4.101,4.2645,4.8953,4.2638,4.3631,4.4554,4.3554,4.4815,4.2016,4.7035
11,10,11,11,10,10,11,10,10,10
8,9,11,10,10,9,10,10,8,9
167.75,126.42,559.03,141.07,119.8,147.12,139.52,497,1484.8,901.03
167.75,126.42,559.03,141.07,119.8,147.12,139.52,497,1484.8,901.03
36.56,28.964,54.358,30.477,28.56,34.595,35.853,51.634,136.87,98.439
-0.0093953,-0.013094,3.8439,0.010131,0.0063248,0.0075775,-0.0081175,3.2078,10.447,10.844
1.3943,1.2951,46.799,1.2861,1.3115,1.461,1.5126,40.161,125.38,90.247
3.48,2.5877,505.23,2.6877,3.2907,2.9346,3.6014,445.97,1336.4,805.85
-2.936,-3.2511,-50.311,-2.7405,-3.2163,-3.5505,-2.8428,-46.72,-134.86,-56.346
-2.1706,1.049,-3.0955,-2.3372,-2.3103,-5.265,-1.784,-0.025454,-2.4917,-4.7247
-3.2931,-1.3899,1.1649,-2.3299,-3.5475,-3.276,-2.0772,0.20754,7.4726,-5.5511
56.843,58.661,61.5,63.233,62.737,59.991,66.955,64.386,65.436,62.551
10.763,10.075,10.287,11.438,12.866,11.506,14.269,12.947,12.579,11.973
84,80,91,93,88,87,92,94,101,92
25,23,25,15,29,22,16,14,29,31
2058.8,1995,2266.6,1686.6,2490.6,2303.8,2161.4,2745.1,2385.9,2315.7
3.9456e+07,2.7832e+07,2.9709e+07,2.4869e+07,3.6352e+07,3.7172e+07,3.4552e+07,4.729e+07,4.0985e+07,3.7595e+07
0.35602,0.39434,0.43749,0.34999,0.36919,0.35416,0.37382,0.37353,0.34745,0.34326
1295.6,1077.1,1223.3,1727.4,1143.3,1135.4,1806.4,1540.2,2844.6,1448.3
