12502,13147,14592,13901,12482,14026,12886,13364,15197,13584
18143,16768,17320,19717,20105,16763,18520,15724,16928,14878
1812,1588,1635,1781,1776,1698,1704,1500,1604,1437
1226,914,915,552,994,437,428,344,854,658
0.3234,0.42443,0.44037,0.69006,0.44032,0.74264,0.74883,0.77067,0.46758,0.5421
20256,23036,21249,23036,20851,19561,24724,27902,24079,20107
1.7334,2.3038,2.2327,1.9919,1.7136,1.4369,2.0731,2.2709,1.9219,1.5599
33,35,34,2,37,2,2,2,38,24
613.82,658.17,624.97,11518,563.54,9780.5,12362,13951,633.66,837.79
0.98312,0.99438,0.98594,0.97629,0.95766,1.0034,0.98078,1.0047,0.99003,0.99725
0.98953,0.99865,1.0264,1.0451,1.0106,1.0022,1.001,0.95864,1.0351,0.99742
4.3354,4.5208,4.8652,4.4956,5.0604,5.5926,4.9822,4.361,4.8368,5.4118
9,10,10,10,14,11,14,11,13,12
8,10,10,10,11,12,12,12,12,10
340.61,439.65,400.11,413.55,390.19,288,384.24,515.49,417.73,352.25
340.61,439.65,400.11,413.55,390.19,288,384.24,515.49,417.73,352.25
71.636,73.71,72.77,75.506,74.007,67.93,82.122,88.169,77.715,73.801
2.5135,2.9199,2.6669,2.8203,2.7218,2.9014,3.4119,2.8614,2.4854,3.1205
8.9337,9.6673,10.134,10.008,9.9417,9.8237,11.291,11.504,9.6783,10.339
26.784,42.222,43.959,39.404,34.732,31.927,37.83,52,36.963,30.176
-15.338,-19.667,-20.502,-18.054,-17.537,-14.462,-17.355,-25.487,-23.093,-15.392
-37.716,-42.007,-41.856,-44.577,-35.363,-40.11,-36.602,-31.584,-43.362,-38.571
17.971,21.65,19.273,21.166,17.3,17.246,24.055,30.133,23.991,21.301
60.843,64.165,61.944,59.736,63.394,59.646,64.674,61.752,64.068,59.452
15.182,13.743,12.239,12.848,15.483,14.816,12.397,13.067,16.658,14.453
93,91,88,93,101,100,96,99,124,100
11,20,10,30,18,21,35,41,23,27
951.72,1078.4,1419.1,1825.2,1449.6,2448.8,2199.2,1457.7,1557.8,2297.1
1.9278e+07,2.4842e+07,3.0155e+07,4.2046e+07,3.0225e+07,4.7901e+07,5.4373e+07,4.0672e+07,3.7511e+07,4.6188e+07
0.081441,0.10785,0.14912,0.15782,0.11913,0.17989,0.1844,0.11864,0.12434,0.17821
970.79,1167.2,1070.7,11077,996.14,9368.9,12922,16694,1074.7,1069.2
