13578,11299,11090,11050,11376,11348,11027,11209,11521,11029
14510,15076,15470,15522,14562,15108,15942,15007,14965,15963
4047,3807,3651,3781,3360,3588,3401,3610,3750,3907
1324,1517,1543,2247,2124,1402,2205,2408,1568,1797
0.67284,0.60152,0.57738,0.40571,0.36786,0.60925,0.35166,0.33296,0.58187,0.54006
20207,15539,15639,13504,12759,14795,13206,12809,13951,12164
1.0963,1.066,1.0064,0.86227,0.83398,0.9447,0.78865,0.90109,0.87074,0.74248
6,7,5,52,64,5,62,62,7,6
3367.8,2219.9,3127.8,259.69,199.36,2959,213,206.6,1993,2027.3
0.9439,0.97205,0.97333,0.98562,0.97843,0.95509,0.94689,0.95453,0.98164,0.95869
0.90575,0.92632,0.95269,0.90493,0.92342,0.91756,0.92163,0.89504,0.9188,0.90373
10.217,11.434,11.896,13.157,14.967,12.566,13.463,12.597,12.426,14.742
28,23,24,22,22,21,23,21,21,23
22,23,22,20,19,21,21,21,21,21
572.59,335.12,388.71,394.22,470.64,411.85,360.45,417.26,392.08,417.22
572.59,335.12,388.71,394.22,470.64,411.85,360.45,417.26,392.08,417.22
81.867,64.061,80.214,73.843,83.883,82.672,76.981,70.474,77.7,78.496
2.0819,2.0291,2.7271,2.4125,2.6553,2.6353,2.4339,1.9338,2.3725,2.2727
9.4558,8.078,10.442,9.3611,10.682,9.8209,9.4669,8.1883,9.6459,9.4172
60.321,35.348,39.898,42.902,54.333,42.937,38.373,41.328,41.946,44.285
-25.202,-15.928,-16.667,-17.438,-24.707,-16.854,-20.138,-18.926,-18.401,-17.463
-39.783,-42.312,-39.475,-39.711,-41.045,-39.107,-39.917,-36.761,-37.056,-38.612
3.9797,3.6976,5.5983,4.1596,3.9919,4.5073,4.9287,3.7735,5.3595,3.6954
60.326,64.301,62.06,64.552,61.928,63.451,66.593,61.29,63.358,61.493
16.975,18.274,15.962,14.883,18.019,16.271,15.801,15.249,16.186,14.121
121,110,102,103,108,103,108,93,109,97
17,9,12,17,13,16,13,2,7,12
8234.7,5975.3,6297.6,6447.9,5295.2,6887.7,4881.2,4926.6,6217.2,7372.1
1.664e+08,9.285e+07,9.8488e+07,8.7072e+07,6.7562e+07,1.019e+08,6.4461e+07,6.3105e+07,8.6736e+07,8.9675e+07
0.44676,0.40991,0.40525,0.41171,0.34611,0.4398,0.2915,0.34658,0.38804,0.44999
6519,5499,7804,1116.3,1139.6,7617.8,1170.7,1074.3,4101.6,7400.3
