13419,13969,13838,13738,14490,13140,13479,14439,15617,14008
15029,14950,15075,15776,15825,15374,15867,15683,14767,14939
2375,2322,2625,2250,2369,2422,2610,2245,2297,2167
536,1017,542,1220,1285,1371,490,1212,1011,426
0.77432,0.56202,0.79352,0.45778,0.45758,0.43394,0.81226,0.46013,0.55986,0.80341
16234,15291,16086,16036,16632,17377,17128,16731,16483,17923
1.123,1.032,1.0683,1.3311,1.0078,1.2329,1.2152,1.3102,1.3157,1.2826
4,33,4,50,52,53,4,50,35,3
4058.5,463.36,4021.5,320.72,319.85,327.87,4282,334.62,470.94,5974.3
0.95859,0.99246,0.98477,0.99111,0.99351,0.96073,0.98456,0.99006,0.99295,0.9813
0.9747,0.98524,0.96716,0.9606,0.95406,0.95704,0.97987,0.96128,0.96073,0.95547
5.9132,5.6485,5.8174,5.4727,6.1486,5.6112,5.8433,5.6562,5.2778,5.424
9,11,10,10,10,11,13,11,12,10
16,16,20,16,18,16,18,15,16,14
241.61,274.13,302.7,260.43,295.28,261.13,299.9,315.72,233.01,299.71
241.61,274.13,302.7,260.43,295.28,261.13,299.9,315.72,233.01,299.71
52.532,48.99,49.144,46.704,51.806,54.693,51.492,53.622,46.613,56.933
1.5532,1.4465,1.3232,1.4167,1.5134,1.5055,1.4535,1.6328,1.4346,1.7267
6.3002,5.8274,5.5567,5.7516,5.9581,6.1428,6.1621,6.572,5.7208,7.1929
28.559,27.307,29.985,28.636,29.329,32.595,34.625,31.552,24.294,34.116
-11.782,-11.993,-12.557,-10.239,-12.692,-12.591,-15.661,-17.122,-12.531,-18.841
-16.399,-13.957,-14.081,-14.208,-20.632,-18.955,-15.842,-18.348,-15.776,-19.648
4.4378,4.2512,3.199,4.8452,5.2379,4.6243,3.9258,4.771,4.1597,4.1178
78.358,70.313,75.196,73.072,78.858,78.262,74.736,75.796,75.703,78.4
16.247,16.257,16.995,19.79,17.657,20.302,18.861,17.559,16.632,18.333
113,106,110,109,107,123,115,118,116,114
25,22,15,9,18,17,9,24,13,28
5245,3471.4,4671.4,3056,3400.2,2748,5545.3,2935.6,2966.7,4892.9
8.5148e+07,5.3081e+07,7.5145e+07,4.9006e+07,5.6551e+07,4.7753e+07,9.498e+07,4.9115e+07,4.8901e+07,8.7696e+07
0.36283,0.23429,0.31023,0.25367,0.20602,0.19498,0.39342,0.22988,0.23681,0.35015
3951.3,833.88,3575.3,624.52,708.79,650.69,3856.4,646.46,686.57,5034.2
