12487,10709,11917,12798,13401,12535,12660,12808,11890,14744
16823,17451,15788,15268,15369,11714,11184,11175,14290,15298
4890,4000,3985,3953,4026,3907,3979,3578,3782,4437
1245,965,1000,2232,2184,1146,1074,1952,992,1411
0.7454,0.75875,0.74906,0.43537,0.45753,0.70668,0.73008,0.45444,0.7377,0.68199
15093,15142,12511,12114,12958,12263,11816,11419,10277,12312
1.2784,1.4448,1.1937,1.0585,1.0443,1.2264,1.154,1.3736,1.1848,1.7034
5,6,8,85,92,4,6,80,7,4
3018.6,2523.7,1563.9,142.52,140.85,3065.8,1969.3,142.74,1468.1,3078
1.003,0.99869,0.98519,0.99873,1.0461,1.0157,1.0068,1.0243,1.019,1.0052
0.96472,0.99741,0.99719,0.9902,0.96492,1.0105,0.99287,1.0321,1.0149,0.97973
11.426,11.061,12.753,13.23,12.829,13.334,12.245,11.446,11.925,9.8988
28,25,25,27,25,25,25,25,25,25
30,35,31,31,31,27,25,27,27,29
308.73,450.45,312.23,285.18,351.84,294.24,252.84,207.81,308.31,249.09
308.73,450.45,312.23,285.18,351.84,294.24,252.84,207.81,308.31,249.09
44.012,51.655,48.013,47.54,55.887,50.56,41.184,36.967,40.972,39.787
1.3274,1.4712,1.5779,1.5973,1.4096,1.7825,1.3632,1.2777,1.3573,1.3309
5.6282,6.4314,6.3086,6.0965,6.3191,7.0884,5.4687,4.9525,5.5737,5.1359
32.947,46.574,34.911,22.734,31.772,41.496,31.255,18.532,31.203,24.103
-17.409,-20.786,-14.004,-12.477,-17.941,-17.13,-10.746,-9.0594,-16.637,-11.735
-30.245,-36.862,-39.087,-39.834,-41.016,-38.129,-33.617,-28.89,-32.673,-35.189
4.6721,5.8988,3.2267,3.2326,2.2665,2.82,5.2214,3.9735,4.4343,3.533
55.713,51.951,51.997,50.724,50.298,51.193,47.768,51.976,52.121,59.785
13.629,12.834,13.103,11.881,13.556,12.221,13.431,11.563,14.917,13.081
86,98,90,90,77,96,79,84,96,96
9,18,10,2,8,15,2,10,3,17
3444,3769.8,4496.6,3406.3,3164.7,4320.4,4176.1,3260.1,4123.7,2347.7
5.1981e+07,5.7083e+07,5.6258e+07,4.1264e+07,4.1008e+07,5.2981e+07,4.9345e+07,3.7227e+07,4.238e+07,2.8905e+07
0.29172,0.35972,0.42903,0.29763,0.25505,0.43208,0.40786,0.39217,0.47541,0.32481
7557.3,3992.1,2760.2,668.27,671.4,6029.2,4701.2,608.66,2447.5,3784.5
