15158,16576,15954,16763,15943,15732,15068,16098,16247,15854
15844,16222,16397,16622,16014,16926,17464,16993,17542,17914
3557,3640,3682,3603,3704,3687,3510,3807,3714,3901
1610,1200,235,1575,1680,1706,1099,215,204,137
0.54737,0.67033,0.93618,0.56286,0.54644,0.53729,0.68689,0.94353,0.94507,0.96488
15589,16880,16135,16880,15142,14150,13504,14348,13206,13206
1.422,1.3218,1.8348,1.7737,1.5711,1.382,1.5789,1.3382,1.3703,1.218
93,65,4,100,96,100,56,4,4,4
167.62,259.69,4033.8,168.8,157.73,141.5,241.14,3587,3301.5,3301.5
0.99251,1.0176,1.0031,1.0124,0.9852,1.0095,1.0028,1.0034,0.99824,0.99724
0.97906,0.96096,0.96867,0.93709,0.97409,0.95024,0.94608,0.94224,0.941,0.96723
6.5021,6.53,6.2773,6.1282,6.8543,6.8739,6.8335,7.0233,7.3369,7.8015
28,28,28,26,26,26,25,28,24,27
26,30,26,28,26,24,25,26,26,27
278.21,356.58,226.67,221.58,159.03,182.51,186.36,212.52,181.2,206.64
278.21,356.58,226.67,221.58,159.03,182.51,186.36,212.52,181.2,206.64
36.951,41.934,34.438,35.846,33.322,33.037,32.141,32.57,30.578,32.415
0.90564,1.1352,0.93359,1.0219,0.96745,0.89428,0.92673,0.88678,0.88039,1.0177
4.4644,5.3759,4.1908,4.4364,4.2066,3.8209,4.1156,4.0329,3.6471,4.2166
26.911,37.006,21.769,26.26,18.651,20.472,19.39,20.839,19.055,25.729
-18.279,-21.92,-10.631,-9.7052,-8.3265,-7.8443,-9.0512,-9.7214,-8.2757,-9.5418
-36.796,-38.205,-41.891,-38.581,-38.452,-44.374,-42.98,-42.464,-44.154,-43.731
4.0046,3.6441,3.9292,4.3058,3.5553,3.0479,3.4519,3.2353,2.7865,2.6817
56.54,58.427,59.16,61.123,57.542,57.986,57.265,58.772,60.552,60.016
13.463,12.531,12.785,13.814,12.723,11.054,11.148,12.34,14.127,13.391
97,95,117,126,98,102,92,99,98,106
6,10,22,16,15,22,15,15,11,14
2729.3,3142,2587.8,2288.5,2300.6,2247.6,2322.1,3084.7,2918.1,3303.9
4.2547e+07,5.3037e+07,4.1754e+07,3.863e+07,3.4836e+07,3.1804e+07,3.1358e+07,4.426e+07,3.8536e+07,4.3631e+07
0.24896,0.24605,0.29427,0.24046,0.23871,0.21951,0.2715,0.2877,0.3028,0.30473
310.13,344.17,729.78,286.99,300.37,291.99,345.38,774.13,764.06,590.82
