14525,13215,14532,14867,15670,17531,15225,13965,15689,17316
14174,15196,14783,13576,15328,14668,14567,15294,14547,15240
6916,4666,5401,5682,4994,5109,4775,4110,4812,5041
3582,2804,3115,2635,2118,2023,2262,1022,2128,1040
0.48207,0.39906,0.42325,0.53625,0.57589,0.60403,0.52628,0.75134,0.55777,0.79369
16433,16085,16434,15838,14448,17228,17426,14497,15638,18866
1.156,1.1511,1.1182,0.98845,0.92255,0.94086,1.1302,0.77636,0.95453,1.1864
165,104,123,82,80,78,72,13,72,11
99.594,154.66,133.61,193.15,180.6,220.87,242.03,1115.2,217.19,1715.1
0.97668,0.98232,0.9915,1.007,0.98961,0.99144,0.97354,0.97495,0.99302,0.98273
1.0306,1.0035,1.0002,0.98904,0.98483,0.97453,0.99592,0.99149,0.96365,0.97209
6.8475,6.4053,7.3364,6.5664,6.6804,6.8858,7.0995,7.6529,7.2075,6.0909
36,38,36,38,36,36,36,36,36,37
35,39,35,39,37,34,37,33,34,35
156.14,152.68,175.47,175.74,186.36,170.76,201.61,190.84,178.82,160.48
156.14,152.68,175.47,175.74,186.36,170.76,201.61,190.84,178.82,160.48
17.429,22.272,23.146,19.281,21.587,23.804,26.181,25.453,25.201,21.454
0.48661,0.63371,0.70032,0.54007,0.57171,0.72069,0.77812,0.73075,0.78074,0.69126
2.47,2.8757,3.1599,2.5824,2.7899,3.2091,3.4591,3.2747,3.4873,3.109
18.18,13.363,20.672,20.151,16.864,19.559,22.171,16.476,18.259,19.074
-8.8878,-6.1052,-9.7639,-8.1005,-8.6605,-8.8129,-8.7124,-8.7053,-8.1218,-8.4043
-34.969,-30.482,-29.787,-30.831,-29.09,-30.825,-31.474,-27.028,-32.566,-29.527
2.8501,1.3815,0.76798,3.1871,2.7781,4.2135,2.6273,2.714,2.8774,3.8445
70.493,59.408,57.727,71.833,65.949,64.012,63.19,54.857,56.286,54.194
11.263,12.926,16.394,16.021,14.831,14.429,14.279,12.37,13.307,15.297
108,93,128,144,99,106,101,84,89,92
31,16,7,22,11,17,7,8,20,0
1137.4,1158.6,1776.9,1255.1,1603.7,1842,1545.2,1936.5,1523.8,1670.9
1.8691e+07,1.8637e+07,2.9202e+07,1.9878e+07,2.317e+07,3.1734e+07,2.6927e+07,2.8073e+07,2.3829e+07,3.1524e+07
0.080014,0.082914,0.1209,0.078329,0.1024,0.1006,0.10022,0.10371,0.09301,0.10508
302.43,515.57,492.72,522.43,511.03,617.48,772.8,3146.1,649.37,3156
