12742,13314,15463,13326,13652,13299,14258,14034,14322,12421
17188,16154,17007,16454,16026,16363,16344,16769,17055,16439
2797,2745,2719,2735,2900,2782,2781,2797,2797,2807
1298,361,287,1326,1364,1326,1386,303,261,943
0.53593,0.86849,0.89445,0.51517,0.52966,0.52336,0.50162,0.89167,0.90669,0.66405
22937,23582,22143,23532,25072,24129,25171,25518,24525,25568
2.4409,2.7572,2.4841,2.6396,2.851,2.8211,2.8623,3.07,3.1322,3.1211
73,6,6,73,75,75,73,6,5,47
314.21,3930.3,3690.5,322.36,334.29,321.72,344.81,4253,4905,544
1.009,1.0044,0.99926,0.99938,1.0041,1.0031,0.99851,1.0039,0.99844,1.0021
1.0133,1.0411,1.0504,1.0389,0.97757,0.99529,1.0175,0.97812,1.0425,1.0099
3.0919,3.0005,3.2036,3.023,2.8177,2.9208,3.0056,2.7893,2.9293,2.8172
12,9,11,9,7,7,9,6,9,11
24,24,22,24,22,22,24,23,22,24
182.53,176.91,183.69,142.68,204.37,142.68,149.96,161.99,176.6,149.02
182.53,176.91,183.69,142.68,204.37,142.68,149.96,161.99,176.6,149.02
27.796,29.212,28.23,26.437,26.844,27.65,28.891,28.482,27.828,26.151
0.80669,0.95814,0.78541,0.82203,0.92299,0.87097,0.95571,0.88159,0.87034,0.81969
3.5543,3.6938,3.123,3.3065,3.4783,3.4906,3.6579,3.3897,3.5566,3.2489
18.774,17.122,14.527,17.799,22.85,13.202,12.871,13.574,18.32,14.108
-8.3191,-7.9981,-7.9431,-7.45,-8.2753,-5.8214,-7.3311,-6.5184,-8.3192,-8.3562
-9.206,-11.058,-7.0935,-9.2104,-7.3446,-4.6322,-10.84,-8.7342,-8.174,-3.615
10.117,10.057,9.9921,10.564,10.82,10.384,11.251,11.281,10.607,11.447
75.254,74.518,73.052,74.68,75.354,76.893,74.542,76.144,76.873,78.736
12.851,13.359,13.014,13.283,12.514,13.371,13.87,12.859,14.191,13.653
105,106,114,117,106,105,112,105,109,112
30,31,34,35,42,33,30,10,18,16
625.37,1111.9,1105.3,636.74,676.35,600.11,831.55,939.95,911.65,649.56
1.4344e+07,2.6221e+07,2.4474e+07,1.4984e+07,1.6957e+07,1.448e+07,2.0931e+07,2.3986e+07,2.2358e+07,1.6608e+07
0.06655,0.13,0.12399,0.071424,0.07691,0.070164,0.094559,0.11308,0.11643,0.079292
340.26,1990.4,1842.7,367.31,313.09,334.73,375.18,1702.2,2179.4,425.56
