16806,16460,15712,16343,15879,16639,15486,15837,15888,16334
14159,13969,14405,13768,14030,15102,13795,14156,14023,14952
2354,2297,2125,2234,2500,2213,2672,2296,2292,2166
371,308,744,988,1353,583,1028,963,293,271
0.8424,0.86591,0.64988,0.55774,0.4588,0.73656,0.61527,0.58057,0.87216,0.87488
8440,8390,6951,8093,6752,7596,9830,7249,6852,7447
1.0947,0.98083,0.88774,0.93313,0.78943,1.0509,1.2179,0.84754,0.87498,0.96589
6,6,40,38,63,7,40,43,4,4
1406.7,1398.3,173.78,212.97,107.17,1085.1,245.75,168.58,1713,1861.8
1.0013,1.0019,1.0017,1.0057,1.0012,0.9937,0.99952,0.99231,1.0014,1.0107
1.0072,1.0073,1.0122,1.0251,1.0131,1.0328,1.0376,1.0183,1.0166,1.0192
8.3969,8.9817,9.242,8.2949,10.913,7.7563,8.6181,10.192,10.039,8.2578
20,23,21,20,21,20,23,22,21,21
19,21,19,21,22,19,21,19,20,19
233.23,223.5,186.38,210,191.38,186.38,255.36,223.66,243.03,183.1
233.23,223.5,186.38,210,191.38,186.38,255.36,223.66,243.03,183.1
35.681,37.391,33.255,30.709,31.942,28.687,39.365,37.032,33.341,29.012
1.0979,0.8996,1.0166,1.0231,0.94621,0.70548,0.98916,1.1265,1.0498,0.78897
4.7076,4.0548,4.1089,4.1559,4.0773,3.1825,4.2898,4.7377,4.3238,3.5491
28.604,17.175,21.31,22.534,26.117,12.31,19.049,21.841,27.196,17.132
-10.221,-10.467,-8.2601,-8.7567,-9.405,-8.6358,-10.638,-9.9703,-10.251,-6.6908
-26.912,-24.005,-26.786,-23.897,-32.222,-22.926,-28.628,-27.64,-26.989,-28.794
0.2801,-0.24553,0.48617,1.0078,-0.50652,-0.81914,-1.0444,0.40029,0.57996,1.8183
65.557,70.765,68.593,65.973,65.809,69.296,67.799,68.693,67.892,68.302
20.536,20.919,20.296,17.128,18.759,19.105,15.995,18.412,17.917,15.344
186,190,117,114,115,144,131,147,125,108
27,28,4,25,6,18,27,12,14,17
3599.9,4547.4,2920.9,2319.3,3296.4,2633.9,2940.5,3564.4,3986.5,2839.9
3.0383e+07,3.8153e+07,2.0303e+07,1.877e+07,2.2257e+07,2.0007e+07,2.8905e+07,2.5839e+07,2.7315e+07,2.1149e+07
0.46691,0.53161,0.37304,0.26741,0.38541,0.3644,0.36433,0.41675,0.50906,0.36834
2717.8,2704.9,512.4,770.77,493.7,2476.4,612.35,649.07,3472.4,3417.9
