11281,14563,15732,15161,13638,14808,11857,14071,13031,11516
13283,13186,13312,14729,13543,13975,13910,12624,13629,13064
1235,1229,1213,1307,1182,1250,1141,1181,1244,1151
42,530,505,563,489,0,476,517,405,0
0.96599,0.56876,0.58368,0.56924,0.58629,1,0.58282,0.56224,0.67444,1
11816,8341,7496,8987,8440,8043,8241,8738,8639,7993
0.75449,0.50539,0.45755,0.5406,0.55167,0.56107,0.56534,0.58495,0.56914,0.55759
3,35,33,37,32,1,31,34,26,1
3938.7,238.31,227.15,242.89,263.75,8043,265.84,257,332.27,7993
1.0271,1.0378,1.0359,1.0227,1.0585,1.0347,1.0578,1.0207,1.0506,1.0721
0.96468,1.0088,0.99321,1.0053,0.9885,1,0.99262,1.0213,0.99195,1.0135
4.855,7.0636,7.8339,7.0972,6.7218,6.8012,6.5137,6.031,5.7267,7.0719
9,8,7,8,7,8,7,7,8,7
10,8,8,10,8,8,6,10,10,8
317.13,362.35,402.01,486.8,342.94,362.63,343.83,388.58,338.89,320.84
317.13,362.35,402.01,486.8,342.94,362.63,343.83,388.58,338.89,320.84
57.197,61.197,68.239,71.36,68.269,60.459,59.58,60.745,58.263,61.379
1.4548,1.5182,1.7603,1.9227,1.9088,1.8032,1.6205,1.686,1.344,1.7573
6.1625,6.8782,7.5701,8.5,8.2386,7.2682,6.924,7.5254,6.4766,7.3557
25.553,31.939,33.944,45.995,33.132,38.77,35.082,53.432,34.17,29.741
-13.212,-15.567,-18.429,-22.694,-15.159,-15.972,-12.881,-15.269,-14.312,-18.687
-10.922,-27.511,-12.504,-28.476,8.6941,-13.652,-0.012863,-10.852,-0.70158,11.758
10.452,6.8272,6.8654,6.7852,7.1326,6.3104,8.0166,7.0873,6.5438,6.8172
70.508,70.444,75.61,70.727,73.342,75.632,73.991,72.252,74.552,71.284
12.888,13.181,13.22,13.147,13.156,13.053,14.468,13.371,14.79,14.661
111,101,105,102,113,112,121,107,118,116
47,42,49,44,44,40,43,46,50,39
1640.6,1373.6,1312,1557.8,1567,1531.7,585.36,996.92,900.97,2025
1.9385e+07,1.1457e+07,9.8347e+06,1.4e+07,1.3225e+07,1.2319e+07,4.824e+06,8.7111e+06,7.7835e+06,1.6186e+07
0.10476,0.083229,0.080082,0.093705,0.10242,0.10685,0.040157,0.066737,0.059356,0.14126
593.35,454.52,504.95,516.12,477.11,0,479.75,477.86,367.76,0
