11065,13075,13228,14461,13554,14970,14324,15391,14793,14049
14497,15129,14976,15153,15588,14946,14904,15541,15970,16837
4265,5891,5072,6000,4932,5110,4984,5610,4485,5266
2557,3676,2607,3643,1502,1835,1526,2356,1575,3211
0.40047,0.376,0.486,0.39283,0.69546,0.6409,0.69382,0.58004,0.64883,0.39024
7993,12362,8837,9384,7547,8887,8688,10823,8043,8341
1.3271,1.6824,1.2025,1.3667,1.3329,1.537,1.4422,1.5761,1.8046,1.4423
96,110,60,111,7,7,5,5,7,105
83.26,112.38,147.28,84.541,1078.1,1269.6,1737.6,2164.6,1149,79.438
0.98804,0.99023,0.98261,0.98629,0.98574,0.99088,0.99475,0.99157,0.99374,0.99143
1.0308,1.0136,1.0087,1.0174,0.99795,1.0082,1.0006,1.0145,1.0047,0.98928
8.6971,9.0777,9.6166,8.9128,9.8897,8.8804,9.3361,8.3267,8.3595,9.1788
30,39,35,39,35,33,34,34,32,35
29,36,30,37,33,33,33,33,28,35
177.47,304.52,211.42,215.56,159.64,258.19,176.51,237.48,169.16,215.56
177.47,304.52,211.42,215.56,159.64,258.19,176.51,237.48,169.16,215.56
26.602,38.279,30.387,28.504,24.963,30.738,27.751,37.092,25.194,29.951
0.74845,0.92826,0.72426,0.69228,0.66527,0.71653,0.80263,0.93428,0.73597,0.73463
3.0447,4.5266,3.2889,3.3471,3.002,3.4487,3.3029,4.0688,2.9954,3.2646
22.402,36.809,15.385,27.008,16.139,28.643,22.952,25.218,19.048,21.572
-7.8613,-13.488,-8.551,-11.607,-9.1428,-14.329,-9.6442,-11.923,-7.8975,-9.1313
-20.453,-27.253,-22.457,-24.021,-25.287,-23.83,-25.265,-25.81,-25.867,-24.804
0.81617,1.7303,0.66704,1.5292,0.049792,2.052,-0.19085,2.0949,0.64672,1.0047
40.092,63.784,59.813,58.146,62.839,65.561,70.196,69.526,65.086,65.215
11.874,14.562,13.863,12.676,12.019,14.476,13.918,16.094,14.004,14.839
77,112,104,98,99,101,110,128,108,113
6,16,17,12,16,7,9,8,20,15
2877.5,3219.5,3761.8,2736.4,2900.5,2875.8,2983.1,3235.1,2636.3,2420.6
2.3e+07,3.9799e+07,3.3243e+07,2.5679e+07,2.189e+07,2.5557e+07,2.5917e+07,3.5014e+07,2.1204e+07,2.019e+07
0.47775,0.43814,0.51188,0.39855,0.51228,0.49738,0.49521,0.47111,0.5915,0.41857
259.41,367.68,347.3,258.64,1340.2,1407.4,1583,1158.7,1279.8,259.53
