12610,14028,15446,15353,15846,16361,15440,14273,12763,15019
15649,15231,15225,14925,15944,14805,15581,14590,15923,14944
5604,3594,3703,3417,3187,3969,3453,4150,4182,3719
429,1718,1791,1622,1488,359,287,1348,1941,397
0.92345,0.52198,0.51634,0.52531,0.5331,0.90955,0.91688,0.67518,0.53587,0.89325
19908,20454,21498,20852,23185,21100,19908,19064,20604,20107
1.1397,1.2304,1.2307,1.3213,1.3554,1.0879,1.0801,0.9591,1.0964,1.1354
6,93,94,84,80,5,4,67,105,6
3318,219.94,228.7,248.24,289.81,4220,4977,284.54,196.23,3351.2
1.012,0.9876,0.97983,0.98286,0.99207,1.0471,1.0238,1.0071,1.0042,1.0127
0.97996,0.96863,0.97424,1.0269,0.99767,0.97815,0.99857,0.97935,0.98462,0.9972
8.3315,6.7175,6.9569,6.5901,6.4391,7.4824,7.1513,7.9628,7.661,7.5183
24,24,28,26,22,31,26,24,22,22
26,25,24,25,24,25,25,25,27,25
350.95,454.7,511,553.86,660.34,562.14,498.17,434.6,440.68,498.44
350.95,454.7,511,553.86,660.34,562.14,498.17,434.6,440.68,498.44
43.559,61.702,68.279,63.312,79.255,70.224,61.29,61.18,59.283,69.013
0.96913,1.2465,1.5222,1.2833,1.719,1.3426,1.4215,1.1656,1.1076,1.5806
4.8942,6.3825,7.7052,6.9388,8.8843,7.364,6.9284,6.1928,5.4939,7.9518
35.086,40.929,51.094,63.852,63.58,66.329,58.964,42.398,29.919,56.786
-18.982,-20.247,-22.498,-26.871,-29.148,-23.568,-21.105,-21.467,-21.087,-24.476
-15.041,-22.048,-19.477,-20.103,-18.974,-26.873,-23.23,-21.926,-14.266,-18.081
1.1322,1.5295,1.8747,2.237,0.99908,1.0646,2.0507,0.35452,1.2523,2.1298
64.372,57.813,58.834,60.343,61.202,62.575,66.458,62.904,64.282,66.749
13.264,12.417,12.592,14.171,13.312,12.132,15.166,13.27,14.597,14.336
111,95,88,106,115,99,115,112,119,102
18,17,16,9,15,19,17,13,6,1
4438.7,2573,2827.3,2003.7,2113.3,3713.6,4306.2,3545.8,3703.6,3807.7
8.8365e+07,5.2629e+07,6.0782e+07,4.1781e+07,4.8997e+07,7.8357e+07,8.5728e+07,6.7598e+07,7.6309e+07,7.6561e+07
0.2541,0.15478,0.16186,0.12697,0.12354,0.19147,0.23363,0.17839,0.19707,0.21501
3060.2,518.24,535.83,592.58,621,4338.6,5367.5,535.32,517.92,2982.7
