14403,13057,13234,14838,13050,13382,14806,15086,15090,15612
19914,20515,19463,19811,18769,16930,10828,14695,17541,18195
4510,4369,4463,4328,4156,6828,5109,4823,4969,4853
2150,2068,2600,2074,2392,4459,2803,1865,1663,2510
0.52328,0.52667,0.41743,0.52079,0.42445,0.34695,0.45136,0.61331,0.66533,0.48279
29838,28646,29838,29937,29440,29689,30533,29938,28895,30185
2.7831,2.8309,3.0207,2.994,3.0546,3.1196,3.5201,3.2275,2.7569,2.5832
68,65,94,68,94,66,53,10,8,71
438.79,440.71,317.43,440.25,313.19,449.83,576.09,2993.8,3611.9,425.14
0.98092,0.98224,0.9843,0.97949,0.97593,0.97083,1.0015,0.98012,0.9745,0.97378
1.0344,1.0231,1.0249,1.0368,1.0043,1.0834,1.0332,1.0082,1.0123,1.0588
4.8834,4.6414,4.4733,4.3178,4.6865,4.3232,3.9899,4.2556,4.9392,4.9743
28,29,28,31,27,26,26,27,28,31
33,31,33,32,33,34,30,32,33,34
178.25,214.1,156.16,193.01,219.74,180.4,174.44,210,180.21,192.83
178.25,214.1,156.16,193.01,219.74,180.4,174.44,210,180.21,192.83
29.977,29.42,26.24,28.034,31.064,25.767,26.438,30.976,28.125,32.869
0.94351,1.0195,0.93276,0.96781,1.1695,0.95731,0.86925,1.0521,1.1403,1.2051
3.801,3.9315,3.7421,3.838,4.4786,3.653,3.5102,4.2953,4.0423,4.516
14.742,20.454,13.531,21.988,24.935,20.017,17.836,23.977,19.84,19.443
-8.0029,-9.7952,-9.5537,-8.1456,-9.742,-7.8466,-7.844,-9.7466,-7.646,-12.173
-4.9819,-2.2542,-1.4384,-0.93978,0.83075,-1.5904,2.4816,-2.7195,-2.5742,-0.69471
9.0428,8.7233,8.3121,9.2074,8.9875,9.5102,9.8779,9.2333,9.122,8.7073
65.627,64.724,67.405,68.799,71.812,63.146,62.67,62.919,71.168,71.771
11.298,10.875,10.845,13.671,12.184,12.641,14.389,13.454,11.958,13.561
96,92,100,106,102,98,94,96,103,113
3,33,34,6,32,19,13,20,28,20
1941.9,1630.9,1326.6,1694.8,1595.9,1586.8,1436.8,1558.8,2835.4,1880
5.7941e+07,4.6718e+07,3.9584e+07,5.0737e+07,4.6983e+07,4.711e+07,4.387e+07,4.6669e+07,8.193e+07,5.6747e+07
0.18113,0.16117,0.1343,0.1695,0.16558,0.16673,0.16564,0.16805,0.27053,0.16089
879.99,888.06,695.18,766.8,696.07,820.66,888.97,3907.8,5813.3,901.78
