17538,16313,15835,15033,15584,17762,15837,15573,15788,16807
12824,13937,12099,14789,15058,14185,13231,13803,14373,12776
2869,2714,2510,2666,3172,2922,2932,2844,3016,2776
148,300,639,1188,1331,1440,186,65,89,42
0.94841,0.88946,0.74542,0.55439,0.58039,0.50719,0.93656,0.97714,0.97049,0.98487
14298,15092,14596,12809,16681,18468,17674,18220,18568,16731
0.97285,1.1493,0.98502,0.92457,1.1258,1.095,1.0331,1.0359,1.0414,1.0364
6,11,40,74,85,86,7,4,4,3
2383,1372,364.9,173.09,196.25,214.74,2524.9,4555,4642,5577
0.96704,0.97693,0.96824,1.0078,0.98772,0.98493,0.95481,0.96406,0.98305,0.9596
1.0131,1.0106,1.0088,1.001,0.99578,1.0276,1.0292,1.0228,1.003,1.0221
7.499,7.4123,7.8333,9.846,7.8794,7.4048,7.5091,7.4635,7.7908,8.0046
16,24,18,25,29,23,21,23,27,20
26,25,26,29,30,27,27,27,26,27
269.42,266.26,270.96,240.85,262.95,269.71,268.87,275.61,284.89,275.86
269.42,266.26,270.96,240.85,262.95,269.71,268.87,275.61,284.89,275.86
39.06,47.072,49.315,45.219,45.075,51.3,50.629,52.148,54.214,49.55
1.1587,1.3927,1.4663,1.7093,1.5298,1.571,1.6238,1.6908,1.5485,1.599
4.9287,5.9337,6.223,6.5977,5.6914,6.1526,6.3466,6.5083,6.2655,6.0648
27.837,26.626,26.43,40.628,29.375,28.644,28.029,27.58,29.878,32.144
-13.363,-13.717,-14.581,-12.791,-11.942,-13.894,-14.966,-14.635,-12.416,-12.9
-11.043,-21.458,-15.848,-21.824,-26.005,-20.058,-19.926,-20.409,-24.753,-21.031
-2.6319,-1.5537,-2.1884,-3.0041,-0.70924,-2.2059,-1.4307,-1.9294,-1.2245,-1.5719
43.718,41.659,51.148,48.66,47.15,40.909,44.961,49.032,49.936,48.401
11.872,11.369,10.43,12.439,11.522,15.069,12.959,10.759,11.437,11.039
78,75,82,94,78,80,81,80,95,84
7,13,19,11,0,4,7,2,15,8
9081.9,6323.3,7306.9,6647,5858.2,6306.2,8486.3,8661.4,7718.3,10258
1.2985e+08,9.5431e+07,1.0665e+08,8.5142e+07,9.7721e+07,1.1646e+08,1.4999e+08,1.5781e+08,1.4331e+08,1.7163e+08
0.61794,0.48156,0.49311,0.47979,0.39537,0.37393,0.49607,0.49246,0.43291,0.63545
829.29,1038.6,450.68,529.62,396.66,559.03,760.1,469.81,1430.5,205.95
