13107,14401,14170,12844,14225,12373,12516,12931,14229,13276
17207,16933,17213,17058,17537,17383,17822,17049,17313,17458
4432,4375,4197,4328,4416,4500,4359,4500,4578,4453
2029,563,1512,1619,2206,2193,598,1576,612,1594
0.54219,0.87131,0.63974,0.62592,0.50045,0.51267,0.86281,0.64978,0.86632,0.64204
22986,23384,23235,23284,22143,21348,20504,18865,22242,21100
1.7191,1.9411,2.1196,2.0133,2.1127,1.9912,1.9563,1.9098,2.198,2.1104
114,8,78,71,112,113,9,72,8,74
201.63,2923,297.88,327.94,197.71,188.92,2278.2,262.01,2780.2,285.14
0.99918,0.99514,1.0017,1.0087,1.0093,1.0037,1.0064,1.0065,1.0059,1.0106
1.0957,1.0737,1.0824,1.1002,1.0709,1.0867,1.0641,1.0827,1.1059,1.0804
7.1247,6.9508,6.7586,6.6606,6.4399,6.3298,6.6096,7.3104,6.7196,6.7799
38,40,40,36,40,41,42,42,42,41
39,37,37,40,40,41,39,38,39,41
253.35,288.45,331.16,306.02,274.92,257.7,262.81,219.22,256.25,249.78
253.35,288.45,331.16,306.02,274.92,257.7,262.81,219.22,256.25,249.78
40.149,41.014,40.75,41.055,38.162,34.585,34.189,33.221,37.584,35.17
1.2336,1.2166,1.1818,1.0902,1.1115,0.98935,0.95712,0.94332,1.0944,1.0301
4.9767,5.149,5.1486,5.0377,4.8156,4.2586,4.1195,4.0315,4.6202,4.4927
24.149,34.481,36.808,31.803,29.429,27.202,26.282,21.793,30.021,22.479
-12.735,-13.13,-15.449,-13.638,-12.759,-11.074,-11.899,-9.2027,-13.134,-13.379
-25.038,-28.945,-28.831,-24.262,-27.065,-22.969,-24.607,-27.833,-21.32,-26.042
4.0364,2.9751,2.6812,2.5986,3.1633,3.2466,2.8218,2.3097,2.3263,2.869
65.807,60.569,65.254,58.233,58.871,62.054,62.638,61.835,62.933,66.467
13.421,16.22,14.533,16.96,13.704,13.652,14.832,13.408,13.731,15.681
100,158,123,165,97,111,140,103,124,161
24,10,22,21,24,11,17,19,9,33
2485.8,2969.5,2183.5,2277.7,1741,1722.3,2212.9,2147.6,2298.4,1830.9
5.7138e+07,6.9438e+07,5.0733e+07,5.3033e+07,3.855e+07,3.6767e+07,4.5373e+07,4.0515e+07,5.1121e+07,3.8632e+07
0.18591,0.24649,0.19918,0.19694,0.16611,0.16065,0.21114,0.21742,0.22714,0.18312
495.53,4302.7,641.35,741.36,508.47,446.43,2902.7,556.76,3764.8,586.2
