11980,12215,13159,12492,12828,12680,11381,16176,10355,12264
15094,13898,14569,13985,13509,12928,13672,17006,17012,15798
2688,2635,2698,2656,2515,2532,2494,2453,2563,2578
385,364,1361,1052,857,262,1203,875,298,1264
0.85677,0.86186,0.49555,0.60392,0.65924,0.89652,0.51764,0.64329,0.88373,0.5097
18468,17227,17079,16136,17128,15788,17326,17426,16731,17724
1.6309,1.2436,1.432,1.3132,1.3165,1.4093,1.3441,1.4466,1.2077,1.5013
5,4,63,46,38,3,62,42,4,62
3693.6,4306.8,271.1,350.78,450.74,5262.7,279.45,414.9,4182.8,285.87
1.0258,0.99131,1.0026,0.99166,1.0092,0.98993,0.98394,1.0217,1.0001,1.0276
0.97867,1.0106,0.97919,0.97399,0.98001,1.0081,1.0102,1.009,1.0099,1.0016
6.3485,7.6353,7.0378,7.8452,7.2147,7.2536,7.4011,7.7542,8.4056,7.683
19,21,24,26,19,24,23,26,23,25
25,25,23,25,25,25,25,26,23,25
276.64,253.55,273.99,273.99,279.61,238.5,260.62,354.5,260.69,287.09
276.64,253.55,273.99,273.99,279.61,238.5,260.62,354.5,260.69,287.09
46.117,49.142,47.774,48.598,51.682,45.401,48.487,59.276,55.3,52.341
1.3187,1.6991,1.4706,1.5911,1.6495,1.4407,1.5795,1.87,1.8406,1.6695
5.9507,6.8599,6.2916,6.5348,6.7699,5.8518,6.6248,8.0574,7.419,6.6719
32.558,23.459,32.773,29.423,27.619,23.425,28.673,45.526,31.247,25.519
-14.573,-15.512,-13.236,-12.723,-17.871,-13.373,-14.76,-15.237,-19.357,-11.652
-26.567,-34.406,-31.591,-27.396,-28.54,-26.333,-29.912,-32.924,-35.069,-34.05
6.9729,6.6348,6.4212,6.7801,7.2974,6.2178,6.7994,7.3022,7.055,6.5619
61.145,55.511,57,56.328,60.097,53.148,52.31,57.514,57.73,55.035
12.79,12.326,14.109,11.584,13.058,12.7,14.002,11.46,13.269,13.538
105,85,94,88,102,82,90,95,98,90
21,18,12,9,19,10,14,17,29,15
1916.6,2698.1,1912.2,2061.9,2289.2,2766.1,2345.3,2590,3681.8,2009.8
3.5397e+07,4.6479e+07,3.2658e+07,3.327e+07,3.9209e+07,4.3672e+07,4.0635e+07,4.5133e+07,6.1601e+07,3.5622e+07
0.16926,0.19476,0.16032,0.1678,0.17596,0.24691,0.18195,0.21501,0.26576,0.17023
4354.4,6277,720.41,854.48,950.42,7963.6,813.93,972.83,5972.9,829.78
