12627,15457,13665,14908,17553,13919,16928,16213,14712,15362
17795,15891,15439,16063,16300,16330,16198,16908,15537,15428
1104,916,906,995,948,916,890,922,1000,979
462,374,368,0,407,21,213,411,0,398
0.58152,0.5917,0.59382,1,0.57068,0.97707,0.76067,0.55423,1,0.59346
25916,27108,29292,28299,28696,28398,27454,28845,27057,28547
2.5611,2.5571,2.7322,2.6396,2.2055,2.5903,2.1914,2.1768,2.3894,2.724
30,24,24,1,27,2,14,27,1,26
863.87,1129.5,1220.5,28299,1062.8,14199,1961,1068.3,27057,1098
1.0186,1.0358,1.0335,1.0701,1.0746,1.041,1.0215,1.0255,0.99245,1.0341
1.1772,1.1621,0.99484,1.4638,1.1671,0.93588,1.0556,0.89729,0.97989,0.88056
2.737,2.597,2.8071,2.7097,2.899,2.4043,2.5789,2.4691,2.8361,2.301
9,8,10,8,10,8,8,11,11,11
11,8,9,11,11,9,8,9,9,9
344.71,375.53,467.57,401.36,343.62,331.23,439.22,327.46,371.54,429.18
344.71,375.53,467.57,401.36,343.62,331.23,439.22,327.46,371.54,429.18
71.157,73.324,87.708,74.757,74.703,66.361,76.638,66.303,75.892,65.526
2.6749,2.6482,3.53,2.5545,3.1218,2.7276,3.0364,2.998,3.1903,2.4406
9.7429,9.2058,11.762,9.7168,10.633,9.4103,9.945,9.5789,10.165,8.8037
40.76,39.064,49.021,51.308,34.177,32.507,41.794,40.659,42.929,49.045
-20.018,-16.118,-20.216,-21.714,-15.52,-15.138,-11.862,-13.475,-14.181,-18.568
-15.807,-13.799,-23.265,-11.496,-22.178,-14.72,-10.306,-17.354,-19.771,-16.6
24.517,29.898,33.187,27.95,26.663,31.666,32.184,26.755,29.891,29.203
77.304,79.011,81.598,74.68,78.781,77.837,80.389,71.742,68.149,71.596
25.411,17.509,24.839,18.071,21.268,18.75,18.775,15.628,16.219,19.896
215,115,139,117,154,119,134,112,98,110
9,35,21,39,43,37,41,36,26,14
1376.3,1576.6,1964.8,2364.9,2421.5,2085,2351,1607.8,2824.7,1113.3
3.5668e+07,4.2739e+07,5.7554e+07,6.6924e+07,6.9488e+07,5.9209e+07,6.4543e+07,4.6376e+07,7.6429e+07,3.1781e+07
0.13601,0.14872,0.18327,0.22058,0.18611,0.19018,0.18766,0.12133,0.24945,0.10623
619.87,850.69,879.02,0,929.3,232.05,796.47,868.59,0,654.54
