13501,7966.8,15058,13242,14056,12785,13056,13430,12584,12242
16937,14202,15566,16191,15820,16044,15298,16285,16310,15610
1921,1766,1823,1890,1822,1844,1760,1782,1844,1781
600,99,798,501,791,62,761,83,42,774
0.68766,0.94394,0.56226,0.73492,0.56586,0.96638,0.56761,0.95342,0.97722,0.56541
11369,12909,11617,10475,11965,12114,11568,11618,10823,9830
1.1651,1.4288,1.2524,1.0735,1.2733,1.306,1.2155,1.2208,1.0094,0.96005
31,3,48,32,48,2,48,3,3,48
366.74,4303,242.02,327.34,249.27,6057,241,3872.7,3607.7,204.79
0.99791,0.99211,0.99383,0.97332,0.98133,0.98964,0.99057,0.9857,0.98065,0.99294
1.0008,0.98278,0.9861,0.98778,0.98959,0.98789,0.99339,0.99648,0.98358,0.99522
9.573,8.0039,8.3001,9.9625,8.7567,8.7731,8.4609,9.0613,10.007,10.346
16,14,18,17,19,18,18,14,16,17
19,17,17,19,17,19,17,17,18,17
241.81,383.53,246.09,325.13,245.86,358.09,237.41,267.84,248.21,271.62
241.81,383.53,246.09,325.13,245.86,358.09,237.41,267.84,248.21,271.62
54.261,57.564,51.762,53.701,52.617,54.919,50.505,55.306,54.951,53
1.924,2.2626,1.8232,1.983,1.9655,2.0185,1.8808,2.2415,2.1989,1.9342
7.6079,8.2501,7.1766,7.5882,7.5511,7.4652,7.0664,8.0079,8.1911,7.5621
28.981,34.831,26.739,41.802,28.991,38.568,26.887,29.519,35.607,35.026
-11.797,-15.224,-13.59,-12.202,-14.149,-13.378,-13.843,-11.398,-13.498,-18.601
-25.289,-30.004,-37.361,-34.481,-29.577,-30.433,-28.883,-35.279,-31.812,-32.735
4.2586,6.0031,5.0652,4.9809,5.8851,6.6913,5.1407,3.8564,3.4326,4.7456
79.382,80.053,88.107,88.106,90.291,90.834,90.554,89.603,88.376,91.432
16.122,17.159,17.965,18.354,21.621,22.003,17.87,25.303,17.072,17.147
123,132,141,144,174,193,134,166,128,142
27,22,42,31,28,35,44,27,39,24
2370.6,2875.2,2079,2592.2,2128.5,2791.8,2098.6,3146.8,3011.4,2673.4
2.6952e+07,3.7116e+07,2.4152e+07,2.7154e+07,2.5467e+07,3.382e+07,2.4276e+07,3.656e+07,3.2592e+07,2.6279e+07
0.24294,0.31823,0.22413,0.26565,0.2265,0.30097,0.22051,0.33065,0.28086,0.2611
815.6,2613.6,583.85,585.13,656.45,4394.9,615.13,2895.4,452.36,646.33
