14565,14077,14857,13405,15985,14450,14101,14147,14472,14994
15789,15173,13935,15125,13678,15149,15245,15187,15313,15402
2619,2015,2047,1969,1890,1797,1922,1792,1994,2031
731,871,634,42,512,63,0,747,846,619
0.72089,0.56774,0.69028,0.97867,0.7291,0.96494,1,0.58315,0.57573,0.69522
24376,22837,22143,23731,26462,23831,22440,23433,23383,24228
2.4378,2.0605,2.3871,2.1183,2.5542,2.274,2.1168,1.8885,2.0219,2.1626
46,57,40,3,33,4,1,48,55,39
529.91,400.65,553.58,7910.3,801.88,5957.8,22440,488.19,425.15,621.23
1.0367,1.0259,1.0401,1.0246,1.0416,1.0534,1.013,1.0491,1.0256,1.0557
0.97745,0.97924,1.0053,1.0472,1.0402,1.0926,1.081,1.0372,1.0358,1.0066
4.1931,4.4225,4.5795,5.0899,4.5144,4.7091,4.8763,4.345,5.0684,4.8758
16,16,11,12,12,13,14,13,12,15
16,18,18,18,16,16,16,14,15,16
230.02,303.71,341.49,386.43,341.68,424.63,322.54,441.36,321.94,396.14
230.02,303.71,341.49,386.43,341.68,424.63,322.54,441.36,321.94,396.14
42.34,51.732,55.231,63.348,66.955,66.339,61.129,66.14,62.615,65.508
1.3686,1.6237,1.8042,2.0414,1.9441,2.08,2.28,1.9493,1.9388,2.1934
5.2754,6.0848,6.6211,7.9205,7.9287,8.0241,7.765,7.5049,7.3583,8.2152
24.529,28.619,33.188,35.441,35.742,42.476,35.799,44.136,31.226,41.514
-9.8174,-13.845,-14.791,-21.089,-18.041,-22.987,-14.227,-19.873,-15.156,-16.651
7.787,-0.096295,6.004,-2.6755,4.0563,-3.1764,2.4338,7.9952,-0.27214,6.3838
3.296,4.2105,4.7389,3.9605,6.3478,5.5659,4.1281,6.3979,4.1532,5.4658
82.049,75.232,68.311,72.244,73.121,81.558,78.71,78.586,83.517,79.132
14.443,12.058,11.526,13.419,13.179,15.852,13.764,13.195,13.762,14.772
134,104,98,109,107,135,114,109,115,114
36,41,29,38,37,46,42,43,42,40
1134.9,1239.6,1052.2,2017.5,1387.1,1395.9,1970.8,1455.4,1412.4,1433.7
2.7665e+07,2.8308e+07,2.3298e+07,4.7878e+07,3.6706e+07,3.3266e+07,4.4225e+07,3.4104e+07,3.3026e+07,3.4737e+07
0.1135,0.11184,0.11343,0.18009,0.13389,0.1332,0.18591,0.1173,0.12213,0.12798
385.94,517.51,498.88,748.8,594.24,735.17,0,555.2,581.01,600.42
