14498,16236,16346,16805,15422,16955,16681,17150,17952,15060
15416,15234,14635,14295,14646,15013,14779,13866,14563,14305
2432,2494,2468,2407,2313,2557,2688,2640,2390,2563
351,1218,1211,303,1144,239,314,1302,798,1233
0.85567,0.51163,0.50932,0.87412,0.5054,0.90653,0.88318,0.50682,0.66611,0.51892
15688,20951,21546,22887,24178,24079,26412,26114,24327,24774
2.2453,2.3189,2.3535,2.2092,2.23,2.1041,2.2372,2.2819,2.1483,2.3639
6,64,64,4,61,3,5,69,36,64
2614.7,327.36,336.66,5721.8,396.36,8026.3,5282.4,378.46,675.75,387.09
0.9823,0.98273,0.974,0.98285,0.99305,0.98127,0.98194,0.95694,0.97291,0.97609
1.1294,1.1083,1.0781,1.1206,1.0879,1.0859,1.1097,1.1111,1.1336,1.1358
6.7959,6.2943,6.5577,6.7205,6.249,7.1172,6.1324,6.0156,6.8342,6.0638
17,17,19,19,17,21,18,18,18,16
21,21,22,21,22,25,21,22,24,24
337.6,355.67,306.17,366.38,417.69,430.8,387.96,407.71,373.04,413.59
337.6,355.67,306.17,366.38,417.69,430.8,387.96,407.71,373.04,413.59
47.888,54.258,58.038,63.538,68.107,68.343,66.047,65.166,70.122,62.841
1.5261,1.575,1.8714,2.2546,2.2592,2.1057,2.0279,1.866,2.2269,1.8864
6.1926,6.7411,7.0391,8.3994,8.8512,8.3596,8.1924,7.7837,8.6254,7.8512
36.74,45.7,24.663,41.766,44.818,32.127,37.799,42.523,33.308,44.753
-14.489,-15.851,-14.63,-14.937,-21.409,-22.113,-19.426,-17.32,-15.814,-18.47
-15.781,-17.269,-18.114,-17.62,-17.679,-17.399,-18.194,-17.536,-19.1,-15.68
5.5978,6.5706,5.8383,7.3721,4.9648,8.8124,5.2988,6.2638,6.785,4.6829
71.387,72.628,73.42,73.785,74.948,76.782,74.633,73.921,77.903,75.245
15.521,12.619,15.73,14.009,17.543,13.283,14.624,16.181,16.781,15.353
121,106,118,115,138,113,124,113,124,114
27,32,22,24,13,32,29,9,19,19
3047.9,2831.3,2869.5,4896.6,3207.1,4765.9,3781.6,3447,4297.7,2780.6
4.7815e+07,5.9319e+07,6.1826e+07,1.1207e+08,7.754e+07,1.1476e+08,9.9879e+07,9.0015e+07,1.0455e+08,6.8886e+07
0.43622,0.31337,0.31343,0.47265,0.2958,0.41646,0.32031,0.30121,0.37952,0.26532
2522.6,688.01,743.33,4438.5,821.18,6726.8,3692.6,774.23,935.25,825.88
