10252,9158.5,8174.8,9476.6,10077,11496,9312.3,9543.6,11942,10416
15142,16888,16100,17129,16836,16443,16647,15431,16839,15926
1344,900,1354,1135,1562,1478,1531,1141,1306,1782
497,417,654,569,583,730,544,596,661,161
0.63021,0.53667,0.51699,0.49868,0.62676,0.50609,0.64468,0.47765,0.49387,0.90965
26065,28448,24278,26065,27405,24376,22540,20256,17922,20851
2.5457,2.4096,2.3434,2.6711,2.556,2.7716,2.2545,2.026,1.6348,2.137
23,21,34,29,28,38,24,30,32,2
1133.3,1354.7,714.06,898.79,978.75,641.47,939.17,675.2,560.06,10426
0.96899,0.97118,0.93887,1.0019,1.0088,0.95432,1.0184,0.99336,0.99668,1.0282
1.0836,1.0437,1.0661,1.1149,1.0844,1.1084,1.1536,1.0915,1.0859,1.0951
3.5913,2.8796,3.986,3.1576,3.4197,3.2826,3.4465,3.3811,4.2498,3.7288
7,6,7,8,8,10,10,7,10,13
9,7,11,10,11,11,12,10,11,11
456.94,476.6,449.39,390.39,387.2,306.17,243.34,268.34,238.5,215.24
456.94,476.6,449.39,390.39,387.2,306.17,243.34,268.34,238.5,215.24
72.586,76.209,74.642,74.257,65.915,58.198,55.292,56.435,55.052,49.048
2.4734,3.3034,2.6121,2.6124,2.3383,1.9442,1.8549,2.1393,1.9971,1.4563
8.1932,11.435,9.8663,9.52,8.6455,7.2735,6.7584,7.3894,6.9715,5.6375
35.606,58.502,48.108,35.126,42.347,34.923,29.021,26.192,27.228,20.488
-18.317,-19.691,-20.837,-18.125,-19.323,-15.81,-10.989,-11.729,-11.92,-12.11
-10.389,-2.5411,-23.084,-7.884,-7.8487,-16.986,-6.1993,-4.9066,-9.5045,-4.3118
14.686,17.57,14.513,17.364,13.279,14.245,10.647,11.412,5.031,8.5308
56.504,61.519,55.122,57.891,60.086,57.391,54.167,53.39,53.789,59.043
15.713,13.527,13.879,13.011,14.65,12.801,14.248,16.106,13.275,13.742
107,90,93,91,97,85,97,85,83,98
19,22,7,28,24,16,9,10,3,32
1766.7,1780.8,1798.6,1343,1739.7,1449.9,1215.1,1175.8,2066.8,1680.1
4.605e+07,5.0659e+07,4.3666e+07,3.5004e+07,4.7676e+07,3.5343e+07,2.7388e+07,2.3817e+07,3.7041e+07,3.5033e+07
0.17255,0.15084,0.17361,0.13763,0.16225,0.16485,0.12153,0.1176,0.18852,0.1722
1011.2,1323.4,890.2,1003.3,967.91,731.09,735.77,873.55,892.25,5799.7
