14803,14273,15953,14676,15056,14963,14674,14356,14918,17723
12781,15147,15443,15427,15066,14064,15466,13600,13454,13069
4172,4157,4157,3750,4010,4047,4276,4088,3760,3776
1168,912,2426,2043,1740,780,830,2186,725,483
0.72004,0.78061,0.41641,0.4552,0.56608,0.80726,0.80589,0.46526,0.80718,0.87209
20951,21497,19909,14844,16781,13851,17376,17823,18916,19660
1.1672,0.99689,0.86074,0.69225,0.71803,0.54491,0.94271,1.0493,1.0263,0.9831
8,8,95,88,60,8,8,93,10,8
2618.9,2687.1,209.57,168.68,279.68,1731.4,2172,191.65,1891.6,2457.5
0.95746,0.9648,0.968,0.98592,0.97816,1.0546,0.98272,1.0026,0.95424,0.98135
0.96747,0.94627,0.95441,0.96584,0.97285,0.99495,0.95904,0.95926,0.96021,0.95277
9.3076,10.267,11.455,13.4,11.919,14.293,10.603,11.212,10.693,10.649
25,27,27,29,25,18,34,30,33,34
31,32,33,34,32,37,38,35,37,36
463.9,388.77,458.76,502.82,322.29,397.96,322.67,377.27,347.65,390.81
463.9,388.77,458.76,502.82,322.29,397.96,322.67,377.27,347.65,390.81
72.588,73.476,76.02,71.26,63.653,68.847,57.765,62.058,66.475,73.449
1.8841,1.932,2.1056,1.7282,1.8688,1.7525,1.4453,1.7403,1.7064,1.8839
8.5052,8.783,9.1511,8.307,7.6786,8.3529,6.5287,7.5216,7.8878,8.2859
52.433,41.707,41.219,63.935,38.86,42.363,30.289,40.329,40.648,40.085
-20.475,-20.022,-20.638,-20.756,-13.334,-17.499,-17.583,-17.231,-15.616,-17.184
-25.245,-26.277,-30.448,-21.965,-14.437,3.2421,-30.403,-30.088,-29.794,-32.531
6.3738,6.7787,6.1059,4.5108,4.5149,4.5392,3.6258,4.7225,3.8101,6.3354
46.974,56.581,54.155,53.374,57.028,56.991,62.489,66.185,65.759,63.421
16.707,16.225,16.121,13.045,14.505,13.274,14.725,16.886,15.807,18.462
96,116,92,99,94,91,123,115,103,112
2,13,14,14,14,7,22,24,15,3
5545.9,5236.1,4331.5,4924.1,6543.1,5594.9,4070.1,4247.3,4746.4,5782.5
1.1619e+08,1.1256e+08,8.6237e+07,7.3093e+07,1.098e+08,7.7495e+07,7.0723e+07,7.57e+07,8.9783e+07,1.1368e+08
0.30896,0.24282,0.18727,0.22964,0.27997,0.22011,0.22082,0.25005,0.25752,0.28915
4220.1,5300.9,1023.1,934.32,1066.9,4401.7,3810,790.43,3703,3430.7
