16052,17253,12915,13512,11714,16979,16734,13703,16633,13067
15648,15722,15204,11468,17111,16312,14792,15322,15333,24410
8182,8219,7296,7266,7657,7765,8516,3688,7344,7078
1423,1008,2635,1013,1068,2655,1263,355,814,3480
0.82608,0.87736,0.63884,0.86058,0.86052,0.65808,0.85169,0.90374,0.88916,0.50834
26214,27157,19760,18767,14001,29838,25916,20454,23334,17228
1.8287,1.513,1.2241,2.2257,1.3674,1.492,2.0489,1.4149,1.5251,2.0432
10,11,110,11,9,124,10,5,9,183
2621.4,2468.8,179.64,1706.1,1555.7,240.63,2591.6,4090.8,2592.7,94.142
0.98281,0.96125,0.9794,0.97346,0.98571,0.951,0.98351,0.96938,0.9691,0.98851
0.98031,0.98848,1.0059,0.91831,0.98944,0.96535,0.96271,0.98845,1.0137,0.92578
11.77,14.411,15.149,9.6505,13.706,15.677,9.5975,9.3184,12.787,8.7691
65,64,64,60,71,65,63,29,59,61
68,69,65,69,69,72,68,33,71,66
282.15,422.27,267.39,173.83,195.62,360.79,206.17,288.61,338.85,122.85
282.15,422.27,267.39,173.83,195.62,360.79,206.17,288.61,338.85,122.85
41.107,52.953,43.418,27.083,29.894,60.916,33.975,51.935,51.928,21.981
1.2836,1.6725,1.3941,0.73712,0.83296,1.8629,0.99839,1.7024,1.365,0.67708
5.0535,6.6931,5.6339,3.3265,3.8235,7.5439,4.1736,6.8932,6.0328,2.8969
31.146,46.989,27.214,16.779,21.577,33.722,21.175,31.707,39.296,13.908
-12.319,-19.108,-12.047,-8.0004,-11.144,-16.433,-9.2325,-14.051,-21.099,-6.2381
-27.214,-27.984,-34.788,-22.617,-37.052,-32.067,-26.018,-33.845,-29.18,-25.777
5.2464,4.4285,2.2828,4.1166,2.6571,5.7166,2.9866,3.3363,1.3795,1.8738
59.652,63.635,66.992,61.122,67.838,70.307,67.095,71.535,68.639,60.174
14.168,13.998,14.35,13.013,13.338,20.381,14.783,18.119,15.84,9.9345
106,112,122,103,107,205,128,147,154,93
13,12,22,6,7,20,13,11,14,9
5994.2,9421.3,6801.2,3269.4,3985.6,9815.9,5249.5,5671,7356.1,1848.8
1.5713e+08,2.5586e+08,1.3439e+08,6.1358e+07,5.5802e+07,2.9289e+08,1.3605e+08,1.1599e+08,1.7165e+08,3.1852e+07
0.41815,0.5249,0.42131,0.38774,0.38925,0.49084,0.41501,0.39229,0.48079,0.21926
6557.1,5894.1,811.7,3782.3,3642.6,1035.5,4704.5,6226.4,4876.3,331.03
