14055,16157,14505,14966,16932,15625,13255,15406,13793,13692
16926,16926,16385,17050,15750,15327,15124,15507,15100,15713
2953,3344,2557,2375,2359,2656,2704,2760,2531,2557
175,370,1133,1012,31,0,78,782,78,770
0.94074,0.88935,0.5569,0.57389,0.98686,1,0.97115,0.71667,0.96918,0.69887
13355,19015,15242,16086,17278,17923,19214,17228,17327,17872
1.4588,1.5627,1.3753,1.2717,1.3925,1.5029,1.6111,1.2435,1.2616,1.2061
5,4,70,62,2,1,2,44,2,42
2671,4753.8,217.74,259.45,8639,17923,9607,391.55,8663.5,425.52
1.01,1.0172,1.0084,1.0053,1.0295,1.0122,1.0199,1.0351,1.0251,1.0216
0.98862,1.0039,0.98106,0.99758,0.98522,1.0082,1.0243,0.97771,0.99966,0.98791
6.9443,6.663,7.8853,7.7648,7.1871,6.6143,7.0257,7.5933,7.1122,7.8384
18,19,17,19,21,19,17,18,19,20
21,26,22,21,24,24,22,24,23,22
279.03,283.89,321.29,287.27,222.4,243.34,246.61,322.54,222.45,299.87
279.03,283.89,321.29,287.27,222.4,243.34,246.61,322.54,222.45,299.87
38.287,43.368,46.807,50.814,48.437,40.678,47.721,50.363,47.161,52.666
1.1572,1.375,1.7018,1.7558,1.5966,1.4714,1.7369,1.6012,1.8118,1.8472
5.219,5.4891,6.626,6.9833,6.3784,5.8205,6.823,6.4701,6.6174,7.1961
34.115,30.088,35.759,32.545,27.339,26.641,29.058,31.45,24.375,34.917
-16.232,-12.786,-13.44,-14.366,-10.049,-14.109,-19.94,-14.648,-11.128,-13.448
-5.5158,-4.2409,-8.878,-13.607,-12.196,-8.0403,-8.7568,-1.2844,-10.577,-9.295
3.646,5.3273,4.053,4.7474,8.3043,7.0974,5.1784,4.9557,4.813,5.1348
59.615,64.308,66.889,69.272,68.936,69.184,68.249,70.041,65.715,63.573
12.854,14.295,14.189,15.952,14.396,14.91,14.39,15.43,13.066,13.266
94,118,117,126,104,128,117,122,106,94
15,21,20,20,28,13,15,15,21,15
2297.2,2875,2270.9,2014.8,2304.1,2173.4,1911.5,1955.6,2230.1,2326.3
3.0679e+07,5.4668e+07,3.4612e+07,3.241e+07,3.9811e+07,3.8954e+07,3.6728e+07,3.3691e+07,3.864e+07,4.1575e+07
0.25092,0.23627,0.2049,0.15928,0.1857,0.18224,0.16028,0.14116,0.16238,0.15699
1379.9,1585,529.93,615.02,1348,0,5741.8,553.97,6378.3,691.89
