12569,13011,12243,11928,13055,14317,12855,11127,11208,10988
13113,13496,14035,13474,14020,14170,13900,13398,14109,14523
4275,4406,4953,4588,4400,4406,4406,4562,4291,4703
1301,106,2124,1980,1278,89,1301,1989,64,42
0.69567,0.97594,0.57117,0.56844,0.70955,0.9798,0.70472,0.56401,0.98509,0.99107
28001,25221,24029,24178,23929,25420,24972,24575,23036,26312
3.1412,3.1249,2.7324,2.9518,2.6841,2.7763,2.7277,2.3447,2.8972,2.7647
77,4,136,125,79,4,79,124,4,3
363.65,6305.2,176.68,193.42,302.9,6355,316.1,198.19,5759,8770.7
0.9735,0.98024,0.97406,0.96811,0.98329,0.98165,0.9713,0.9757,0.98074,0.96313
1.0752,1.0311,1.061,1.0397,1.1055,1.0433,1.0339,1.0226,1.0562,1.0449
2.8686,2.8304,3.0501,3.1579,3.0256,3.0466,3.1348,3.1108,2.975,3.2453
18,18,20,19,22,18,17,19,16,20
26,30,24,28,26,24,29,24,22,26
228.4,173.83,160.6,200.07,188.6,173.83,183.1,198.4,180.43,191.4
228.4,173.83,160.6,200.07,188.6,173.83,183.1,198.4,180.43,191.4
32.152,28.243,27.727,30.453,29.639,31.292,30.786,30.717,29.254,30.307
0.61719,0.46352,0.57441,0.65461,0.60957,0.62644,0.53417,0.57568,0.64214,0.52516
3.3239,2.8024,3.0704,3.4014,3.1975,3.4421,3.1883,3.34,3.3024,3.0219
24.82,12.92,19.221,19.604,19.84,19.971,16.88,20.201,20.052,20.014
-10.173,-8.4533,-7.1667,-8.2667,-8.2953,-10.552,-8.3796,-8.5211,-9.6799,-10.12
-7.4635,-7.0174,-8.0609,-8.0493,-7.9151,-3.1852,-6.8475,-4.6099,-5.5073,-7.421
6.8071,5.182,4.5007,4.4728,4.8225,4.8755,5.6139,4.9309,4.7981,4.511
62.511,68.675,70.211,68.86,75.269,70.253,70.132,68.216,66.524,70.469
15.103,14.383,13.55,12.439,16.925,14.427,15.184,12.613,11.876,14.36
104,104,110,110,119,156,140,99,101,126
9,18,18,18,21,19,15,21,18,10
1287.3,1016.9,991.46,998.26,1015.5,1473.2,1526.4,994.35,1084.7,1672.3
3.6047e+07,2.5648e+07,2.3824e+07,2.4136e+07,2.4299e+07,3.745e+07,3.8117e+07,2.4436e+07,2.4988e+07,4.4001e+07
0.14442,0.126,0.11274,0.12187,0.1139,0.1609,0.16673,0.094871,0.13643,0.17572
186.79,766.81,139.5,170.36,180.52,812.42,142.85,181.42,66,0
