14535,13729,14250,13799,14937,15467,15936,22452,12769,14836
16116,14863,15389,15354,15733,15850,15455,20467,13250,15225
2453,2760,2666,2619,2609,2750,2813,2718,2948,2416
63,64,758,752,662,1158,64,1164,240,0
0.97432,0.97681,0.71568,0.71287,0.74626,0.57891,0.97725,0.57174,0.91859,1
15738,15241,17575,16482,17575,17525,18717,12709,11766,14298
1.0796,1.1824,1.2686,1.1307,1.2057,1.3725,1.2735,1.0047,0.9391,1.3336
4,4,48,47,42,75,4,75,2,1
3934.5,3810.2,366.15,350.68,418.45,233.67,4679.2,169.45,5883,14298
0.96833,0.98377,0.98633,0.98858,1.0084,1.012,1.0065,1.0059,0.98854,0.99397
1.0271,1.1028,1.0353,1.0721,1.0345,1.0143,1.0668,1.0186,1.0168,1.0603
7.7735,8.9113,7.8506,8.0596,7.499,7.2972,7.0455,7.797,9.7775,7.5748
25,26,25,25,25,26,24,27,28,22
24,26,26,25,25,28,28,26,26,22
285.55,351.16,274.94,307.3,328.01,245.68,351.16,224.7,257.05,212.52
285.55,351.16,274.94,307.3,328.01,245.68,351.16,224.7,257.05,212.52
56.369,58.014,53.967,54.971,56.537,48.495,51.746,42.044,44.883,47.055
1.6723,1.8401,1.8277,1.694,1.7909,1.6144,1.5711,1.3095,1.3359,1.606
7.0736,7.9423,7.2167,7.2064,7.4105,6.1962,6.6068,5.6686,5.662,6.4163
27.135,39.083,32.921,36.748,39.692,24.621,38.951,25.304,28.094,23.868
-17.407,-20.609,-14.98,-14.993,-13.541,-12.741,-15.753,-11.934,-11.485,-12.581
-39.425,-41.904,-41.99,-40.029,-38.139,-38.973,-36.042,-37.344,-43.218,-38.503
7.4104,5.683,6.3967,6.1288,6.948,6.3609,6.809,5.65,5.6165,6.4298
64.992,73.522,73.955,77.49,78.05,78.23,80.329,56.507,73.37,72.325
12.599,20.279,14.89,16.696,13.646,14.864,16.472,12.504,12.108,12.312
101,177,119,165,136,123,138,89,106,104
24,22,30,37,45,31,39,11,47,39
3192.3,3812.5,3021.4,2958.9,3572.6,2644,3661.5,1818.8,3001.6,2819.5
5.024e+07,5.8106e+07,5.3101e+07,4.8769e+07,6.2788e+07,4.6337e+07,6.8533e+07,2.3115e+07,3.5317e+07,4.0313e+07
0.21899,0.29577,0.21809,0.20299,0.24508,0.20707,0.24913,0.14379,0.23957,0.26299
181.49,356.22,539.32,538.79,529.83,451.72,506.1,363.49,7537,0
