14842,13888,12793,13380,12140,14741,14542,14174,13411,15415
13366,12508,14670,13478,14629,14223,14322,12127,15798,16397
1953,2172,2125,2432,2656,2057,2234,2010,2056,2187
136,64,110,324,1213,898,1002,84,547,200
0.93036,0.97053,0.94824,0.86678,0.5433,0.56344,0.55148,0.95821,0.73395,0.90855
15987,15241,16185,14993,19263,12909,13454,18320,15788,13057
1.7015,1.4377,1.5995,1.4305,1.1757,1.246,1.1058,1.5207,1.1915,1.1654
3,4,4,3,70,54,60,2,31,5
5329,3810.2,4046.2,4997.7,275.19,239.06,224.23,9160,509.29,2611.4
1.0242,1.0075,1.0337,1.0393,1.0189,1.0188,1.0124,1.0053,1.0142,1.0045
0.95839,0.99554,0.93849,0.92915,1.0032,0.9645,0.99152,1.0256,0.93225,0.97978
5.4073,5.8103,5.7191,6.1733,6.1806,6.5398,7.0061,5.3617,6.2992,7.1781
16,22,21,22,24,19,21,17,22,22
18,18,20,19,22,17,17,16,17,18
298.69,325.3,339.91,263.85,406.16,262.84,287.39,380.12,344.8,314.44
298.69,325.3,339.91,263.85,406.16,262.84,287.39,380.12,344.8,314.44
53.023,52.629,58.425,50.928,64.476,47.484,52.786,65.234,59.737,54.123
1.4078,1.239,1.454,1.2952,1.5807,1.2264,1.3275,1.4607,1.4622,1.6273
5.9588,5.8589,6.7865,5.53,7.0441,5.3208,5.5616,7.0671,6.7437,6.978
26.047,29.093,37.596,20.646,39.267,20.464,22.361,37.995,28.346,34.468
-13.126,-17.12,-14.971,-14.219,-18.021,-12.372,-13.578,-16.819,-17.487,-16.426
-21.416,-25.642,-36.012,-26.51,-27.235,-28.046,-35.07,-24.538,-26.953,-27.358
7.7544,6.6469,7.5411,4.9022,3.4183,5.6296,5.3177,4.8811,5.4244,4.5087
62.292,58.399,58.81,56.514,54.706,53.174,59.498,57.299,62.51,55.131
12.563,13.11,11.891,11.432,13.577,12.38,12.186,12.742,14.133,13.934
114,93,99,88,86,83,86,84,94,93
31,17,19,11,13,8,23,17,21,7
1183.4,1708.1,1374.2,1791.5,1151.4,1507.4,1314.8,1710.1,1626.4,1878.7
1.8919e+07,2.6033e+07,2.2241e+07,2.686e+07,2.2179e+07,1.9458e+07,1.7689e+07,3.1329e+07,2.5677e+07,2.453e+07
0.12594,0.16112,0.1358,0.17093,0.070275,0.1455,0.10806,0.14195,0.12274,0.16768
1376.3,503.89,1821,1401.1,513.02,529.94,450.2,3976.3,587.8,1468.1
