15086,15807,16698,16796,14794,19384,15500,16132,17197,16424
15060,16057,15705,15926,16180,14794,16861,16145,15714,15615
2260,2166,2338,2343,2041,2510,2125,2234,2213,2125
365,880,386,846,777,1332,338,1133,318,1056
0.8385,0.59372,0.8349,0.63892,0.6193,0.46932,0.84094,0.49284,0.8563,0.50306
14398,15490,14150,13802,14249,12909,14845,13057,15043,14398
1.2073,0.91193,0.92484,1.005,0.87616,0.81178,0.98585,0.76869,0.86122,0.83
2,32,5,35,34,58,4,55,2,52
7199,484.06,2830,394.34,419.09,222.57,3711.2,237.4,7521.5,276.88
1.0094,1.0203,1.0459,1.0279,1.0265,0.98905,1.0084,1.0176,1.0292,1.0293
1.0158,1.0022,0.99518,0.99707,1.009,1.0219,0.98354,1.0006,1.0024,1.0061
8.0009,8.3406,8.8278,8.7838,9.2232,10.479,8.3551,9.8974,9.3209,9.9831
18,16,16,17,18,17,16,16,16,17
18,16,18,19,16,16,17,19,17,17
360.42,408.69,401,338.26,456.71,380.59,383.13,391.22,396,398.16
360.42,408.69,401,338.26,456.71,380.59,383.13,391.22,396,398.16
58.552,75.363,67.741,63.049,76.073,64.703,70.932,73.275,75.083,77.168
1.8035,2.3407,1.9547,1.8301,2.4127,1.7904,2.2073,2.2427,2.2269,2.4549
8.063,9.106,8.6081,7.8028,9.3207,7.4391,8.4956,9.0498,9.1433,9.225
36.027,40.359,40.239,39.322,44.512,34.629,42.216,42.248,33.946,42.149
-23.215,-20.022,-20.284,-15.062,-20.909,-23.241,-17.835,-17.265,-16.572,-19.787
-44.101,-52.179,-50.236,-51.229,-53.325,-51.848,-54.099,-53.612,-53.432,-53.101
13.631,16.153,12.296,10.876,14.278,11.935,14.373,12.991,13.707,13.727
57.349,60.48,53.632,56.005,59.072,54.923,54.589,54.556,56.094,48.926
12.321,14.957,11.55,15.803,12.798,13.499,10.96,13.194,14.08,12.07
96,114,92,134,96,98,84,87,109,84
7,23,19,24,24,30,29,0,7,10
1996.7,2085.4,2372.6,1885.4,1659.4,2010.9,1898.6,1710.6,2758.5,2070
2.8749e+07,3.2302e+07,3.3572e+07,2.6022e+07,2.3644e+07,2.5959e+07,2.8184e+07,2.2335e+07,4.1496e+07,2.9804e+07
0.16743,0.12277,0.15507,0.13729,0.10203,0.12646,0.12608,0.1007,0.15792,0.11933
12091,948.96,4803.8,828.93,1032.2,848.66,4324.8,845.46,12121,941.32
