12009,12489,10986,12346,11678,13305,13247,12314,13424,13394
15823,15583,15709,15203,15464,15966,16021,15819,15866,15606
3125,2968,2844,2603,3031,2984,2890,2828,2697,2906
1638,1581,491,1298,406,1555,1493,1467,1354,1208
0.47584,0.46732,0.82736,0.50134,0.86605,0.47889,0.48339,0.48126,0.49796,0.58431
20902,18320,18072,17227,17377,19213,17426,17128,17228,18171
4.1316,3.8024,3.5715,3.488,3.7958,4.6907,3.4446,4.4431,4.333,3.6791
75,70,6,62,3,72,70,70,64,40
278.69,261.71,3012,277.85,5792.3,266.85,248.94,244.69,269.19,454.27
0.97813,0.98002,0.98123,0.99392,0.98559,0.98036,0.97776,0.9841,0.98141,0.9852
1.0137,1.0024,1.0238,0.97282,1.0039,1.0007,0.99988,0.9895,0.99568,1.0087
3.182,3.5046,3.4479,3.4187,3.4307,3.3142,3.444,3.2877,3.3469,3.3818
20,19,20,17,19,19,19,17,19,19
25,24,27,25,29,23,26,23,23,25
198.4,120.5,111.81,160.48,113.34,111.81,127,89.432,127,126.81
198.4,120.5,111.81,160.48,113.34,111.81,127,89.432,127,126.81
24.522,23.486,22.401,25.163,19.918,20.305,21.835,18.317,22.946,23.566
0.65942,0.70629,0.73475,0.7641,0.51041,0.67111,0.70881,0.52805,0.74946,0.6725
2.999,3.1115,2.8887,3.5592,2.2288,2.6224,3.1675,2.2511,3.2264,3.0595
22.131,13.421,12.441,21.364,9.2149,13.441,15.708,10.92,15.41,12.844
-12.777,-5.714,-4.9898,-7.21,-4.6443,-4.9898,-9.6917,-5.2108,-5.5777,-5.5076
-5.3095,-5.196,-2.5688,-5.4064,-2.5019,-2.4904,-4.1168,-2.5037,-7.3803,-7.1121
7.5412,6.6347,6.3318,7.2745,6.5722,7.4322,7.4634,7.0316,7.3401,7.2903
77.932,79.47,79.443,83.969,86.555,82.706,84.667,84.856,83.681,84.132
10.084,11.687,10.687,9.7937,11.963,8.6445,8.9446,9.5697,11.411,9.8205
112,114,115,126,142,114,115,121,121,109
46,13,49,49,50,53,51,53,45,39
590.64,673.2,841.62,497.93,695.33,469.77,478.56,349.22,491.57,506.42
1.2346e+07,1.2333e+07,1.521e+07,8.5779e+06,1.2083e+07,9.0257e+06,8.3394e+06,5.9814e+06,8.4687e+06,9.2021e+06
0.11675,0.13973,0.16633,0.10082,0.15189,0.11469,0.094596,0.090589,0.12363,0.10253
385.38,390.37,2631.8,422.75,6901,402.65,370.25,361.54,370.25,515.44
