11867,13814,14743,13042,13912,15700,13866,15035,17058,18443
19124,20887,19267,18349,18454,18681,20261,19345,19082,19146
1266,1323,1463,1313,1281,1391,1229,1182,1166,1328
549,0,389,0,352,585,512,515,0,579
0.56635,1,0.73411,1,0.72521,0.57944,0.5834,0.5643,1,0.56401
13653,14745,16681,14249,15242,16433,14447,14993,17773,17923
1.6666,1.7001,1.4576,1.1711,1.205,1.2289,1.3628,1.1853,1.3788,1.2398
36,1,25,1,23,38,33,34,1,38
379.25,14745,667.24,14249,662.7,432.45,437.79,440.97,17773,471.66
0.97741,0.97589,0.94704,0.95864,0.95586,0.95901,0.94697,0.93082,0.94172,0.96077
1.0222,0.97929,0.99547,0.97471,1.0104,0.9933,0.98256,1.0035,1.0005,1.0248
3.5043,3.2622,3.6494,4.1033,3.7277,3.8487,4.1293,3.7047,3.6995,3.4779
10,15,15,11,11,11,11,10,12,13
13,11,16,14,12,14,14,14,14,14
186.36,193.83,268.86,276.41,328.59,245.66,254.63,273.94,293.46,313.84
186.36,193.83,268.86,276.41,328.59,245.66,254.63,273.94,293.46,313.84
38.935,38.877,48.1,48.82,49.275,48.448,51.572,52.463,58.956,55.4
1.2592,1.3175,1.3548,1.5932,1.593,1.4102,1.7512,1.4781,1.9613,1.5296
5.1585,5.2056,5.9909,6.3341,6.3258,5.8975,6.5817,6.7493,7.7961,6.8716
20.766,23.579,30.019,21.903,35.474,23.677,22.89,32.303,30.788,31.324
-9.8393,-9.8486,-14.23,-11.821,-14.31,-15.693,-11.077,-13.241,-14.089,-14.439
-11.042,-20.291,-19.294,-17.721,-10.626,-17.908,-17.338,-11.17,-21.44,-17.447
11.678,12.995,11.627,10.577,12.015,11.95,12.121,13.698,16.799,14.591
75.172,71.669,74.377,74.159,74.615,79.021,76.71,75.84,82.975,76.657
15.977,12.45,11.976,12.571,11.957,17.671,13.077,13.607,19.791,12.336
124,106,114,109,109,140,125,122,177,120
38,32,47,49,40,31,54,48,37,50
312.14,509.92,1043.7,1584.8,975.89,1194,1047.5,860.17,1294.5,751.76
4.2617e+06,7.5188e+06,1.741e+07,2.2582e+07,1.4875e+07,1.9621e+07,1.5133e+07,1.2897e+07,2.3007e+07,1.3474e+07
0.038104,0.058794,0.0912,0.13025,0.077152,0.08929,0.098808,0.068003,0.10043,0.052004
373.58,0,455.87,0,477.61,453.96,464.64,451.76,0,469.6
