12627,12805,13578,12612,12790,14542,14192,13887,13809,12711
15510,16217,14903,14528,14182,15143,13844,13836,13424,14672
1354,1110,1166,1141,1245,1140,1088,1109,1166,1182
622,549,349,115,608,366,109,533,561,580
0.54062,0.50541,0.70069,0.89921,0.51165,0.67895,0.89982,0.51939,0.51887,0.50931
15738,17029,15887,16235,15639,15936,16384,14844,15838,17078
1.1985,1.2735,1.1568,1.1046,1.0641,1.0754,0.95779,0.89942,0.95272,1.1162
34,30,18,2,34,19,2,28,31,30
462.88,567.63,882.61,8117.5,459.97,838.74,8192,530.14,510.9,569.27
0.98053,0.97503,0.98171,0.96461,0.96652,0.97429,0.96735,0.96348,0.96164,0.96855
1.0215,1.0715,1.0187,1.0332,1.0375,1.0368,1.0528,1.038,1.0508,1.0159
4.6396,4.3955,4.4139,4.8796,4.8967,4.6964,4.9889,5.7956,5.0796,4.675
8,10,10,8,9,9,6,9,9,8
14,11,13,12,11,12,12,12,11,11
281.65,341.06,286.62,362.63,342.94,434.82,386.55,401.85,351.55,321.27
281.65,341.06,286.62,362.63,342.94,434.82,386.55,401.85,351.55,321.27
54.079,65.684,53.279,69.109,59.703,69.983,79.626,75.72,69.919,69.225
2.0374,2.3779,1.8971,2.268,1.9455,2.0914,2.8534,2.1438,2.3204,2.4388
7.7441,9.1419,7.1823,9.4651,7.7936,9.2341,11.079,8.9243,9.1874,9.1389
31.449,36.346,31.619,45.951,26.758,50.811,47.782,30.803,39.396,30.981
-14.502,-19.622,-11.687,-14.707,-14.756,-19.174,-17.076,-18.495,-15.782,-13.68
-12.957,-15.515,-9.7964,-8.9001,-10.602,-6.5043,-9.3527,-16.573,-18.178,-16.166
13.053,19.376,15.098,16.977,14.306,15.349,16.716,15.75,14.51,15.611
75.984,76.569,79,76.962,71.104,74.467,78.97,76.723,75.981,75.308
16.276,13.596,16.029,13.541,14.667,14.651,16.02,15.485,16.135,14.546
116,106,116,111,98,111,124,114,118,111
32,40,28,41,36,33,49,38,40,41
1264,1013.9,1455.7,1659.6,950.44,1324.4,2393.5,1310.2,1752.7,1550.7
1.9893e+07,1.7267e+07,2.3127e+07,2.6944e+07,1.4864e+07,2.1105e+07,3.9215e+07,1.9449e+07,2.7759e+07,2.6483e+07
0.096263,0.075826,0.106,0.11292,0.064669,0.089375,0.13992,0.079387,0.10543,0.10135
740.77,828.57,781.78,8397.6,871.46,1088.7,6226.3,1037.1,921.9,916.48
