7795.8,9895.5,10695,14826,12801,14307,13606,17391,12175,16923
22428,22070,22534,21398,21100,20725,21415,19492,21689,22031
1438,1525,1526,1594,1640,1578,1510,1422,1432,1526
109,426,724,711,796,690,140,431,669,135
0.9242,0.72066,0.52556,0.55395,0.51463,0.56274,0.90728,0.69691,0.53282,0.91153
12263,14249,14348,15986,13305,13255,12809,15143,11567,15986
1.8849,2.3192,2.4815,2.2493,1.8107,1.9302,1.8333,1.6988,1.6273,2.3693
2,27,42,41,45,40,3,23,39,4
6131.5,527.74,341.62,389.9,295.67,331.38,4269.7,658.39,296.59,3996.5
0.9834,0.99267,0.98464,0.97991,0.98281,0.98547,0.98635,0.99531,0.98339,0.97743
1.0841,0.93692,1.0209,1.0419,1.0449,0.94475,0.97478,0.96148,0.99242,1.007
4.5091,3.1835,3.8443,4.0457,3.7214,3.9646,4.4736,3.6193,4.1841,3.7738
13,10,11,12,11,11,12,12,13,12
15,14,15,16,16,15,15,14,16,13
152,156.4,156.22,152,149.98,130.33,169.78,171.21,156.4,187.37
152,156.4,156.22,152,149.98,130.33,169.78,171.21,156.4,187.37
31.597,28.943,31.827,34.618,30.343,29.954,35.166,33.709,32.799,34.817
1.1782,1.1204,1.1421,1.3305,1.0797,0.97118,1.4148,1.0398,1.0688,1.147
4.4869,4.1172,4.5163,4.8365,4.2885,4.0775,5.356,4.8014,4.5344,4.7093
16.593,18.791,15.603,22.036,17.267,14.009,21.282,21.562,18.259,19.399
-6.228,-7.6579,-8.1518,-8.6429,-7.6547,-8.0333,-8.5649,-8.2044,-8.3339,-8.783
-10.674,-10.864,-3.2805,0.097234,-3.7087,-1.2763,-1.7507,-3.0363,-3.4996,-0.89823
10.609,10.838,10.883,12.283,9.9906,9.7614,10.658,12.406,10.295,12.411
67.237,73.474,73.736,74.412,73.209,72.948,69.407,70.593,72.103,72.146
13.963,14.942,15.477,16.439,16.352,17.513,18.223,12.497,17.771,14.769
100,107,123,115,102,136,112,102,126,112
28,30,35,28,14,21,6,40,32,13
809.48,435.25,383.73,631.5,417.28,290.96,525.81,480.71,171.96,463.58
9.9266e+06,6.2019e+06,5.5058e+06,1.0095e+07,5.5519e+06,3.8567e+06,6.7351e+06,7.2794e+06,1.989e+06,7.4107e+06
0.12442,0.070842,0.066367,0.088856,0.056788,0.042371,0.075255,0.053928,0.024192,0.068709
5873.4,317.65,470.47,545.82,398.11,400.33,2769.1,580.68,433.61,2420.1
