17175,21179,20422,19759,19657,20298,19031,21464,20022,19508
16844,17227,16227,13971,13891,16245,15773,15743,17305,16026
2062,2088,2250,2322,2390,2494,2354,2375,2297,2328
1002,356,1179,842,856,1250,1165,1246,334,1171
0.51406,0.8295,0.476,0.63738,0.64184,0.4988,0.5051,0.47537,0.85459,0.49699
19809,21050,20901,23185,21845,23383,23781,23234,24029,25171
1.7308,2.0559,1.6682,2.4058,1.9291,1.9411,1.7947,1.8724,1.918,2.223
53,5,54,38,36,65,60,64,4,59
373.75,4210,387.06,610.13,606.81,359.74,396.35,363.03,6007.2,426.63
0.99145,0.99946,0.99716,1.0056,1.0297,1.0128,1.0149,0.99998,1.019,1.0039
0.95689,0.94474,0.941,0.90627,0.96615,0.93246,0.94419,0.92124,0.95989,0.90849
4.6425,3.9532,4.4609,3.6718,4.2614,4.7364,4.7896,4.3085,4.5107,4.4584
13,14,15,15,14,15,14,14,16,15
17,17,17,18,19,19,17,16,18,19
237.48,258.49,232.35,220.39,220.81,248.07,284.19,238.73,271.62,240.68
237.48,258.49,232.35,220.39,220.81,248.07,284.19,238.73,271.62,240.68
38.964,38.889,36.331,35.376,36.652,43.187,48.203,42.795,46.395,43.239
1.3912,1.2955,1.2849,1.2107,1.144,1.4563,1.4606,1.3998,1.4503,1.446
5.2379,5.1908,4.9403,4.8664,4.7374,5.6964,6.1711,5.5542,5.7863,5.671
22.312,28.67,23.245,21.837,24.695,27.788,26.701,23.62,26.598,22.317
-11.561,-11.294,-10.315,-10.454,-9.3138,-11.077,-14.79,-11.124,-12.171,-12.57
-20.803,-17.803,-18.123,-21.561,-18.76,-25.244,-24.411,-16.89,-20.765,-27.826
-1.1099,-0.35558,-0.26266,3.7352,0.66737,1.1464,-0.60128,-0.90382,-0.19872,1.2105
76.757,71.267,69.948,68.348,69.147,71.224,76.18,72.9,71.215,71.879
18.193,15.278,17.314,19.821,19.996,20.931,24.384,21.047,18.168,20.959
125,111,121,115,118,133,151,133,107,143
32,20,17,4,4,6,20,13,7,14
1854.1,1823.8,1222.9,1052,938.34,1352.9,1291.4,1190.5,2097.9,1317.7
3.6728e+07,3.8391e+07,2.5561e+07,2.439e+07,2.0498e+07,3.1636e+07,3.0711e+07,2.7659e+07,5.041e+07,3.3168e+07
0.162,0.17812,0.097609,0.10916,0.082863,0.11231,0.097456,0.095936,0.16746,0.11637
661.5,3850.9,748.79,798.13,818.4,699.54,782.27,690.06,7666.6,813.02
