18642,17851,16718,17840,17674,17447,17749,17467,17379,16280
14029,15556,13966,13917,14385,14837,15655,15816,14727,15954
2385,2375,2401,2578,2682,2682,2593,2610,2698,2672
987,403,1255,401,470,516,1098,1351,1436,1393
0.58616,0.83032,0.4773,0.84445,0.82476,0.80761,0.57655,0.48238,0.46775,0.47867
27305,27355,27654,27405,29391,29093,28448,28100,29837,29739
2.1382,2.1025,2.0681,2.0131,2.1215,2.0295,2.1085,2.14,1.9974,2.0744
34,6,60,4,5,5,42,64,63,68
803.09,4559.2,460.9,6851.2,5878.2,5818.6,677.33,439.06,473.6,437.34
0.92348,0.91342,0.8966,0.91128,0.92283,0.93955,0.9519,0.91434,0.91019,0.93276
1.0912,1.1296,1.1308,1.1853,1.1548,1.1673,1.165,1.1125,1.1089,1.0802
5.243,5.7855,5.9162,6.4325,6.064,5.9375,6.6913,6.2596,6.3181,6.9842
20,18,19,23,22,22,20,22,25,22
18,16,17,24,22,22,20,21,22,18
284.01,322.22,354.82,436.86,406.16,325.26,364.16,345.26,370.37,406.16
284.01,322.22,354.82,436.86,406.16,325.26,364.16,345.26,370.37,406.16
65.694,73.892,73.447,76.237,74.96,72.271,80.841,75.764,81.491,82.161
2.084,2.3016,2.2279,2.3567,2.2906,2.1724,2.5959,2.4323,2.4067,2.5763
7.9651,8.8316,8.5192,9.6556,9.2408,8.5498,10.093,9.3097,9.5487,9.9614
31.863,32.487,39.349,44.453,40.616,32.529,32.806,34.479,39.55,47.504
-15.513,-13.993,-18.219,-19.332,-22.956,-15.964,-16.207,-21.907,-19.408,-17.28
-18.924,-18.431,-26.207,-28.508,-21.746,-23.793,-22.953,-25.805,-23.175,-25.506
20.404,19.189,23.465,19.799,18.336,18.969,20.872,19.827,18.813,18.525
59.356,69.902,70.801,69.61,71.947,74.379,69.867,70.489,80.875,77.333
14.333,14.906,17.04,16.695,16.651,17.144,19.384,18.733,22.774,19.463
103,117,117,111,127,150,150,158,161,150
15,29,28,17,25,33,15,18,12,25
6243.4,6602.5,5891,7158,6382.4,6569.9,6512.5,5737.1,5992.9,5443
1.7048e+08,1.8061e+08,1.6291e+08,1.9616e+08,1.8759e+08,1.9114e+08,1.8527e+08,1.6121e+08,1.7881e+08,1.6187e+08
0.48891,0.50746,0.44054,0.52582,0.46069,0.45831,0.4827,0.43692,0.40118,0.37967
1160.5,4843.8,1009.8,8966.8,6618,6101.3,1341.7,1030.4,1154.5,1164.6
