16045,17484,18331,16190,19548,17559,17342,15470,15879,17830
15509,15226,16732,17652,17324,16100,17853,19252,18044,19311
2635,1750,1672,1593,1557,2119,1687,1609,1719,1625
1334,748,448,707,674,1119,956,892,780,634
0.49374,0.57257,0.73206,0.55618,0.56712,0.47192,0.43331,0.44562,0.54625,0.60985
16235,18170,17972,22391,21100,17973,16780,20702,22738,20405
1.549,1.2067,1.1051,1.3277,1.068,1.7148,1.1608,1.1851,1.3017,1.2364
3,24,3,24,23,27,37,42,24,25
5411.7,757.08,5990.7,932.96,917.39,665.67,453.51,492.9,947.42,816.2
0.95354,0.95294,0.96943,0.96172,0.94807,0.95684,0.94985,0.94869,0.93438,0.95741
1.0873,1.0587,1.1187,1.1503,1.1405,1.0982,1.1148,1.0835,1.1136,1.1314
5.5761,6.0745,5.9474,5.6135,6.0626,4.9841,5.7065,5.524,5.1432,5.6649
12,16,14,14,16,15,14,13,14,14
11,14,12,12,12,13,12,13,11,12
467.22,401.7,486.25,506.26,629.75,457.08,406,465.24,579.17,430.81
467.22,401.7,486.25,506.26,629.75,457.08,406,465.24,579.17,430.81
75.428,78.589,86.549,100.57,109.8,73.953,76.762,81.915,95.881,86.304
2.1924,2.3452,2.6325,2.6042,3.0035,2.0797,2.4269,2.3694,2.6557,2.2514
9.3472,9.7996,11.043,10.244,12.625,9.1198,9.2577,9.1511,11.103,9.267
56.624,42.405,51.542,37.461,57.746,47.144,36.175,44.415,55.583,39.933
-20.004,-18.916,-25.992,-20.739,-30.326,-19.728,-18.81,-18.871,-27.137,-19.023
-6.5776,-11.979,-10.507,-9.2226,-9.5715,-6.7655,-3.1997,-12.707,-8.3858,-2.3997
12.577,13.819,18.29,19.235,18.566,15.999,17.938,16.282,19.864,16.095
61.462,56.416,55.76,57.817,56,59.582,59.385,53.493,57.427,57.19
17.664,15.626,15.592,16.314,15.937,15.914,14.72,18.189,16.621,16.807
110,94,92,103,100,106,95,108,105,111
18,11,0,17,22,18,27,4,4,13
3766.4,4255.3,5562.8,6112.7,7312.3,2229.9,3000.6,3560.3,3483.7,5988
6.1148e+07,7.7318e+07,9.9975e+07,1.3687e+08,1.5429e+08,4.0077e+07,5.035e+07,7.3706e+07,7.9213e+07,1.2218e+08
0.35936,0.28259,0.34205,0.36245,0.37013,0.21275,0.20757,0.20382,0.19944,0.36282
6655.2,1333,8873.1,1370,1897,1238.4,1049.3,1160,1813.4,1325.2
