15105,17828,15118,16060,16497,16344,17749,16676,16225,16652
16648,15973,15922,16742,16307,16161,15858,15769,16779,16496
1390,1437,1562,1479,1307,1297,1416,1328,1406,1406
685,468,796,297,554,523,750,750,584,553
0.50719,0.67432,0.4904,0.79919,0.57613,0.59676,0.47034,0.43524,0.58464,0.60669
28398,22937,22440,21448,18916,21001,19660,19363,17823,19213
1.7207,1.4759,1.5145,1.7119,1.3536,1.8159,1.9429,1.8265,1.4225,1.6613
35,27,40,2,21,22,35,30,18,19
811.37,849.52,561,10724,900.76,954.59,561.71,645.43,990.17,1011.2
1.0049,1.0057,1.0078,1.0116,0.99804,0.971,0.97933,1.0093,0.98907,0.98482
1.0332,1.0234,1.0244,1.0367,1.0033,1.0372,1.0067,1.0362,1.0289,1.0245
5.8989,7.0883,7.5849,7.0093,6.5428,6.4235,7.1964,6.3125,7.1607,6.9871
15,17,17,15,15,15,16,14,16,15
18,17,19,15,15,16,16,14,14,14
588.55,443.84,546.8,418.19,489.49,430.89,398.88,386.46,398.57,406.16
588.55,443.84,546.8,418.19,489.49,430.89,398.88,386.46,398.57,406.16
123.23,97.987,100.04,102.35,95.059,98.095,93.018,89.024,87.626,90.469
4.6774,3.3303,3.5186,3.7573,3.7706,4.0696,3.861,3.7455,3.4273,3.0263
17.029,14.045,14.695,15.122,13.471,15.015,13.612,12.996,12.788,12.766
74.149,49.855,58.637,51.67,53.098,52.881,45.092,43.806,41.231,48.277
-25.468,-24.89,-29.699,-20.913,-20.833,-22.976,-18.576,-18.218,-18.109,-19.182
-34.275,-40.92,-40.26,-39.745,-31.068,-29.85,-35.115,-36.51,-37.055,-38.745
13.916,29.103,28.038,34.463,30.871,37.17,28.428,36.046,33.013,29.88
64.8,58.957,67.174,67.694,66.178,66.736,64.083,61.75,65.564,65.789
15.759,18.575,16.509,16.17,17.908,15.809,14.857,14.18,16.332,16.887
110,105,111,103,111,113,99,90,103,107
22,0,17,23,15,37,33,28,33,27
2558.4,2851.2,3333.1,4320.5,3040.2,3044.9,3214,2604.2,3643.5,3513.7
7.2654e+07,6.5397e+07,7.4795e+07,9.2666e+07,5.7509e+07,6.3947e+07,6.3187e+07,5.0425e+07,6.4937e+07,6.7509e+07
0.15502,0.18346,0.22495,0.34484,0.21755,0.26329,0.31762,0.24566,0.2908,0.30382
1622.1,1794.3,1522.2,18384,1816.5,1811,1538.2,1610.9,2010.5,1868.8
