16551,16259,17888,16482,15912,17648,16433,17522,17737,16731
16783,17591,17436,16448,16745,17154,16964,16802,17020,17061
2578,2485,2594,3062,2484,2547,3422,2859,2760,2875
888,423,1272,1247,806,1274,1748,339,1347,146
0.65555,0.82978,0.50964,0.59275,0.67552,0.4998,0.48919,0.88143,0.51196,0.94922
23632,25568,26213,26263,28348,25618,27107,28646,27703,28894
1.6213,1.9121,2.0336,1.6149,1.961,2.1701,2.1846,1.9491,1.6786,1.9187
40,8,64,52,41,67,41,6,74,2
590.8,3196,409.58,505.06,691.41,382.36,661.15,4774.3,374.36,14447
0.98369,0.98651,0.97383,0.97777,0.97416,0.96829,0.97233,0.97796,0.98245,0.9696
1.0061,1.0201,0.99362,1.0148,1.001,0.986,1.0293,1.0205,1.006,1.0145
9.5309,9.0171,9.0935,10.829,8.5654,9.2667,8.6542,10.154,9.9127,9.6038
26,26,28,31,25,27,27,29,28,31
26,24,26,28,25,26,26,26,26,28
574.18,481.51,453,576,478.75,548.12,441.38,452.18,447.51,645.85
574.18,481.51,453,576,478.75,548.12,441.38,452.18,447.51,645.85
83.651,84.903,77.546,85.013,83.773,85.658,75.969,84.189,87.608,98.823
2.537,3.1908,2.513,3.0428,2.6591,3.2901,2.6917,2.9857,3.1671,3.7044
9.9961,12.088,10.335,11.415,11.059,12.412,10.627,11.414,11.98,13.729
42.746,57.416,55.942,55.204,52.883,59.497,49.53,56.604,47.243,67.421
-23.141,-24.218,-18.822,-26.259,-23.46,-24.859,-19.35,-21.217,-24.067,-28.432
-30.612,-26.242,-25.083,-25.234,-22.136,-24.187,-19.836,-22.45,-25.457,-23.645
-7.355,-10.273,-8.9481,-13.69,-7.2528,-9.6903,-14.666,-5.6113,-6.3103,-0.19213
55.565,54.168,60.276,63.019,62.766,64.009,63.768,65.965,68.567,69.942
14.472,16.56,14.937,18.339,15.929,15.597,17.52,18.355,17.918,17.871
106,102,113,110,101,96,125,123,117,117
5,2,21,0,20,22,20,22,22,17
5442,5526,4068.5,6319.6,5737.1,4844.6,4318.9,7868.5,5366.5,7250.6
1.2861e+08,1.4129e+08,1.0665e+08,1.6597e+08,1.6264e+08,1.2411e+08,1.1707e+08,2.254e+08,1.4867e+08,2.095e+08
0.37336,0.41325,0.31563,0.38859,0.39687,0.41038,0.34808,0.53538,0.32517,0.48148
1745.2,5424.2,1542.4,1858.8,1716.5,1366.1,1757.3,8944.7,1431.4,2809.6
