13281,11680,12578,13703,14754,13547,13007,14183,12247,13057
15144,17320,17739,16635,17229,15724,16681,15963,19084,17760
1464,1484,1541,1510,1510,1687,1594,1494,1516,1656
44,718,688,0,630,700,0,42,655,21
0.96995,0.51617,0.55354,1,0.58278,0.58506,1,0.97189,0.56794,0.98732
7497,8093,4816,8639,10574,7794,9383,10029,7298,8340
0.44774,0.43343,0.3224,0.51221,0.62694,0.4493,0.45815,0.49851,0.47699,0.52848
3,38,44,1,41,45,1,3,43,2
2499,212.97,109.45,8639,257.9,173.2,9383,3343,169.72,4170
0.90382,0.96567,0.93602,0.91019,0.92075,0.92124,0.92588,0.91771,0.9467,0.94046
1.0124,1.007,1.014,0.99398,1.0258,1.0084,0.99764,1.0279,0.99659,0.99156
9.8295,11.233,14.099,9.5742,8.5665,11.812,10.938,10.285,11.087,9.7972
8,10,8,7,8,10,8,9,8,10
10,10,12,12,8,10,12,10,10,11
303.99,349.37,290.53,346.23,329.55,421.49,412.59,423.91,389.98,362.63
303.99,349.37,290.53,346.23,329.55,421.49,412.59,423.91,389.98,362.63
69.303,79.129,59.889,73.075,78.881,77.929,84.788,88.642,72.244,70.103
1.5006,2.2904,1.4005,1.9562,2.1682,2.0792,2.1069,2.3664,1.8008,1.7144
7.267,9.1662,6.4518,8.3659,9.1264,9.0515,9.9426,10.171,8.1177,8.32
26.936,40.606,34.265,38.836,37.771,47.497,46.195,49.896,44.125,43.558
-11.595,-14.662,-14.559,-15.774,-15.506,-19.474,-20.564,-19.332,-17.604,-17.531
-37.64,-43.51,-40.066,-39.365,-30.634,-35.894,-40.178,-36.689,-22.266,-16.037
0.57617,-0.088915,0.56245,-0.85971,-1.6326,-1.0724,-2.8301,-0.60552,-0.77072,-0.97528
52.381,48.956,52.941,55.276,52.765,56.801,55.388,57.773,54.843,53.916
13.052,14.696,20.068,14.561,13.912,12.766,15.002,13.624,12.713,12.479
89,85,127,100,105,97,99,101,90,89
31,12,8,25,18,19,22,24,26,22
3009.1,3531,2686.4,3078,3221.4,3909,3714.3,4514.6,2782.3,3102.5
2.2559e+07,2.8576e+07,1.2937e+07,2.6591e+07,3.4064e+07,3.0466e+07,3.4851e+07,4.5277e+07,2.0305e+07,2.5875e+07
0.17971,0.18911,0.17983,0.1825,0.191,0.22534,0.18136,0.22441,0.18185,0.1966
260.27,671.95,521.94,0,596.49,566.02,0,1165.9,510.9,320.7
