18550,18000,21181,20523,21095,19655,18432,19608,17079,19157
13926,14160,12806,12710,13174,14616,14257,14679,14130,14166
1557,1985,1869,2016,1744,1635,1650,1703,1500,1515
704,1062,68,21,427,707,464,21,660,448
0.54785,0.46499,0.96362,0.98958,0.75516,0.56758,0.71879,0.98767,0.56,0.70429
17774,13008,15887,18419,16831,16036,13504,14646,14895,11816
1.2718,0.99063,1.0384,1.3181,1.1941,1.4627,1.0575,1.1919,1.0052,0.87578
44,49,2,2,27,44,30,2,42,29
403.95,265.47,7943.5,9209.5,623.37,364.45,450.13,7323,354.64,407.45
1.0164,1.0261,1.0428,1.0187,1.0123,1.0095,1.0123,1.0372,1.0174,1.0033
0.98146,0.98643,0.99402,1.0136,0.99005,0.99311,1.0028,0.98878,0.97776,0.99619
8.3268,10.506,10.568,8.6271,8.9876,8.481,10.68,9.573,9.6627,9.9608
17,19,19,21,19,17,19,18,15,15
16,19,19,21,19,18,18,18,16,15
485.97,421.36,468.29,473.73,453.58,377.81,422.01,437.01,549.69,376.89
485.97,421.36,468.29,473.73,453.58,377.81,422.01,437.01,549.69,376.89
85.981,75.54,86.781,74.392,76.714,73.511,83.242,78.541,97.503,72.827
2.9303,2.5783,3.4091,2.6698,2.7145,2.4815,3.346,2.9254,3.4279,2.8328
10.938,10.146,12.345,9.5532,10.157,9.505,12.332,10.948,13.371,10.639
41.424,43.13,55.563,40.445,36.281,31.188,47.114,49.091,50.62,44.577
-20.391,-19.001,-28.735,-17.706,-19.413,-18.475,-20.078,-18.598,-37.148,-15.587
-33.834,-36.888,-30.482,-30.453,-39.781,-33.893,-36.041,-36.809,-40.978,-48.251
19.787,11.669,13.358,9.5378,11.334,9.0282,9.3344,9.1758,10.68,8.8052
72.699,65.229,65.11,64.045,67.864,66.311,65.367,69.628,62.315,73.855
17.377,12.57,15.231,16.22,16.224,14.597,14.288,21.673,15.488,14.935
129,105,130,124,117,103,106,214,125,104
33,36,33,24,8,31,21,13,20,35
2926.9,2950.1,3103.6,2395.3,2531.9,1963.2,2943.5,2563.3,3514.2,2914.5
5.2023e+07,3.8374e+07,4.9307e+07,4.4118e+07,4.2615e+07,3.1482e+07,3.9749e+07,3.7542e+07,5.2344e+07,3.4437e+07
0.20944,0.22466,0.20286,0.17141,0.17963,0.17907,0.2305,0.2086,0.23716,0.21601
1183.7,876.2,6206.3,3253.5,856.28,873.36,1028.3,260.92,1043.6,763.12
