15863,15982,15335,15763,15185,16383,16085,16413,17130,17789
14678,15359,16946,15275,14808,15647,15109,15952,15763,16173
3947,4072,3016,2938,2859,2875,3469,3078,2891,3610
2290,2304,1597,507,1126,131,1253,1083,353,540
0.41981,0.43418,0.47049,0.82743,0.60616,0.95443,0.6388,0.64815,0.8779,0.85042
15242,15887,17923,14944,16980,17923,19760,18419,18668,21646
1.1825,1.9684,1.7102,1.611,1.3554,1.635,1.7637,1.9113,1.7218,2.428
91,50,77,10,51,4,55,57,7,9
167.49,317.74,232.77,1494.4,332.94,4480.8,359.27,323.14,2666.9,2405.1
0.96911,0.98864,0.98224,0.98138,0.99121,0.98519,0.97292,0.9765,0.98622,0.97328
0.99946,0.95888,0.99373,1.0108,0.96922,0.97859,0.98997,0.97032,0.9685,0.9573
8.2684,6.1896,6.4704,7.6662,7.1271,6.0619,7.0137,6.1553,5.8079,5.8144
35,31,26,31,29,32,35,29,31,35
33,30,34,32,30,32,34,32,30,39
347.43,282.15,407.72,374.49,329.55,308.48,371.03,316.79,312.35,303.88
347.43,282.15,407.72,374.49,329.55,308.48,371.03,316.79,312.35,303.88
45.481,39.791,56.613,53.442,52.445,45.62,50.202,48.678,44.101,42.077
1.1241,1.1244,1.5149,1.1798,1.3459,1.2629,1.3064,1.2688,1.0186,1.027
4.9893,4.6684,6.7298,6.7844,6.025,5.3649,6.0491,5.7714,4.6327,4.798
28.974,32.487,49.4,38.261,38.558,26.167,38.53,33.696,25.748,31.509
-19.772,-11.931,-17.334,-26.786,-15.209,-12.215,-24.489,-15.552,-13.203,-18.607
-19.648,-21.428,-11.962,-26.249,-23.88,-22.493,-22.071,-22.517,-22.452,-21.655
-0.12508,0.21024,-0.4269,-0.094723,1.1667,1.0137,-1.0458,1.9546,1.5459,0.81316
78.411,76.665,75.07,79.757,78.092,75.353,79.945,77.049,83.176,80.479
14.064,12.833,13.734,13.798,14.214,15.473,17.509,13.941,15.734,15.777
140,125,114,135,128,152,193,123,155,137
38,35,32,45,39,15,27,36,39,32
3193.5,1696.7,1862.5,3223.2,3223.3,2696,3093.5,2433.6,2918.8,2643.3
4.8676e+07,2.6955e+07,3.3382e+07,4.8168e+07,5.4732e+07,4.832e+07,6.1128e+07,4.4824e+07,5.4488e+07,5.7217e+07
0.24775,0.21022,0.17772,0.34748,0.25729,0.24594,0.27611,0.25253,0.26921,0.2965
561.99,599.33,587.49,2195.6,650.83,3002.5,656.85,582.07,1967,2978.3
