15316,13363,13923,13399,13772,11040,11562,9906.8,10639,10403
13818,15822,15665,16749,15635,16425,16470,18154,17897,17290
2073,2010,3265,1807,1859,1713,1713,1766,1985,1510
461,1077,1875,849,958,581,827,121,323,167
0.77762,0.46418,0.42573,0.53016,0.48467,0.66083,0.51722,0.93148,0.83728,0.8894
6752,5560,7100,6355,5511,6256,7001,7199,6206,6554
0.61589,0.58422,0.5778,0.59276,0.44849,0.50916,0.57541,0.60364,0.50509,0.55519
6,45,32,46,47,27,44,3,4,4
1125.3,123.56,221.88,138.15,117.26,231.7,159.11,2399.7,1551.5,1638.5
0.96934,0.97218,0.9828,0.99016,0.9565,0.94473,0.94439,0.95829,0.96662,0.96039
1.0173,1.0001,1.0011,0.99876,1.01,1.0129,1.0055,0.99253,1.0045,1.033
10.6,9.8296,11.111,11.16,12.797,9.941,9.2163,9.7231,10.492,9.6814
13,16,16,17,16,16,18,16,17,14
14,16,14,14,14,14,14,14,12,12
346.42,202.36,222.4,261.13,206.88,208.88,261.52,200.84,293.42,241.81
346.42,202.36,222.4,261.13,206.88,208.88,261.52,200.84,293.42,241.81
48.123,37.868,39.127,41.693,42.844,38.567,42.421,38.947,43.48,39.366
1.5413,1.2376,1.1912,1.4875,1.1822,1.4201,1.3255,1.4364,1.6174,1.5171
6.3288,4.5148,4.6699,5.5808,4.9212,5.3923,5.0797,5.3133,5.5819,5.2178
36.713,17.486,17.062,20.176,16.751,24.994,23.833,19.675,26.802,21.695
-15.507,-9.6219,-12.286,-10.445,-11.901,-11.542,-11.155,-9.549,-12.608,-9.9338
8.9853,3.5448,9.2688,5.9973,0.23249,13.796,5.7759,12.447,11.891,8.4039
-2.9815,-0.56618,0.40609,-0.2353,0.3012,-0.53494,-1.3371,-2.374,-0.9623,-2.2241
54.583,57.329,54.645,61.196,55.056,58.439,54.408,59.659,57.854,59.547
12.491,13.453,13.477,11.489,15.93,14.008,14.031,13.181,12.386,12.331
92,96,85,91,110,112,101,96,108,110
18,14,10,39,28,23,21,15,13,24
6079.7,2687.8,4122.7,3967.2,5636.6,4421.7,4466.8,5810.2,6322.7,5769.8
4.105e+07,1.4944e+07,2.9271e+07,2.5212e+07,3.1063e+07,2.7662e+07,3.1272e+07,4.1827e+07,3.9239e+07,3.7815e+07
0.55456,0.28242,0.33551,0.37004,0.45871,0.35987,0.36712,0.48719,0.51458,0.48876
1931.4,329.03,690.13,450.41,424.91,378.74,459.9,1524.9,289.18,690.78
