12637,14837,13736,11029,13293,11985,13222,13383,13083,13561
16019,15987,16517,16219,16098,16884,15917,17024,17870,16476
3135,2932,3453,2843,2510,2797,2572,2479,2797,2635
646,1129,1886,1024,1332,1180,1384,474,573,987
0.79394,0.61494,0.45381,0.63982,0.46932,0.57812,0.4619,0.80879,0.79514,0.62543
18270,12909,15937,14001,14695,16582,13554,18419,19214,16333
1.7842,1.5308,1.7639,1.5921,2.0331,1.8113,1.5413,2.2484,2.0189,1.9368
2,41,79,39,59,40,59,3,4,38
9135,314.85,201.73,359,249.07,414.55,229.73,6139.7,4803.5,429.82
0.99338,1.0004,0.99417,1.0046,0.99544,0.99664,0.9928,1.002,0.99854,1.0115
1.0167,0.98287,1.008,1.0049,0.99981,1.0004,0.99064,1.0059,0.9934,1.0137
5.5204,5.6485,6.3176,5.8092,5.7412,5.5871,6.0917,5.1176,5.2408,5.828
16,18,21,23,16,15,17,19,20,17
20,22,22,22,16,20,20,18,18,20
322.54,294.24,267.97,243.22,303.71,312.95,288.8,344.43,358.09,332.1
322.54,294.24,267.97,243.22,303.71,312.95,288.8,344.43,358.09,332.1
51.217,39.125,45.493,39.878,45.953,51.346,49.105,54.841,56.597,47.51
1.4375,0.79318,1.1581,0.90031,1.3384,1.2822,1.4692,1.4574,1.505,1.193
5.6922,4.3181,5.495,4.1858,5.7338,6.1694,6.4259,6.1711,6.246,5.4411
38.793,33.151,31.208,20.889,28.601,34.87,33.99,32.014,42.212,35.099
-13.342,-15.174,-16.61,-10.719,-13.371,-16.11,-13.546,-14.655,-15.029,-17.083
-8.7096,-11.808,-24.348,-15.033,-27.795,-20.182,-13.253,-21.759,-8.7747,-13.962
6.442,4.6351,4.3255,3.8483,4.8672,5.3062,4.8562,6.5722,6.1121,5.6582
48.05,52.115,50.258,51.133,53.971,52.863,61.18,54.158,52.868,57.933
11.891,9.3136,10.714,10.819,10.901,13.036,13.572,12.593,11.12,11.432
90,82,84,80,92,86,88,91,82,90
5,29,16,20,18,14,12,16,16,21
1360,830.63,1154.1,1309.6,1057.9,1192.7,1163.7,1306.6,1491.3,1098.8
2.4846e+07,1.0723e+07,1.8393e+07,1.8336e+07,1.5546e+07,1.9778e+07,1.5773e+07,2.4067e+07,2.8654e+07,1.7947e+07
0.13281,0.098498,0.12774,0.14892,0.14637,0.13028,0.13233,0.1595,0.1567,0.1303
11767,443.18,422.12,477.31,504.06,608.98,466.84,5599.7,3656.8,638.42
