10660,13917,14507,14382,13863,16086,12124,14151,11011,13405
16314,17875,18500,16636,17088,16753,17324,18215,16405,17391
3281,2651,2672,3375,3812,4526,4281,4047,4135,3157
1999,501,1352,1884,1781,1649,2459,1011,2436,314
0.39073,0.81101,0.49401,0.44178,0.53279,0.63566,0.4256,0.75019,0.41088,0.90054
21050,17872,15092,15837,15291,14993,16333,15490,12660,13305
1.633,1.4835,1.2783,1.027,1.336,1.2322,1.2106,1.2131,0.82101,0.89796
66,6,67,72,45,9,61,7,88,4
318.94,2978.7,225.25,219.96,339.8,1665.9,267.75,2212.9,143.86,3326.2
1.0175,1.0278,1.0269,1.0375,1.0263,1.0444,1.0057,1.022,1.0097,1.0062
1.0029,0.99897,0.99031,1.0437,1.0181,1.0315,1.0425,0.99668,1.0101,1.0472
6.7115,7.7508,8.2152,8.6012,8.2467,8.7123,7.5694,8.406,11.793,10.404
27,23,22,34,28,29,28,29,30,29
26,26,25,26,29,28,29,31,26,30
224.98,271.62,266.87,275.95,230.02,276.03,201,207.58,189.75,248.21
224.98,271.62,266.87,275.95,230.02,276.03,201,207.58,189.75,248.21
41.783,48.326,43.919,42.487,38.436,40.829,36.886,34.703,37.483,41.796
1.8169,1.7315,1.5573,1.6871,1.3442,1.3129,1.474,1.2529,1.3308,1.3755
6.1434,6.5406,5.905,6.1822,5.2683,5.2531,5.3436,4.6235,5.0478,5.4694
22.708,32.632,29.294,35.926,25.803,29.98,21.529,25.816,19.161,26.726
-11.412,-11.432,-12.336,-13.793,-10.195,-16.112,-8.4271,-9.4076,-11.334,-12.063
-9.0903,-9.0413,-10.345,-14.161,-11.386,-15.622,-12.385,-16.861,-11.216,-11.19
6.22,5.4058,4.6497,3.1113,2.9991,1.2275,4.7056,3.1434,3.0106,2.1377
72.857,71.65,68.657,72.061,70.518,68.578,69.515,73.366,72.489,73.353
14.567,12.695,13.502,16.141,15.91,15.669,14.748,13.323,15.948,15.684
110,108,103,115,115,115,118,98,126,119
23,32,24,28,6,12,26,21,5,22
2543.1,5169.4,3502.8,3152.8,3529.5,4098.1,2848.1,3997.3,3857.1,4900.1
5.3533e+07,9.2387e+07,5.2864e+07,4.9931e+07,5.397e+07,6.1443e+07,4.6518e+07,6.1918e+07,4.883e+07,6.5196e+07
0.1973,0.4291,0.29669,0.20446,0.30839,0.3368,0.2111,0.31304,0.25013,0.33071
913.89,4446.5,685.14,659.3,869.88,2736.7,598.57,3153.4,665.59,5187.4
