13683,13929,13226,14685,14526,15239,14709,14344,15538,14950
16852,16792,16993,16997,17532,17564,17912,17406,16776,17866
2182,2187,2360,2406,2375,2469,2328,2250,2369,2266
64,22,42,22,581,0,614,960,672,64
0.97067,0.98994,0.9822,0.99086,0.75537,1,0.73625,0.57333,0.71634,0.97176
17327,15788,16086,14199,14597,14646,15093,17675,15241,16135
1.2616,1.3238,1.4055,1.2952,1.2239,1.2036,1.1087,1.4384,1.3603,1.3529
4,2,3,2,37,1,39,62,42,4
4331.8,7894,5362,7099.5,394.51,14646,387,285.08,362.88,4033.8
1.0032,1.0025,1.026,0.99672,0.99836,1.0042,0.99775,1.0008,1.0132,1.0101
1.0337,1.014,1.0434,1.0134,1.0388,1.0268,1.0453,1.0318,1.0481,1.0458
5.3323,5.1136,5.8399,5.6886,5.9631,6.2323,6.0721,5.2294,5.4002,5.4794
10,10,12,14,10,12,12,12,11,12
22,22,26,25,23,25,24,23,25,24
196.82,193.06,217.02,193.06,193.62,171.41,216.8,241.4,195.09,171.41
196.82,193.06,217.02,193.06,193.62,171.41,216.8,241.4,195.09,171.41
39.875,37.286,39.698,34.157,36.092,36.492,40.206,39.439,35.831,36.622
1.3636,1.3304,1.3878,1.0916,1.1753,1.3462,1.3825,1.4965,1.269,1.1491
5.1793,5.0601,5.3573,4.5465,4.5695,4.9374,5.3235,5.2849,4.9825,4.611
19.185,21.72,21.631,21.722,21.843,16.84,21.7,21.657,21.897,19.225
-10.848,-9.242,-14.46,-12.076,-8.3353,-10.09,-9.63,-11.786,-12.262,-9.6897
2.2312,0.86065,-1.157,-0.79794,1.372,-5.0747,-5.297,1.2756,-6.4709,-0.8995
9.1625,8.5125,8.15,6.951,7.1657,7.256,7.2562,9.0348,7.6364,8.0943
74.744,74.45,72.827,71.934,73.816,73.968,70.338,74.498,70.744,71.478
12.872,13.281,12.889,12.301,12.205,14.439,14.156,14.324,12.54,12.476
109,112,114,112,119,114,120,135,114,106
30,22,28,20,27,7,8,18,21,16
1773.7,1404.2,1333.8,1278.1,1143.2,1532.7,1541.8,896.42,853.62,1411.7
3.0732e+07,2.217e+07,2.1455e+07,1.8148e+07,1.6688e+07,2.2448e+07,2.3271e+07,1.5844e+07,1.301e+07,2.2778e+07
0.12914,0.11775,0.11654,0.11658,0.095852,0.12596,0.11326,0.072951,0.076189,0.11837
339.6,283.34,569.91,100,374.35,0,393.68,420.96,336.99,293.33
