23210,23147,21945,21176,21253,20702,21124,19820,19510,18840
15528,14911,17064,16776,16859,17079,17248,19194,18604,19063
2031,1400,1359,1218,1385,1250,1073,1125,1110,1119
1052,405,578,518,584,0,439,473,0,490
0.48203,0.71071,0.57469,0.57471,0.57834,1,0.59087,0.57956,1,0.56211
12014,13802,15987,14298,15043,17575,16731,15192,17823,16285
2.3743,2.3871,3.2369,2.967,2.356,2.9175,3.7539,3.2337,3.6985,2.939
28,26,38,34,38,1,29,31,1,32
429.07,530.85,420.71,420.53,395.87,17575,576.93,490.06,17823,508.91
0.98455,0.97892,0.98858,0.9861,0.9839,0.98545,0.98284,0.98862,0.98483,0.98251
0.97033,0.96176,0.94686,0.94659,0.96491,0.94098,0.95015,0.97126,0.93381,0.9411
4.6947,4.3169,3.9803,4.0855,4.4149,3.7492,4.0533,4.3973,4.0625,4.2921
10,8,11,8,8,9,8,9,7,10
16,16,13,14,14,14,12,12,14,12
239.43,239.63,256.5,269.09,273.17,298,337.6,331.13,357.4,301.87
239.43,239.63,256.5,269.09,273.17,298,337.6,331.13,357.4,301.87
51.904,54.784,60.23,57.741,58.434,64.532,79.98,73.454,77.559,73.985
1.3737,1.473,1.7228,1.4656,1.4797,1.9468,2.2844,2.4078,2.0913,2.5772
6.0148,6.2532,7.0403,6.2721,6.5352,7.77,9.7106,9.162,9.2773,9.5215
25.925,28.012,26.82,26.911,30.662,33.667,37.74,38.322,36.72,35.947
-11.546,-12.419,-13.745,-12.138,-11.92,-16.931,-14.702,-14.427,-19.804,-13.996
5.4795,6.0315,1.8255,5.2962,-1.5998,3.0867,3.9514,5.2389,1.778,4.2439
-1.5803,-3.1361,-4.1324,-5.9186,-2.4772,-5.1297,-5.9444,-3.9748,-5.1557,-5.3625
56.437,58.723,60.935,65.846,65.021,63.365,64.083,68.948,67.554,66.354
16.55,13.124,17.706,14.436,13.664,13.428,16.755,15.304,16.66,14.067
93,82,95,98,98,96,106,128,108,106
9,13,3,22,20,23,12,32,9,21
951.69,728.84,757.88,801.91,804.91,975.61,1032.7,1144.1,1605.8,846.93
1.1434e+07,1.0059e+07,1.2116e+07,1.1466e+07,1.2108e+07,1.7146e+07,1.7279e+07,1.7381e+07,2.862e+07,1.3792e+07
0.18808,0.12605,0.15345,0.16641,0.12606,0.16195,0.23171,0.24353,0.33322,0.15285
535.62,315.42,441.24,512.68,490.68,0,678.86,527.56,0,589.13
