15864,15495,15446,17019,15531,14919,16411,14615,15179,16324
17450,16969,16204,16273,18595,17920,18820,17661,17827,16374
3031,3015,2807,2760,2572,2547,2469,2401,2437,2688
811,1677,1497,759,1536,1491,604,673,1155,780
0.73243,0.44378,0.46669,0.725,0.4028,0.41461,0.75537,0.7197,0.52606,0.70982
26115,24674,27901,26064,28150,28597,26710,25617,24178,26859
2.3563,2.8845,3.0079,2.5757,2.996,3.0435,2.7713,2.5316,2.8268,3.1854
9,71,65,7,59,56,8,7,38,7
2901.7,347.52,429.25,3723.4,477.12,510.66,3338.8,3659.6,636.26,3837
0.98337,0.98327,0.98208,0.9948,0.98179,0.97335,0.96616,0.97402,0.98054,0.97889
0.91478,0.92215,0.96508,0.93474,0.93771,0.92666,0.93349,0.91069,0.93627,0.97062
3.997,3.5535,3.8306,3.8092,3.471,3.499,3.5308,3.8473,3.4564,3.4609
23,24,26,20,21,22,20,18,21,18
17,14,18,18,15,18,14,15,13,13
176.46,165.57,192.9,174.53,211.72,253.11,210.81,269.71,165.48,176.59
176.46,165.57,192.9,174.53,211.72,253.11,210.81,269.71,165.48,176.59
34.934,30.156,40.253,34.347,41.557,41.388,39.112,45.875,34.815,36.512
1.2233,1.098,1.3782,1.2794,1.4559,1.5234,1.5059,1.7263,1.2768,1.3772
4.6798,4.0352,5.2186,4.5084,5.4535,5.3085,5.053,6.2164,4.7001,5.1049
20.003,17.332,22.023,16.328,23.976,25.251,21.391,29.375,21.167,20.536
-8.7872,-7.459,-8.4281,-8.3091,-9.9299,-11.159,-8.5929,-12.214,-9.057,-7.8638
-12.325,-19.01,-14.939,-13.354,-15.016,-20.893,-16.161,-14.316,-15.481,-12.938
10.444,9.874,12.448,10.307,13.565,13.534,14.352,11.126,10.009,11.335
78.692,83.689,85.961,81.73,78.696,81.162,78.969,76.331,77.199,70.591
15.783,18.807,20.184,20.904,16.55,18.775,20.199,15.191,14.364,15.466
120,149,171,160,120,137,128,112,114,108
25,13,32,23,30,41,18,37,34,0
2945.7,1376.7,2034.4,1936.3,1382.9,1367.9,2308,2336.9,1177.9,1724.1
7.6927e+07,3.3969e+07,5.6762e+07,5.0467e+07,3.8927e+07,3.9117e+07,6.1646e+07,5.9864e+07,2.8478e+07,4.6306e+07
0.26579,0.16094,0.21932,0.19135,0.14717,0.14558,0.23947,0.23094,0.13771,0.20447
2132.8,465.77,608.98,3001.6,686.18,738.68,1863.2,3148.6,757.67,3030.9
