17858,15065,16201,18622,19992,18582,19304,21437,20027,19548
14812,13903,16021,14836,15367,15492,15837,15982,14950,15651
1641,1478,1385,1344,1407,1385,1385,1406,1385,1338
204,498,211,659,167,140,471,446,472,147
0.87569,0.66306,0.84765,0.50967,0.88131,0.89892,0.65993,0.68279,0.65921,0.89013
13604,13504,12461,14199,13604,15837,15440,16880,17525,15292
0.99934,1.0284,1.277,1.2278,1.298,1.1634,1.2444,1.3604,1.3224,1.2205
4,23,5,34,4,2,21,23,22,3
3401,587.13,2492.2,417.62,3401,7918.5,735.24,733.91,796.59,5097.3
1.0219,1.0132,1.0181,1.0181,1.0108,1.0057,1.0196,1.0167,1.0029,1.0347
1.051,0.96926,1.0392,1.0267,0.99889,1.011,1.0247,0.97767,1.045,0.9642
6.5404,6.1225,6.0648,5.806,6.0537,6.2843,6.0206,5.4516,5.1584,6.0009
13,13,12,13,14,12,13,16,13,14
14,13,13,14,13,13,14,14,14,13
248.26,273.99,248.07,273.99,249.96,291.73,318.82,246.09,279.67,325.71
248.26,273.99,248.07,273.99,249.96,291.73,318.82,246.09,279.67,325.71
48.943,55.375,52.834,60.267,58.373,71.238,67.473,61.106,65.061,67.026
1.6273,1.9583,1.9841,2.0769,2.21,2.9944,2.4022,2.2248,2.5021,2.3643
6.38,7.7333,7.6281,8.5152,8.1882,10.483,9.4244,8.7784,9.5869,9.7076
29.497,27.64,27.369,32.557,30.53,34.164,34.442,35.434,38.033,37.98
-12.286,-12.54,-13.415,-12.745,-12.498,-14.748,-20.18,-14.197,-14.75,-14.401
-23.58,-36.348,-33.978,-38.881,-30.986,-35.546,-20.861,-20.833,-24.652,-34.719
10.457,9.8269,10.011,11.792,11.489,13.347,13.449,13.931,15.951,14.671
68.127,69.97,66.748,73.57,68.406,71.984,72.565,71.374,67.896,72.976
14.704,14.117,14.899,15.223,19.841,16.149,13.957,15.413,16.137,14.776
110,110,98,107,116,113,107,124,110,122
23,14,28,36,8,40,33,38,24,29
1363,1365.3,1701.8,1159.7,873.48,1774.4,725.36,770.91,961.65,1214.7
1.8543e+07,1.8436e+07,2.1206e+07,1.6467e+07,1.1883e+07,2.8101e+07,1.12e+07,1.3013e+07,1.6853e+07,1.8575e+07
0.10013,0.10397,0.1744,0.10028,0.083339,0.13035,0.058459,0.06213,0.072567,0.096948
1943.2,605.71,2036.6,719.18,1295.3,4006.8,927.63,685.93,720.89,2650.6
