13279,12250,14041,14298,11830,11469,14693,14380,14777,11558
17361,17036,15092,16712,17560,17408,22341,15536,15619,16355
1797,2140,2297,2469,1906,2103,2000,2265,2057,2094
894,883,1108,407,930,652,198,901,349,199
0.5025,0.58738,0.51763,0.83516,0.51207,0.68997,0.901,0.60221,0.83034,0.90497
9780,9334,11518,11567,10674,6852,9880,9135,9631,13156
1.1599,1.1395,1.2103,1.2003,1.0424,1.387,2.0506,1.3074,1.0951,1.241
45,39,62,5,48,32,4,36,6,4
217.33,239.33,185.77,2313.4,222.38,214.12,2470,253.75,1605.2,3289
0.98721,0.99087,0.97571,0.97693,0.98631,0.99626,0.99765,0.99375,1.0042,0.9838
1.0115,0.99048,1.02,1.0364,0.99643,1.0129,1.0255,1.0126,1.0057,1.0246
5.4018,5.5663,5.6412,5.6184,6.0928,4.4144,3.8372,5.6544,6.3241,5.6848
10,14,12,13,10,10,10,11,10,12
16,19,17,17,17,19,18,17,17,17
165.9,220.42,224.87,271.62,265.38,101.68,144.32,173.19,244.23,380.55
165.9,220.42,224.87,271.62,265.38,101.68,144.32,173.19,244.23,380.55
32.969,37.186,37.614,39.641,51.927,18.896,23.306,36.575,44.224,54.901
1.0097,1.0286,1.1077,1.0411,1.4306,0.52054,0.79067,0.81709,1.0634,1.2729
3.5704,4.9152,4.7357,4.8248,6.4507,2.4127,3.2983,3.9158,5.6868,6.2048
14.555,24.017,28.059,34.641,28.472,10.692,16.182,17.139,34.148,34.427
-7.9694,-14.226,-11.408,-12.127,-13.271,-5.0389,-7.2324,-9.5699,-13.239,-17.976
-7.3071,-0.49755,-24.435,-19.063,-7.2066,-15.745,-16.449,-20.496,-17.55,-21.667
5.6151,4.3837,4.6311,4.4103,6.4148,3.3873,5.2473,3.7844,4.431,6.5595
65.35,67.103,73.967,72.164,62.572,71.321,67.253,68.037,68.208,73.744
13.509,14.852,14.363,15.232,14.396,15.723,11.017,16.855,17.611,12.089
102,103,113,110,107,112,91,107,104,105
17,21,17,20,34,13,36,12,12,26
639.74,945.09,1379.5,2061.5,1386.5,650.08,722.95,1341.4,1996.5,2596.1
6.2566e+06,8.8215e+06,1.5889e+07,2.3845e+07,1.48e+07,4.4544e+06,7.1427e+06,1.2254e+07,1.9228e+07,3.4155e+07
0.07587,0.11538,0.14495,0.21391,0.1354,0.1316,0.15005,0.19199,0.227,0.2449
411.02,415.11,316.42,706.86,439.28,168.65,298.76,336.68,1722.3,722.92
