17782,20338,18308,18962,21781,17877,19421,19973,18253,18784
16243,16039,16144,14927,15345,16367,15374,15503,15373,16269
1422,1500,1485,1510,1478,1406,1391,1421,1338,1359
364,727,433,371,887,622,344,721,787,786
0.74402,0.51533,0.70842,0.7543,0.39986,0.55761,0.7527,0.49261,0.41181,0.42163
20604,24625,26561,26760,27157,28547,28249,27554,27654,28050
1.3362,1.6894,1.6831,1.6214,1.513,2.1348,2.2121,1.8297,1.726,2.1168
4,23,5,3,34,20,3,22,30,32
5151,1070.7,5312.2,8920,798.74,1427.3,9416.3,1252.5,921.8,876.56
0.95731,0.99245,1.0195,1.0435,1.0537,1.048,1.0535,1.0255,0.98034,1.0293
0.93223,0.92848,0.94525,0.92992,0.982,0.95006,0.94739,0.977,0.95045,0.95281
4.2803,3.6105,3.6034,4.0592,3.888,3.3342,3.3429,3.7016,3.3268,3.2383
9,9,10,9,8,14,11,12,11,11
9,9,9,11,11,13,11,10,11,11
404.58,394.83,461.41,443.02,581.33,520.42,470.08,438.23,437.56,469.13
404.58,394.83,461.41,443.02,581.33,520.42,470.08,438.23,437.56,469.13
86.25,89.822,94.897,91.606,105.41,91.259,95.808,103.82,98.362,96.005
2.3802,2.7937,2.8933,2.5615,3.0344,2.3917,3.2138,3.0797,2.4286,2.6061
10.545,11.43,11.919,11.768,12.477,10.707,12.266,12.661,10.743,12.128
39.525,44.718,47.464,48.556,64.678,52.014,45.362,39.936,52.607,46.924
-22.414,-18.165,-25.842,-36.32,-26.001,-30.121,-22.184,-23.711,-21.942,-28.518
38.247,40.305,40.955,40.223,41.921,31.035,37.981,41.167,34.08,42.288
-23.586,-28.699,-28.788,-30.839,-26.295,-32.032,-35.389,-35.062,-34.356,-32.86
90.385,69.568,70.875,79.211,73.165,84.367,85.954,81.97,78.33,93.21
20.868,21.695,23.754,27.708,23.745,28.187,27.284,27.481,19.932,54.007
142,127,157,165,146,181,180,146,134,255
33,12,27,29,35,31,28,14,18,11
4237.3,2080.1,3031.4,3024,2104.4,2285.8,2308.7,2385.6,1673.7,1946.3
8.7306e+07,5.1223e+07,8.0516e+07,8.0921e+07,5.7149e+07,6.5252e+07,6.5219e+07,6.5734e+07,4.6284e+07,5.4594e+07
0.2748,0.14271,0.19209,0.18323,0.11724,0.17094,0.18079,0.15842,0.10446,0.14688
2417.1,1088.9,2875.3,6265.7,1248.9,1017.2,5450.6,1328.5,1134.6,938.18
