16835,14345,14921,16842,14620,15671,16453,16870,17223,16506
15562,17934,17423,16915,16796,17201,16447,16197,16109,16342
2385,2745,2734,2531,2541,2432,2563,2807,2588,2792
1082,209,193,1126,1184,120,175,251,965,1309
0.54633,0.92386,0.92941,0.55512,0.53404,0.95066,0.93172,0.91058,0.62713,0.53116
26908,22788,24575,24824,23880,21050,24228,24377,23930,22291
2.4818,2.8231,3.1874,2.9024,3.2494,2.6475,3.2968,3.317,3.2039,2.9373
62,5,2,70,68,4,4,5,49,71
434,4557.6,12288,354.63,351.18,5262.5,6057,4875.4,488.37,313.96
1.0487,0.99342,1.0061,1.0147,1.0088,1.0193,1.0174,1.0069,1.0099,1.0079
1.0846,1.0253,1.024,1.0406,1.0911,1.0464,1.0376,1.033,1.06,1.0771
4.5178,4.7856,4.0319,4.5209,4.0392,4.7647,3.9537,4.2681,4.1492,4.6022
24,26,26,26,24,26,24,28,24,28
21,26,24,24,22,22,24,24,22,26
266.26,175.36,169.42,224.18,153.37,252.28,172.2,206.53,165.9,221.4
266.26,175.36,169.42,224.18,153.37,252.28,172.2,206.53,165.9,221.4
47.404,34.076,32.868,39.54,34.576,39.171,34.366,34.08,35.866,35.335
1.6853,1.2974,1.2822,1.4519,1.3823,1.4709,1.2105,1.3241,1.4811,1.2776
6.1141,4.8444,4.5738,5.3105,4.8982,5.5627,4.4758,4.6575,5.2585,4.8368
28.462,19.813,18.57,19.148,15.737,27.788,17.875,21.555,21.246,23.029
-11.254,-9.9527,-9.3007,-11.392,-7.6798,-13.352,-8.142,-9.251,-8.7933,-12.351
-11.906,-15.672,-12.997,-15.047,-18.979,-14.374,-11.158,-13.757,-16.483,-15.773
8.7637,7.6502,8.6672,9.5243,8.5356,7.6378,10.172,7.7565,9.7259,7.4193
67.447,67.774,70.324,67.88,64.124,68.669,68.359,67.589,65.142,68.515
15.174,13.662,12.732,15.776,13.08,12.413,12.959,13.174,12.949,14.038
118,106,100,111,94,114,122,108,102,130
20,14,19,4,14,26,29,13,14,25
2074.5,1941.7,1334.9,1617.2,1287.7,2158.8,1726.6,1670.5,1173.6,1370.1
5.582e+07,4.4247e+07,3.2806e+07,4.0145e+07,3.075e+07,4.5442e+07,4.1832e+07,4.0721e+07,2.8085e+07,3.054e+07
0.19134,0.24054,0.17314,0.18908,0.17522,0.27151,0.23495,0.2273,0.15714,0.18054
665.11,2705.1,5056.8,496.62,435.42,1933.5,1270.1,1494.9,462.74,436.88
