14869,15765,16718,15534,12503,12628,15593,16705,16052,14826
13863,14990,15348,14256,17157,15678,15836,16441,16351,16369
2291,2437,2610,2625,2484,2244,2281,2453,2360,2547
356,958,1259,1316,1200,1103,1124,319,1216,1310
0.84461,0.60689,0.51762,0.49867,0.51691,0.50847,0.50723,0.86996,0.48475,0.48567
19809,21100,23632,23135,17178,22689,23681,23384,24377,24525
2.5693,2.3048,2.5476,2.527,1.8764,2.6528,2.457,2.4573,2.1995,3.0387
4,44,65,64,63,54,58,3,58,65
4952.2,479.55,363.57,361.48,272.67,420.17,408.29,7794.7,420.29,377.31
0.96893,0.9583,0.96558,0.95937,0.99702,0.97532,0.96016,0.98181,0.96233,0.97018
0.8874,0.89778,0.91254,0.89857,0.91778,0.90905,0.92091,0.90451,0.90168,0.91309
5.8384,5.621,5.9903,5.9245,5.7621,5.0145,6.1078,5.889,6.5399,5.5958
19,20,18,18,20,18,18,18,18,18
15,17,15,17,19,18,17,15,15,15
369.13,358.4,298.68,308,332.1,292.44,482.07,429.71,447.45,417
369.13,358.4,298.68,308,332.1,292.44,482.07,429.71,447.45,417
62.254,54.58,53.904,52.417,48.107,53.979,69.193,61.162,71.316,63.679
2.1884,1.8531,2.1141,1.8497,1.4764,1.8866,2.4161,2.2618,2.6992,1.9083
7.5722,6.8802,6.8811,6.5855,5.5215,6.7328,9.0683,7.6071,9.4576,7.6738
34.461,43.776,24.736,32.718,35.099,23.805,50.166,45.152,48.543,43.195
-14.53,-15.357,-11.513,-13.877,-14.581,-12.138,-21.971,-18.908,-19.808,-18.5
-18.574,-21.77,-18.851,-19.275,-18.344,-21.234,-20.315,-23.086,-19.635,-17.938
2.8495,6.3994,5.8292,8.005,7.4155,9.3992,10.8,10.836,12.486,10.154
57.804,66.288,67.38,65.47,75.665,72.457,72.617,69.493,75.956,74.122
13.376,15.266,14.925,13.936,12.802,14.437,14.138,13.947,16.659,16.693
97,112,107,114,118,111,115,108,130,135
12,25,22,34,44,33,10,21,38,11
3239.8,2619.7,3019,2875.6,2773.1,2708.7,3624.8,4022.2,3123.6,3126.1
6.4176e+07,5.5275e+07,7.1344e+07,6.6527e+07,4.7637e+07,6.1458e+07,8.5839e+07,9.4055e+07,7.6144e+07,7.6667e+07
0.4202,0.28615,0.32546,0.3141,0.30291,0.3167,0.37609,0.42268,0.28184,0.38732
3124.5,735.35,710.92,740.86,491.47,680.82,835.02,5011.2,922.85,709.49
