14530,12873,12353,11861,15018,12056,11558,12586,15560,9304.2
13551,13897,14509,14041,16046,15365,14399,14271,19147,10252
1641,1656,1828,1578,1401,1562,1484,1532,1437,1359
340,700,1028,344,370,849,829,821,654,564
0.79281,0.57729,0.43764,0.782,0.7359,0.45647,0.44137,0.4641,0.54489,0.58499
21199,19461,17228,19363,19958,20951,21199,19858,20702,18320
2.8846,2.4476,2.103,2.2326,2.3667,2.2014,2.5504,2.1408,2.2033,2.1417
5,21,23,3,4,37,39,35,22,22
4239.8,926.71,749.04,6454.3,4989.5,566.24,543.56,567.37,941,832.73
1.019,0.99789,0.9915,1.0423,0.99973,1.0071,1.0108,0.99382,0.98735,1.0064
1.1171,1.0553,1.0905,0.9837,1.0377,1.0436,1.0449,1.0361,1.1029,1.0846
4.7682,4.3359,4.3341,4.7069,4.4819,4.9048,4.6733,4.6819,4.7953,4.7664
10,14,10,10,11,9,10,8,10,10
9,10,9,11,7,9,9,9,7,9
389.05,450.82,324.6,491.57,481.93,367.8,415.11,370.12,443.7,481.88
389.05,450.82,324.6,491.57,481.93,367.8,415.11,370.12,443.7,481.88
77.206,77.324,73.584,89.289,96.082,75.816,86.317,77.917,93.267,85.417
2.1886,1.8757,1.8211,2.329,2.8232,2.3031,2.5311,2.2109,2.7074,2.352
8.9923,8.7025,7.8906,10.194,11.79,8.8287,9.9055,9.2886,10.714,9.8564
44.109,46.761,27.533,49.157,46.755,35.118,45.307,37.168,43.761,49.396
-15.829,-23.377,-13.522,-22.457,-23.004,-15.509,-17.181,-19.928,-19.982,-21.452
-16.349,-14.896,-13.339,-15.083,-20.823,-19.052,-18.462,-17.128,-20.192,-19.411
14.259,14.387,14.854,15.703,18.639,18.183,15.519,15.976,18.767,17.96
77.237,72.024,74.852,73.719,81.444,82.984,79.033,70.456,78.739,61.75
18.986,19.359,18.64,21.328,20.577,18.589,19.998,18.756,18.951,14.594
130,123,123,128,129,149,121,119,133,103
24,17,23,13,21,44,17,15,20,26
2593.9,1386.1,1485.9,2507.3,1998.5,1614.1,1961,1658.2,2288.1,1870.3
5.4989e+07,2.6976e+07,2.5599e+07,4.8549e+07,3.9885e+07,3.3817e+07,4.1571e+07,3.2929e+07,4.7368e+07,3.4263e+07
0.35296,0.17434,0.18138,0.28909,0.23698,0.1696,0.23592,0.17877,0.24352,0.21864
3425.4,1141.2,863.81,4932,2714.8,1047.6,914.3,907.85,1033.7,947.65
