11644,13659,14848,16216,20536,9444.9,16657,10714,26562,9640.5
12340,12829,13749,12345,17807,12302,15812,11362,9699.1,17351
1547,1657,1781,2140,2244,2203,2385,1953,1812,2166
58,829,892,941,810,1066,172,769,750,804
0.96251,0.4997,0.49916,0.56028,0.63904,0.51611,0.92788,0.60625,0.58609,0.62881
14298,14944,14596,19064,13405,13206,11865,12610,10277,13852
1.1412,0.99243,0.8975,0.94199,1.0909,0.9966,0.95624,0.89471,0.82826,1.0746
3,45,47,41,37,58,3,27,30,37
4766,332.09,310.55,464.98,362.3,227.69,3955,467.04,342.57,374.38
0.98649,0.97818,0.99771,0.98184,0.99573,0.98288,0.99805,1.0084,0.99052,0.98997
1.0809,1.0364,1.0505,1.0062,0.99349,1.0205,0.99093,1.0517,1.0055,1.0174
5.5094,5.6205,7.2131,7.763,7.3952,7.8601,10.152,7.1857,7.2343,7.6408
15,17,19,21,21,22,25,19,19,21
14,18,17,21,19,20,22,17,16,19
251.56,273.18,360.64,420.93,287.72,287.27,250.85,242.84,260.69,279.03
251.56,273.18,360.64,420.93,287.72,287.27,250.85,242.84,260.69,279.03
53.002,52.643,59.985,72.368,48.151,49.447,51.296,47.923,45.381,54.002
1.7638,1.6485,2.3483,2.6657,1.3693,1.6143,1.9261,1.7442,1.477,1.7744
7.2448,6.4709,8.175,10.32,5.9884,6.4161,7.1002,6.4387,6.4443,7.0674
27.658,33.384,45.822,39.91,29.317,29.243,29.691,32.071,33.503,29.502
-13.439,-12.646,-14.75,-19.562,-12.564,-14.321,-12.423,-12.146,-14.999,-12.397
-25.618,-24.082,-32.374,-29.99,-32.586,-27.482,-33.37,-27.077,-23.185,-27.868
8.1619,7.8296,9.4399,9.0443,6.0057,5.1091,2.9811,7.2124,6.0083,9.8271
71.987,77.934,88.143,88.555,77.558,70.167,87.247,73.431,69.662,80.109
20.288,18.376,25.955,28.73,16.713,15.214,17.827,15.848,16.212,18.013
140,133,181,242,127,115,137,118,143,178
12,26,27,23,27,35,47,39,35,41
4875.9,3591.9,5470.5,5989.5,4055.7,3117.5,4838.1,4399.7,3995.1,4209.6
6.9715e+07,5.3678e+07,7.9848e+07,1.1418e+08,5.4367e+07,4.117e+07,5.7404e+07,5.548e+07,4.1058e+07,5.8311e+07
0.38917,0.23854,0.33638,0.29595,0.33005,0.23526,0.38992,0.31217,0.32198,0.32658
1450.7,678.16,766.29,1224.5,631.11,568.52,3735.2,627.48,601.25,807.58
