10452,9394,10032,10701,10966,10620,11152,12077,11640,10638
21827,21603,21039,22051,22288,21978,21109,21483,21286,22533
3557,3657,3437,3453,3344,3421,3438,3338,3344,3500
309,1790,1079,152,173,1009,208,1541,1515,1163
0.91313,0.51053,0.68606,0.95598,0.94827,0.70506,0.9395,0.53835,0.54695,0.66771
16383,16234,17525,15688,14348,15341,15788,15788,16681,17525
1.2252,1.1617,1.2329,1.0852,1.0357,1.0027,1.0569,1.1915,1.2588,1.3346
4,91,58,4,5,55,4,90,89,61
4095.8,178.4,302.16,3922,2869.6,278.93,3947,175.42,187.43,287.3
0.99473,1.001,0.98264,1.0002,0.99414,0.9929,1.0059,1.0092,1.0141,1.0003
1.0091,0.99594,1.0223,1.0238,1.004,1.0282,1.0272,1.03,0.9992,0.98843
9.6338,10.265,9.6865,10.251,11.444,10.999,10.705,9.8023,10.112,9.8693
32,34,34,32,36,32,30,32,32,36
35,35,38,34,32,32,36,30,30,37
346.66,421.29,421.49,346.66,351.49,473.06,374.77,380.49,421.44,458.42
346.66,421.29,421.49,346.66,351.49,473.06,374.77,380.49,421.44,458.42
52.55,52.149,56.846,53.585,56.062,56.841,55.96,52.364,56.234,57.811
1.5421,1.6262,1.6762,1.4712,1.4744,1.5578,1.7042,1.5773,1.5687,1.6476
6.3564,6.8604,7.408,6.4986,6.9095,7.2435,7.0428,6.7271,6.9782,7.2832
44.531,54.269,51.987,39.362,42.634,54.252,47.419,44.631,46.806,51.017
-17.226,-17.594,-18.4,-16.405,-20.158,-20.784,-18.068,-17.363,-18.152,-20.203
-31.456,-31.999,-27.758,-31.997,-35.404,-31.098,-32.221,-32.796,-30.2,-34.124
3.7402,3.4327,3.9687,3.0852,1.7534,2.9816,2.7727,2.3405,1.9438,2.0124
73.211,77.933,75.765,77.033,78.396,79.538,78.399,76.652,80.386,79.151
15.11,14.336,12.766,14.87,17.978,16.313,13.125,14.818,16.588,14.191
116,121,115,117,143,171,116,112,126,120
20,27,21,31,10,9,48,12,32,32
3677.9,2774.7,3244.3,3749.9,4039,3407.9,4116.4,2682.6,2401.7,3366.9
6.0254e+07,4.5045e+07,5.6857e+07,5.8829e+07,5.7952e+07,5.228e+07,6.499e+07,4.2353e+07,4.0064e+07,5.9006e+07
0.27504,0.19856,0.22823,0.2594,0.29156,0.22275,0.27557,0.20244,0.18125,0.25641
4465.2,661.33,796.92,4453.1,3752.7,790.35,6601.3,607.2,679.95,796.99
