14045,15611,16379,17942,17184,16630,17616,17084,17412,17539
15580,15038,14420,14979,14802,14792,15294,15320,15490,15718
3323,3385,4328,3782,3984,4032,3494,3609,3557,3385
2107,2067,1688,2485,2207,1492,2094,2176,1194,1715
0.36593,0.38936,0.60998,0.34294,0.44603,0.62996,0.40069,0.39706,0.66432,0.49335
11170,12213,14149,13554,12660,13752,13802,14001,13554,12114
0.91798,0.92167,1.0395,1.0924,1.0303,1.0014,0.98769,0.9298,1.0229,0.84501
73,71,12,81,60,10,76,77,12,50
153.01,172.01,1179.1,167.33,211,1375.2,181.61,181.83,1129.5,242.28
1.0196,1.0252,1.0476,1.0274,1.0465,1.0311,1.0342,1.0346,1.0328,1.0141
1.0001,0.97295,0.99105,0.98728,0.97732,0.98878,0.9942,0.99037,0.98024,0.99214
10.172,10.341,10.37,9.084,11.09,9.8102,10.262,10.743,10.138,11.071
22,29,28,24,33,28,24,34,31,30
26,32,30,28,32,28,30,32,30,31
377.54,266.67,276.41,336.01,383.8,263.89,273.78,429.25,289,349.37
377.54,266.67,276.41,336.01,383.8,263.89,273.78,429.25,289,349.37
49.574,47.733,49.301,49.918,54.745,49.744,50.939,61.09,49.093,55.383
1.5233,1.4656,1.3561,1.3128,1.4131,1.4327,1.6008,1.6749,1.3493,1.4924
6.6405,6.1519,5.9287,5.394,6.3374,5.8522,6.3086,7.9098,6.068,6.7233
45.411,36.358,27.21,26.006,40.269,27.957,28.879,54.946,33.516,39.353
-17.741,-10.881,-11.663,-13.66,-17.174,-11.815,-11.645,-19.205,-18.049,-15.018
-18.032,-10.415,-12.545,-23.308,-17.986,-23.488,-19.582,-20.62,-13.865,-14.015
2.6508,3.5358,3.3801,1.8806,2.3476,2.0396,2.8429,2.4009,2.9001,3.1627
68.575,73.736,74.304,74.037,73.27,71.344,72.846,73.665,73.68,70.066
18.343,17.553,16.837,18.382,19.879,17.939,18.403,21.735,19.374,17.797
133,130,149,122,124,130,129,152,151,112
27,12,37,21,18,30,14,7,10,26
2340.1,1230.8,3602.9,3045.8,3403.7,3622.7,3706.2,3498.6,3506.9,2848.1
2.6139e+07,1.5031e+07,5.0977e+07,4.1283e+07,4.3091e+07,4.9819e+07,5.1152e+07,4.8984e+07,4.7532e+07,3.4502e+07
0.19232,0.09288,0.26468,0.24547,0.27699,0.26379,0.26522,0.23234,0.26465,0.19867
744.68,825.44,3351,710.67,965.43,3795.5,841.75,887.26,3370.2,1084.4
