14676,12948,13851,14078,14906,16547,16142,15432,17716,9955.1
14725,16205,16439,13896,14937,12693,11939,15512,14741,11993
2854,3094,2687,2718,2593,2641,2635,2735,2650,2656
1506,1625,1094,1019,968,312,349,1400,988,396
0.47232,0.47479,0.59285,0.62509,0.62669,0.88186,0.86755,0.48812,0.62717,0.8509
22838,18022,19958,18717,19512,18022,15341,15788,16731,15390
1.8586,1.6087,1.4282,1.1952,1.191,1.061,0.81631,0.9854,0.95781,0.80855
67,76,45,38,43,2,2,66,42,3
340.87,237.13,443.51,492.55,453.77,9011,7670.5,239.21,398.36,5130
1.0012,1.0177,0.99495,1.0757,1.0036,1.0829,1.0576,0.99144,0.98918,1.004
0.98993,0.99546,0.99174,0.9462,0.97629,0.97877,0.98188,0.98578,0.97062,0.96307
5.5219,6.7843,5.9362,7.6921,7.1381,8.8099,9.324,8.6203,8.4711,8.7852
18,23,19,20,21,24,22,19,21,22
24,27,24,22,25,22,22,24,23,23
498.01,566.05,522.53,441.16,544.73,518.43,343.51,687.08,669.54,473.83
498.01,566.05,522.53,441.16,544.73,518.43,343.51,687.08,669.54,473.83
62.63,60.925,65.816,64.835,77.626,70.335,63.063,73.343,76.74,65.608
1.5537,1.4834,1.6097,1.7689,2.0768,2.2912,1.8305,1.9717,2.1188,2.0246
7.6262,7.3012,7.3203,7.1669,9.4213,9.1255,7.3209,9.1914,9.1119,7.9755
52.081,57.473,48.142,31.243,64.643,49.072,31.392,68.657,75.385,50.924
-25.976,-32.214,-22.774,-17.258,-25.714,-23.825,-15.955,-38.974,-29.136,-22.903
-21.046,-22.363,-23.283,-23.974,-34.372,-34.397,-14.416,-21.517,-14.01,-9.1548
15.265,12.868,14.458,12.335,16.234,13.454,12.095,13.759,13.719,11.883
64.118,67.844,72.43,71.134,70.599,69.643,71.957,73.072,74.372,62.175
13.381,16.001,16.318,14.735,15.24,16.583,14.9,13.435,13.378,14.458
107,115,112,114,114,121,116,132,110,125
22,16,25,36,21,12,29,39,33,29
1340.9,1688.3,1376.5,2277.4,1992.7,2436.2,2213.3,1640.6,1551.2,1868.6
3.0623e+07,3.0427e+07,2.7472e+07,4.2625e+07,3.8881e+07,4.3906e+07,3.3954e+07,2.5901e+07,2.5953e+07,2.8758e+07
0.10912,0.1507,0.098503,0.14542,0.12163,0.14343,0.11777,0.10239,0.088803,0.098174
801.77,585.5,803.6,968.72,956.16,10881,9442.4,708.66,889.63,4057.5
