13236,12288,13951,14114,13891,13729,14319,13851,13651,13076
16649,15648,14477,14180,14678,14916,14569,15375,15526,15915
2313,2901,2657,2922,2953,2448,3119,2781,3000,2807
244,313,214,1384,1375,188,1103,130,304,1304
0.89451,0.89211,0.91946,0.52635,0.53437,0.9232,0.64636,0.95325,0.89867,0.53545
13901,14050,13603,14645,14746,13255,16979,14547,15589,14844
1.3263,1.2024,1.3443,1.2406,1.0116,1.0479,1.1275,1.1724,1.1872,0.98579
5,4,5,78,78,4,51,3,5,76
2780.2,3512.5,2720.6,187.76,189.05,3313.8,332.92,4849,3117.8,195.32
0.99675,1.0128,0.99997,0.99962,1.0095,1.0222,1.0526,1.0104,1.0155,0.9956
0.94258,0.97856,0.98583,0.99465,0.97514,0.9995,0.96863,0.97355,0.99577,0.98096
7.7892,9.3654,8.5676,8.9611,8.9986,8.8647,8.4248,9.2257,9.1613,9.7096
24,31,29,33,33,26,33,29,32,32
23,27,26,28,31,28,29,26,28,28
306.67,277.56,287.22,302.64,322.26,358.09,307.18,303.14,285,292.54
306.67,277.56,287.22,302.64,322.26,358.09,307.18,303.14,285,292.54
54.086,51.38,50.866,56.491,59.873,60.238,53.224,55.108,53.481,58.006
1.758,1.569,1.3875,1.575,1.6931,1.6306,1.4303,1.7302,1.5717,1.8099
6.9555,6.6766,6.0561,7.0009,7.2614,7.4674,6.2549,7.1044,7.1023,7.1922
30.691,28.369,30.824,42.646,33.032,33.965,29.971,30.332,33.174,27.57
-13.746,-14.822,-13.241,-13.387,-14.577,-20.202,-13.743,-13.573,-17.317,-14.207
-23.511,-24.404,-22.29,-28.772,-29.424,-30.1,-25.21,-25.352,-30.908,-28.787
3.2111,3.4443,2.4202,1.8142,1.7735,1.94,6.4948,2.1527,5.4137,0.54521
53.756,60.682,61.64,64.04,61.563,67.069,64.9,63.862,69.462,67.507
13.678,12.555,13.363,10.355,11.875,15.369,13.443,12.398,14.88,12.306
83,99,97,92,92,104,96,95,114,99
12,25,7,28,18,8,0,20,14,26
4051.3,4702.8,3923.6,3322.7,4579.3,5016.1,4652.3,4178,4742.3,3447.3
5.6317e+07,6.6074e+07,5.3372e+07,4.8661e+07,6.7526e+07,6.6488e+07,7.8991e+07,6.0777e+07,7.3928e+07,5.1172e+07
0.38654,0.40247,0.38774,0.28147,0.31414,0.39656,0.30894,0.33672,0.36115,0.22894
1645.1,4414.8,2383.1,508.57,451.57,1693.4,772.62,1331.7,4353.8,572.52
