16139,12643,13115,16127,15225,14461,14317,14727,16189,17109
15977,17185,16525,18448,17040,17208,16490,16975,17218,17413
3859,2032,1984,2323,1682,1875,2344,2063,1687,1838
2667,1316,1121,768,359,843,1392,585,769,415
0.30889,0.35236,0.43498,0.66939,0.78656,0.5504,0.40614,0.71643,0.54416,0.77421
16185,15093,15639,17327,16880,15291,15043,14646,16383,17575
1.5097,1.9276,1.6643,1.2399,1.5231,1.7152,1.5806,1.4827,2.0296,1.8705
45,44,46,5,7,29,52,6,27,6
359.67,343.02,339.98,3465.4,2411.4,527.28,289.29,2441,606.78,2929.2
0.99192,0.99297,0.98815,0.96705,0.97727,0.99931,0.9842,1.0065,0.98612,0.96912
1.0686,1.0158,1.0279,1.0344,1.0891,1.0157,1.021,1.0541,1.0275,1.0604
6.641,5.9848,6.5269,6.531,5.7971,6.1179,6.6938,6.6964,5.7659,6.0183
22,20,20,21,19,20,23,22,20,18
16,14,21,22,14,18,18,21,16,20
277.8,201.95,265.74,301.17,222.6,229.62,266.67,200.84,249.56,284.73
277.8,201.95,265.74,301.17,222.6,229.62,266.67,200.84,249.56,284.73
46.072,41.004,48.66,51.847,46.148,41.841,45.527,45.827,52.131,54.153
1.6537,1.5763,1.851,1.7023,1.6759,1.5899,1.6511,1.8415,2.1052,1.9039
6.2003,6.1356,6.7976,6.8395,6.5441,6.1389,6.0265,6.8767,7.8319,7.5553
34.388,24.729,22.817,25.966,26.637,23.849,26.374,26.086,28.152,25.205
-11.949,-12.08,-12.973,-13.114,-12.961,-10.597,-13.364,-10.921,-14.472,-14.858
-22.292,-15.657,-24.981,-21.28,-17.503,-13.238,-21.668,-21.663,-20.491,-13.988
15.08,15.312,13.137,13.909,17.208,12.213,11.431,12.418,21.124,18.539
82.672,90.304,88.231,90.623,90.803,90.721,87.977,87.49,88.707,91.653
20.107,21.902,19.092,22.512,19.473,20.289,20.075,19.145,16.545,19.99
139,138,131,163,157,193,151,127,129,138
32,24,37,22,34,33,37,17,39,39
2309.7,1018.2,1516.5,2782,2468.4,1034.2,1748.8,2166.2,1843.6,2647.7
3.7383e+07,1.5367e+07,2.3717e+07,4.8203e+07,4.1666e+07,1.5814e+07,2.6308e+07,3.1726e+07,3.0203e+07,4.6533e+07
0.21544,0.13003,0.16138,0.19908,0.22272,0.11601,0.18376,0.2193,0.22839,0.28179
1048.6,1004.6,969.4,7710.2,4139.7,1302,833.74,4292.1,1322.2,4953.2
