14000,15003,15714,16609,12910,13432,14317,12386,12988,15093
16424,14908,14571,14740,15049,15620,14691,15764,15997,14951
2625,3125,3282,3188,3375,3203,3265,2979,3328,3360
146,1020,292,205,516,988,1032,245,1556,278
0.94438,0.6736,0.91103,0.9357,0.84711,0.69154,0.68392,0.91776,0.53245,0.91726
22043,22341,24923,25121,19263,19561,21100,20504,20901,21845
1.5911,1.4488,1.5793,1.5563,1.599,1.3419,1.7692,1.6058,1.6367,1.5238
5,54,5,5,6,54,56,5,87,4
4408.6,413.72,4984.6,5024.2,3210.5,362.24,376.79,4100.8,240.24,5461.2
0.93674,0.91854,0.92926,0.93213,0.94632,0.96844,0.94241,0.93797,0.95819,0.97143
1.0378,1.022,1.0099,1.0409,1.0148,1.0152,1.0183,1.0169,1.0363,1.0354
7.8685,7.6091,8.1305,8.3037,8.6934,9.2312,9.2877,7.5675,8.4926,8.1732
17,15,16,17,13,15,12,16,20,16
22,20,24,23,21,26,22,20,27,25
351.93,345.95,418.19,386.33,345.23,300.16,350.95,367.26,392.95,386.33
351.93,345.95,418.19,386.33,345.23,300.16,350.95,367.26,392.95,386.33
65.824,55.908,60.097,64.858,50.681,54.124,61.949,53.598,57.858,55.303
2.1336,1.6237,1.8919,2.1493,1.5794,1.8029,2.0359,1.5337,1.7052,1.6096
8.1264,6.8069,7.3782,8.2435,6.2446,6.8545,7.737,6.4179,7.1068,6.6932
31.317,39.301,39.251,43.884,34.519,33.839,37.667,34.82,41.755,40.413
-23.087,-14.528,-17.805,-17.179,-15.106,-14.598,-15.08,-19.744,-20.715,-18.875
-12.388,-6.8265,-4.0985,-10.711,-12.526,-11.003,-10.969,-1.481,-4.6445,-1.9392
4.841,3.9045,1.3208,2.9463,6.093,3.9239,3.5808,2.3341,1.8226,0.44109
86.686,88.758,83.869,83.756,79.705,80.919,81.984,82.89,84.585,86.054
22.27,21.132,18.16,16.52,20.408,19.633,18.113,13.832,17.432,16.949
242,179,163,122,132,127,129,123,143,132
37,41,32,29,4,9,14,39,27,27
5923.1,5265.6,7384.2,8480.6,7445.6,6392.9,7627.9,6081.8,6409.6,7728.3
1.3056e+08,1.1764e+08,1.8404e+08,2.1304e+08,1.4342e+08,1.2505e+08,1.6095e+08,1.247e+08,1.3397e+08,1.6883e+08
0.42753,0.34148,0.46792,0.52537,0.61805,0.43856,0.63961,0.4763,0.50193,0.53909
2248.7,864.82,6430.5,3761.4,6177.5,869.91,767.03,4511.1,698.99,6850.7
