13704,14945,16856,13629,21591,11832,24998,9166.3,21425,25396
13820,16303,15313,16128,16517,15922,16185,17170,15987,16988
1110,1141,1119,1151,1390,1750,1297,1370,1281,1281
83,0,22,90,637,687,0,125,42,0
0.92523,1,0.98034,0.92181,0.54173,0.60743,1,0.90876,0.96721,1
10873,10823,10575,11072,8887,9582,8589,10674,9383,8291
0.64012,0.72453,0.62704,0.62101,0.51588,0.63127,0.5844,0.5791,0.58128,0.55503
3,1,2,4,41,29,1,3,3,1
3624.3,10823,5287.5,2768,216.76,330.41,8589,3558,3127.7,8291
0.93792,0.95676,0.97406,0.9788,0.95438,0.94376,0.98262,0.96496,0.9366,0.93716
1.0565,1.0479,1.0458,1.0682,1.0069,1.0153,1.0088,0.99923,1.0123,1.0081
8.7793,8.4384,9.0646,9.4894,10.91,10.632,10.507,10.396,9.58,10.169
10,12,10,10,14,12,10,14,10,12
11,13,13,12,12,17,13,14,11,13
376.99,421.44,381.86,409.72,478.44,412.59,458.24,361.95,386.55,342.62
376.99,421.44,381.86,409.72,478.44,412.59,458.24,361.95,386.55,342.62
86.265,79.836,86.082,84.158,84.219,80.983,84.119,75.5,78.189,71.763
2.8604,3.0138,3.1234,2.9778,2.3803,2.3698,2.2938,2.4158,2.5329,2.3653
11.278,10.602,11.469,11.977,9.6901,10.422,10.73,10.005,9.4206,8.7532
39.456,49.403,40.817,47.97,38.435,55.356,50.496,38.766,36.159,43.92
-17.66,-18.152,-24.605,-19.431,-28.01,-18.235,-27.754,-17.414,-17.57,-13.833
-24.011,-15.55,-10.071,-8.6135,-16.396,-16.193,-18.035,-22.574,-12.275,-12.669
9.2339,8.9807,8.3498,9.131,5.3518,10.072,6.7001,7.8944,8.2547,5.0663
60.895,70.772,70.486,68.759,74.788,70.388,67.016,72.25,73.659,70.31
17.4,16.451,18.395,17.945,17.879,18.993,18.719,16.379,18.984,15.512
101,107,119,115,110,107,111,115,121,114
15,24,26,24,30,3,3,21,23,30
5391.8,5171.5,6341.2,6125,3474.2,4501.3,5557.8,4192.8,5961.2,4833.3
5.8625e+07,5.5971e+07,6.7058e+07,6.7816e+07,3.0876e+07,4.3131e+07,4.7736e+07,4.4754e+07,5.5934e+07,4.0073e+07
0.31743,0.3462,0.376,0.34354,0.20167,0.29655,0.37816,0.22748,0.3693,0.32356
6198.1,0,7719.2,4102.4,898.2,960.49,0,12165,322.56,0
