13933,13930,15625,8251,17006,25072,7519.8,7562.7,7498.1,21504
15137,14608,15121,10653,15668,19650,19219,10228,18559,9571.6
3437,3104,3057,2963,3062,3031,2979,2995,2995,3447
1587,1358,957,1303,879,1315,120,142,105,1277
0.53826,0.5625,0.68695,0.56024,0.71293,0.56615,0.95972,0.95259,0.96494,0.62953
17426,14397,15391,13851,12958,12560,12065,12759,12114,13306
1.0407,0.84758,0.84608,0.90529,0.88893,0.83411,0.80767,0.91305,0.93106,1.0228
93,84,54,79,54,82,4,5,4,47
187.38,171.39,285.02,175.33,239.96,153.17,3016.2,2551.8,3028.5,283.11
1.0212,1.0096,1.0207,1.0319,1.0197,1.0119,0.99288,0.99327,1.0016,1.0065
0.9956,1.0069,1.0071,0.99922,0.99021,1.0011,0.97418,1.038,1.0325,1.0163
10.056,11.979,12.085,10.28,10.743,11.638,11.658,10.995,10.947,10.331
31,33,29,23,25,29,27,27,29,29
33,31,29,29,32,32,28,30,30,30
333.86,315.72,370.83,308.39,265.74,406.48,435.79,452.38,298.2,300.86
333.86,315.72,370.83,308.39,265.74,406.48,435.79,452.38,298.2,300.86
57.024,55.848,62.2,49.028,44.863,53.405,53.687,54.915,44.511,46.167
1.8126,1.8633,2.2761,1.522,1.6744,1.7374,1.6362,1.5479,1.4616,1.4629
7.2436,7.5143,8.4858,6.2786,6.3351,6.872,6.6277,6.9984,5.6968,5.6714
31.591,41.26,37.608,28.914,28.341,43.241,40.238,52.103,20.797,30.499
-14.539,-14.493,-14.496,-14.365,-16.374,-17.126,-18.724,-22.616,-14.388,-13.452
-21.559,-29.616,-27.62,-10.637,-17.216,-21.384,-6.6655,-23.684,-27.572,-26.226
0.17403,0.72999,0.98044,0.89935,0.38894,0.28893,0.13012,-0.50742,0.31085,-0.20547
78.558,80.82,90.455,73.752,89.721,79.678,81.742,74.01,84.844,82.127
15.822,15.348,18.633,14.483,18.039,16.466,17.329,16.805,19.099,18.459
133,125,158,127,167,137,145,122,166,159
30,18,25,31,34,21,8,14,25,12
4082.1,4296.7,4510.6,3138.4,3599.2,4358.2,7232.5,5614.6,5296.5,4174
7.1135e+07,6.186e+07,6.9423e+07,4.347e+07,4.6639e+07,5.4739e+07,8.726e+07,7.1636e+07,6.4162e+07,5.5539e+07
0.24378,0.25296,0.24796,0.20512,0.24691,0.28943,0.48417,0.40179,0.40708,0.32083
545.25,592.66,687.35,522.47,500.5,485.69,854.93,741.61,900.64,443.72
