14039,16451,15999,16572,16258,16528,14798,14678,15575,14830
16300,15693,16077,15620,15135,14809,16324,16370,16287,15563
3421,3500,3672,3057,2890,2969,2791,2828,2781,2828
1785,2229,2059,1560,1799,1863,825,1709,1674,896
0.47822,0.36314,0.43927,0.4897,0.37751,0.37252,0.70441,0.39569,0.39806,0.68317
13355,14100,12213,11468,11767,13802,13802,12114,12263,12014
1.2182,1.2586,0.719,0.97137,1.0391,1.0708,1.1934,1.093,1.0283,1.0073
40,70,49,42,60,63,5,60,58,5
333.88,201.43,249.24,273.05,196.12,219.08,2760.4,201.9,211.43,2402.8
0.98771,1.0107,1.0365,1.0053,1.0136,1.0135,1.0372,1.013,1.0136,1.0064
0.97937,0.97648,0.96063,0.95727,0.97378,0.96916,0.95938,0.96682,0.96941,0.97389
8.5722,8.5571,11.349,10.135,10.039,9.5194,9.7837,9.9411,10.31,9.5518
25,24,25,22,23,22,23,22,22,22
26,25,26,25,26,25,25,25,25,23
216.92,325.38,268.74,268.69,235.98,309.11,334.86,345.26,314.19,283.24
216.92,325.38,268.74,268.69,235.98,309.11,334.86,345.26,314.19,283.24
40.734,47.362,51.961,45.77,41.787,52.462,54.549,49.29,49.834,46.491
1.3626,1.411,1.5167,1.4337,1.4591,1.7348,1.607,1.4054,1.5618,1.5554
5.5009,6.3373,6.149,6.0518,5.7431,6.9456,7.0422,6.694,6.4797,5.9369
20.851,36.214,25.623,32.055,22.156,29.818,41.744,40.736,38.098,30.894
-10.89,-15.202,-12.76,-11.946,-11.581,-14.72,-15.454,-15.335,-12.926,-13.887
-36.908,-40.069,-34.055,-42.661,-38.972,-37.915,-38.438,-40.419,-41.325,-35.717
1.7902,1.4694,-1.3936,1.1658,1.3002,1.7094,0.95854,1.7166,0.80035,0.32853
71.664,67.832,64.25,66,68.246,61.113,69.805,69.203,68.141,62.741
16.442,14.853,18.071,16.062,19.958,15.025,17.791,20.01,16.977,15.188
115,121,118,108,139,99,125,123,126,108
23,26,14,12,13,16,29,5,9,20
2956.9,2350.2,5125.1,3347.8,3119.2,3217.3,4549.5,3183.5,3385.5,3682.7
3.949e+07,3.3138e+07,6.2593e+07,3.8392e+07,3.6704e+07,4.4405e+07,6.2793e+07,3.8565e+07,4.1517e+07,4.4244e+07
0.26972,0.20978,0.30172,0.28357,0.27545,0.2496,0.39339,0.28725,0.28388,0.30877
1142.1,845.01,1152.7,1136.8,1019.6,1015,9377.2,960.99,1060.6,8119
