13555,15458,12481,15158,14296,14880,16447,16380,13826,14369
17624,16650,18556,17334,18037,18695,15443,18024,19178,19131
1453,1422,1495,1297,1329,1307,1500,1307,1266,1281
152,713,199,664,183,199,163,666,193,403
0.89539,0.49859,0.86689,0.48805,0.8623,0.84774,0.89133,0.49044,0.84755,0.6854
18568,15986,15986,15837,16483,14497,13802,12760,13454,13305
1.2042,1.276,1.2759,1.4771,1.4105,1.2279,1.3321,1.2176,1.2272,1.3306
3,35,4,35,4,4,3,33,3,18
6189.3,456.74,3996.5,452.49,4120.8,3624.2,4600.7,386.67,4484.7,739.17
1.04,0.93269,0.93115,0.94349,0.92416,0.93594,0.91099,0.93282,0.92516,0.92594
0.99807,1.0204,0.97668,0.98101,0.96987,0.97789,0.95995,0.97591,0.9836,0.97497
6.1115,6.2279,6.4675,5.9755,5.7205,6.6153,6.2672,6.8937,6.9228,6.5799
11,13,11,10,10,10,11,11,10,10
12,12,14,12,13,10,10,10,12,12
385.73,325.9,331.3,303.71,290.53,314.61,314.61,295.28,306.62,296.91
385.73,325.9,331.3,303.71,290.53,314.61,314.61,295.28,306.62,296.91
79.293,67.948,69.264,72.247,70.922,73.898,64.28,67.145,69.097,69.387
2.8555,2.2876,2.445,2.6796,2.9675,2.4583,1.7526,2.3312,2.6203,2.2643
10.795,8.7902,9.0034,9.8267,10.144,10.287,7.7155,8.9364,9.3816,9.1646
40.419,35.301,35.104,32.037,31.439,36.126,33.935,34.229,31.446,32.983
-20.612,-13.511,-15.103,-16.963,-15.077,-18.175,-15.425,-13.222,-13.001,-14.074
5.6633,-11.94,-22.813,-17.562,-17.305,-19.445,-24.449,-20.499,-18.403,-26.854
-6.2354,-3.9623,-5.0548,-5.3364,-5.5123,-6.2726,-4.0258,-4.5986,-4.958,-6.1569
90.158,90.776,96.722,92.397,88.619,88.617,92.489,94.053,97.291,94.772
25.209,25.002,24.992,24.421,23.028,19.783,26.177,26.575,25.547,26.985
189,199,166,179,144,138,183,202,191,186
21,33,15,27,3,43,24,30,32,14
3312.3,1346.9,1833.5,1541.2,1750.4,2009.4,1521.3,1564.5,2047.7,1575.8
6.1503e+07,2.1532e+07,2.931e+07,2.4408e+07,2.8851e+07,2.9131e+07,2.0997e+07,1.9962e+07,2.755e+07,2.0966e+07
0.2148,0.10751,0.14634,0.14374,0.14978,0.1702,0.14683,0.14928,0.18679,0.1576
3841.3,941.01,4200.8,926.67,2406.1,2740.8,6121.9,954.24,4157.9,936.59
