13660,10870,12999,12973,13824,11190,11953,10822,11729,11966
14284,14297,14387,15900,14965,14346,15275,17177,19866,9939.2
1656,1812,1844,1750,1807,1641,1812,1797,1641,1885
697,0,791,750,21,21,539,42,671,64
0.57911,1,0.57104,0.57143,0.98838,0.9872,0.70254,0.97663,0.5911,0.96605
23880,19114,19362,16086,18617,16285,14795,16830,15192,16036
3.8867,2.6895,2.9226,2.6182,3.2881,3.0041,2.8562,3.9919,3.6034,4.4372
45,1,51,49,2,2,34,3,43,4
530.67,19114,379.65,328.29,9308.5,8142.5,435.15,5610,353.3,4009
0.97496,0.98161,1.0117,0.99173,1.0072,0.99702,0.99871,0.99641,1.0028,0.99227
1.0667,1.0011,0.9325,1.0027,0.93137,1.0089,1.0004,0.98877,0.96625,0.98555
2.6046,3.0896,2.8789,3.2269,2.675,2.6944,3.2689,2.5397,2.7478,2.9269
10,10,14,10,10,9,10,10,10,12
15,16,16,16,15,15,16,16,15,20
194.66,168.29,183.97,128.58,150.36,146.29,147.93,147.31,137.71,156.6
194.66,168.29,183.97,128.58,150.36,146.29,147.93,147.31,137.71,156.6
39.297,35.244,35.128,30.143,31.079,29.723,27.672,28.119,26.595,27.765
1.1484,1.0137,1.0075,0.91619,0.9144,0.96567,0.9374,0.8766,0.8953,0.93233
4.7732,4.0303,4.2011,3.7845,3.8266,3.9957,3.6964,3.6511,3.3436,3.6669
21.144,13.772,15.666,13.891,14.728,18.86,15.803,15.356,13.433,17.556
-10.689,-7.9679,-8.738,-7.6651,-8.0566,-8.3097,-6.7343,-6.5689,-7.2006,-9.0977
-2.0954,-14.859,-4.9119,-11.946,-2.8213,-13.521,-16.017,-4.8141,-9.8104,-8.6615
12.829,8.7718,10.1,8.6739,9.3131,9.1871,8.1181,9.3205,8.3112,8.6752
61.539,64.11,67.29,66.853,63.385,70.4,68.355,67.733,69.5,64.386
13.061,14.456,15.766,15.441,13.12,13.306,14.299,13.234,11.496,12.131
94,105,105,101,91,105,112,100,104,105
21,12,8,20,13,23,18,14,28,20
966.24,1461,843.92,981.9,1005.2,760.77,752.37,581.18,622.27,793.35
2.3074e+07,2.7926e+07,1.634e+07,1.5795e+07,1.8713e+07,1.2389e+07,1.1131e+07,9.7813e+06,9.4535e+06,1.2722e+07
0.15727,0.20558,0.12738,0.15981,0.17753,0.14034,0.14525,0.13785,0.1476,0.21952
382.43,0,280.69,282.22,502.14,121,322.24,383.26,246.86,199.09
