14425,12267,15009,15111,15421,14489,14993,16160,16110,12108
15792,14989,14676,15046,13655,16243,15751,14110,13754,14561
1047,1260,1322,1370,1375,1422,1484,1557,1469,1603
440,610,452,99,419,608,167,277,89,462
0.57975,0.51587,0.65809,0.92774,0.69527,0.57243,0.88747,0.82209,0.93941,0.71179
19512,20107,19859,19213,22241,19511,20355,19809,23632,20851
1.2958,1.255,1.0433,0.96079,0.99798,0.80581,0.85335,0.81405,0.98578,1.0554
29,32,25,3,22,28,3,5,3,28
672.83,628.34,794.36,6404.3,1011,696.82,6785,3961.8,7877.3,744.68
0.98561,0.99706,0.96787,1.0357,0.9743,0.99931,0.97138,1.0105,1.0218,0.98603
1.0262,1.0099,1.0529,0.98863,1.0588,1.0106,0.97791,1.0015,1.0144,1.031
6.2906,5.7627,7.1814,7.555,7.3261,8.8098,9.4244,9.3394,7.5623,7.9402
10,11,14,13,11,11,11,13,14,15
11,11,13,13,12,12,13,13,15,15
465.93,504.79,536.77,465.44,603.71,624.48,627.11,583.8,613.22,561.32
465.93,504.79,536.77,465.44,603.71,624.48,627.11,583.8,613.22,561.32
87.804,87.761,103.51,94.841,108.36,122.04,116.91,120.09,115.64,103.71
3.9908,3.4854,3.9282,3.5817,4.1875,4.5842,4.5403,4.5791,4.2591,3.4056
12.596,12.382,13.975,13.113,15.066,16.506,16.693,16.457,15.313,13.189
39.463,52.258,49.479,46.671,59.14,59.1,74.576,43.677,65.752,60.802
-19.765,-22.744,-26.694,-22.219,-31.551,-28.693,-29.294,-33.291,-29.154,-30.246
-23.512,-26.087,-24.923,-29.392,-27.839,-28.185,-27.512,-36.8,-25.901,-28.062
18.653,10.541,9.2406,6.6057,11.808,10.799,11.172,5.3882,6.9668,7.7602
77.538,63.583,62.712,63.208,64.156,64.934,67.649,61.77,64.965,60.924
15.907,19.033,18.775,13.286,19.749,15.672,17.927,18.156,23.275,15.691
117,100,110,90,107,100,108,101,166,89
22,12,22,32,15,21,14,15,3,9
4242.8,4013.2,4835.1,6904.1,6808.7,6582.3,8019.9,9769.8,8808.9,5430
8.2786e+07,8.0694e+07,9.6021e+07,1.3265e+08,1.5143e+08,1.2843e+08,1.6325e+08,1.9353e+08,2.0817e+08,1.1322e+08
0.28176,0.25048,0.25403,0.34526,0.30551,0.27185,0.33622,0.40149,0.36745,0.27484
1271.5,1060.3,1234.1,3963.2,1359.8,1430.1,9422,2745.8,3164.6,1081
