15398,16761,13149,18698,13537,14587,15437,13973,13323,16717
17930,16621,13952,18360,18267,12601,19592,8622.9,14997,20429
1557,1338,1964,1672,1531,1500,1485,1531,1510,1672
96,21,1027,158,499,719,668,68,62,739
0.93834,0.9843,0.47709,0.9055,0.67407,0.52067,0.55017,0.95558,0.95894,0.55801
22291,22788,23979,22292,20454,24079,22639,23532,24128,24972
1.7293,1.6449,1.7615,1.6822,1.5721,1.6797,1.9994,2.0348,1.9446,2.1593
4,2,47,4,27,41,39,2,2,45
5572.8,11394,510.19,5573,757.56,587.29,580.49,11766,12064,554.93
0.97862,0.97464,1.0105,0.97895,0.96239,0.97301,0.96923,0.98347,1.0046,1.0031
0.94359,0.94518,0.97583,0.9554,0.96653,0.95778,0.9643,0.9459,0.9533,0.91622
4.4617,4.1076,4.0974,4.3924,4.8852,4.2071,4.247,3.7661,4.2164,3.8333
16,16,19,17,18,16,18,17,17,16
17,16,17,15,16,16,16,16,16,17
370.13,499.79,405.78,360.29,399.11,403.21,418.86,431.01,437.15,456.56
370.13,499.79,405.78,360.29,399.11,403.21,418.86,431.01,437.15,456.56
72.485,93.979,69.552,69.171,74.621,74.115,72.28,67.524,76.816,66.891
1.8031,2.5149,1.8657,2.1203,1.8014,2.3882,2.3046,1.7651,2.3087,1.8984
7.9984,12.084,8.8338,8.9008,8.555,9.6122,10.192,8.2207,9.3839,8.6164
30.231,68.538,48.634,40.735,41.464,49.749,48.13,48.751,39.317,51.869
-19.972,-22.077,-22.502,-22.308,-19.055,-18.427,-19.433,-24.375,-29.875,-20.7
-30.175,-26.651,-30.363,-34.997,-32.535,-31.258,-28.914,-29.261,-30.178,-28.907
17.048,19.705,16.83,16.396,16.758,20.341,18.163,18.306,19.383,16.675
86.689,92.956,91.343,90.796,96.205,94.652,104.52,79.571,95.979,96.604
23.221,34.477,33.58,24.033,28.622,28.821,34.881,22.723,27.304,34.478
178,255,219,188,223,205,255,170,183,227
21,39,19,46,33,33,38,20,33,8
3218.1,3463.1,1825.9,2585.3,2744.6,1852.6,1882.3,2292,2688.8,1434.5
7.1734e+07,7.8917e+07,4.3782e+07,5.7632e+07,5.6138e+07,4.461e+07,4.2612e+07,5.3936e+07,6.4875e+07,3.5823e+07
0.24966,0.24997,0.13413,0.19509,0.21095,0.12924,0.16623,0.19819,0.2167,0.12404
1815.8,260.54,665.78,2727.9,751.74,887.37,784.12,5356,5931.6,724.97
