15572,15723,14715,15541,14869,15720,15329,15422,15663,15782
14535,14160,13819,13347,14922,15443,14038,15099,13945,13920
3000,2891,2797,2901,2760,2531,2479,2448,2985,2532
178,131,1245,126,1222,1134,52,74,0,99
0.94067,0.95469,0.55488,0.95657,0.55725,0.55196,0.97902,0.96977,1,0.9609
30831,30185,29987,30682,30930,30185,30384,30582,29490,30632
1.9686,1.7046,1.5366,1.6018,1.6672,1.627,1.6927,1.5866,1.632,1.4366
5,3,76,4,75,67,3,4,1,3
6166.2,10062,394.57,7670.5,412.4,450.52,10128,7645.5,29490,10211
0.98486,0.99167,1.0141,1.0081,1.0286,1.0187,1.0077,0.99621,0.98929,0.97884
0.90752,0.91354,0.87889,0.89057,0.91215,0.88538,0.8699,0.8777,0.88135,0.88113
7.4057,7.3239,7.0571,6.9105,6.8518,7.0704,6.6631,7.2391,7.5607,7.6518
29,32,30,30,30,28,29,27,26,29
28,29,26,30,28,22,24,24,26,23
520.52,401.28,693.32,478.71,426.6,566.52,556.53,545.32,588.85,632.07
520.52,401.28,693.32,478.71,426.6,566.52,556.53,545.32,588.85,632.07
86.362,80.316,90.192,79.822,82.459,95.498,95.754,104.05,102.83,110.77
2.4154,2.3547,2.4713,2.4828,2.3813,2.6953,2.485,3.3386,2.9372,3.1294
10.232,9.7076,11.04,10.351,9.9839,11.339,10.919,13.472,12.37,13.109
49.533,46.859,74.002,49.282,44.98,60.804,54.247,66.404,57.194,77.08
-24.074,-19.479,-36.667,-24.358,-20.475,-23.196,-28.73,-24.167,-23.581,-25.853
-3.0124,-4.2514,-4.4122,-3.7777,-1.351,-6.0372,-6.3706,-8.9647,-15.169,-9.231
13.352,13.412,10.08,13.64,12.366,14.781,10.978,11.286,8.1215,11.101
78.519,82.559,83.704,84.657,83.775,89.58,86.882,90.926,89.151,86.806
15.424,18.495,17.182,19.406,19.511,19.543,19.939,23.121,20.816,22.102
144,146,135,171,134,150,157,188,149,180
33,40,27,28,36,45,20,11,3,43
6979,6966,6077.8,6534,5560.7,6979.2,6681.1,7074.3,8008.4,10064
2.1517e+08,2.1027e+08,1.8225e+08,2.0048e+08,1.7199e+08,2.1067e+08,2.03e+08,2.1635e+08,2.3617e+08,3.0827e+08
0.44563,0.39338,0.31144,0.34111,0.29973,0.3762,0.37221,0.36702,0.44319,0.47196
4444,8559.7,901.1,5961.4,932.08,1041.1,3879.1,2822.6,0,3596.3
