17568,16882,16035,17251,16904,17632,18298,18251,17976,18929
15627,14303,14430,13773,13823,13682,12542,12663,12921,12884
2265,2218,2000,1797,1969,1906,1796,1844,1839,1938
811,1062,156,838,922,898,605,214,867,167
0.64194,0.52119,0.922,0.53367,0.53174,0.52886,0.66314,0.88395,0.52855,0.91383
21547,19759,22242,20901,19958,20554,22639,23732,26313,24129
1.4782,1.6081,1.7417,1.6845,1.4925,1.5234,1.8794,1.9126,1.8829,1.757
38,57,2,47,51,51,32,4,46,3
567.03,346.65,11121,444.7,391.33,403.02,707.47,5933,572.02,8043
1.0362,1.043,1.0282,1.0352,1.0729,1.049,1.0696,1.0486,1.0499,1.0596
0.97274,0.98074,0.99393,1.0005,0.99576,1.0028,1.0168,1.0016,1.0072,1.0062
5.551,5.0851,4.8001,4.761,5.3041,5.1304,4.2425,4.3786,4.2955,4.7528
10,12,7,7,9,10,6,9,10,7
16,20,18,18,15,16,16,16,17,16
269.29,279.25,308.73,350.9,321.43,296.91,290.37,291.81,423.2,390.19
269.29,279.25,308.73,350.9,321.43,296.91,290.37,291.81,423.2,390.19
53.979,46.977,55.828,59.943,58.973,54.763,57.378,60.201,65.639,60.55
1.8675,1.4023,1.7085,2.16,2.0092,1.5306,1.68,1.9785,2.1022,2.0441
6.9459,5.8132,6.9342,8.3146,7.855,6.7724,6.9069,7.8514,8.5566,7.7557
26.951,27.635,32.947,35.356,32.671,28.227,26.018,32.479,44.629,39.613
-12.386,-12.135,-17.073,-15.464,-14.579,-12.854,-12.7,-15.716,-24.289,-21.108
-7.8108,-7.3506,-8.0499,-9.5947,-10.948,-13.671,1.3155,-8.2315,-13.817,-11.416
1.2709,0.64381,0.13849,1.9322,0.21521,0.12712,2.3984,2.0317,1.3556,0.16681
76.879,72.721,82.382,80.858,83.427,80.151,79.589,80.161,78.276,74.453
17.846,11.55,13.295,15.762,15.868,17.842,16,15.653,15.745,14.714
132,101,123,127,134,172,128,141,126,109
16,33,52,40,43,45,32,20,4,35
3008.6,1782.2,2735.8,1745,1722.8,1718,1958.5,2449.2,1562.4,2436.3
6.4827e+07,3.5214e+07,6.0849e+07,3.6472e+07,3.4384e+07,3.5312e+07,4.4339e+07,5.8125e+07,4.1111e+07,5.8786e+07
0.20639,0.14504,0.21423,0.14063,0.12884,0.12734,0.16259,0.19739,0.1118,0.17741
786.61,617.9,10148,720.56,717.21,730.31,748.3,3400.5,823.33,5987.1
