13096,13932,14496,14147,15219,6826.3,24604,10109,15741,19046
17773,17709,18259,18165,17696,19867,19778,19262,19838,20301
2765,2390,2610,2338,2390,2854,2031,2391,2235,2229
1172,1333,583,1128,1009,1755,1096,424,554,433
0.57613,0.44226,0.77663,0.51754,0.57782,0.38507,0.46036,0.82267,0.75213,0.80574
16036,13703,14000,14348,15390,12412,11568,13653,13156,15639
1.1886,0.94791,0.90791,0.89546,0.8632,0.66474,0.63595,0.70394,0.74801,0.75474
42,58,5,59,41,60,51,6,5,5
381.81,236.26,2800,243.19,375.37,206.87,226.82,2275.5,2631.2,3127.8
1.0243,0.99874,1.0263,0.98385,1.0325,1.0168,1.0331,0.99378,1.0355,1.0104
1.027,1.0039,1.0362,1.0715,1.0603,1.0494,1.0048,1.0338,1.0438,1.0432
6.3243,7.0457,7.7511,8.4164,8.1244,10.244,9.3846,8.6634,8.9917,6.765
21,18,18,18,21,21,15,18,16,19
23,20,22,23,23,24,20,20,17,19
413.17,323.98,387.54,429.53,481.26,432.84,438.44,393.69,375.04,464.13
413.17,323.98,387.54,429.53,481.26,432.84,438.44,393.69,375.04,464.13
60.188,59.031,61.48,75.573,78.421,72.102,72.916,72.455,75.045,75.887
1.3761,1.5592,1.6666,1.6321,2.051,1.8607,1.8026,1.7512,2.1926,1.7772
6.9763,6.9373,7.3866,8.4597,9.5563,9.1885,8.1009,8.2984,9.0373,8.2869
41.298,25.671,49.391,48.76,51.258,57.712,36.81,42.226,42.683,34.659
-18.272,-14.183,-16.114,-17.772,-22.75,-18.411,-18.541,-19.787,-16.931,-19.247
-33.9,-27.368,-42.475,-38.114,-36.82,-36.599,-44.215,-36.172,-46.47,-42.463
8.6608,8.6658,8.7148,8.9988,9.2239,6.772,9.1764,10.486,9.9669,9.1631
73.682,77.354,82.327,80.577,83.886,71.191,67.959,82.688,79.678,71.527
26.172,19.101,23.913,23.225,20.758,19.026,18.874,24.745,25.785,22.662
171,134,150,151,142,124,146,168,217,157
13,18,5,21,18,5,19,13,33,11
1637.7,1295.5,1774.2,1966.9,2278.6,1831.7,1678.4,2605,2184.1,1430.4
2.6261e+07,1.7753e+07,2.4839e+07,2.8222e+07,3.5067e+07,2.2735e+07,1.9416e+07,3.5565e+07,2.8734e+07,2.2369e+07
0.12138,0.089618,0.11506,0.12276,0.1278,0.0981,0.092272,0.13431,0.12418,0.06903
706.44,617.46,2497.7,692.12,898.89,967.65,720.87,2073.6,2484.5,2043.6
