9223.3,8787,7002.9,10057,8513.3,9194.5,7530.4,8247.1,6773.6,9363.8
15932,15673,19776,12365,18432,10178,14491,18936,22115,10833
2406,2447,2657,3057,2453,2203,2375,2422,2375,2219
1169,1272,699,814,1219,801,1165,1286,1217,296
0.51413,0.48018,0.73692,0.73373,0.50306,0.6364,0.50947,0.46903,0.48758,0.86661
24724,23334,20703,26908,25469,25816,24079,22689,21646,22639
5.7007,5.6968,4.7736,6.5693,4.6982,6.4946,5.8787,4.9572,3.9065,5.5271
60,62,5,6,59,36,59,57,62,4
412.07,376.35,4140.6,4484.7,431.68,717.11,408.12,398.05,349.13,5659.8
0.98388,0.99838,0.99674,0.98199,0.99127,0.99414,0.98453,0.99732,0.99342,0.98888
0.97431,1.0129,1.0076,0.95175,0.92768,0.96443,0.94259,1.0056,0.90013,0.95436
3.1439,3.0583,3.2569,3.3923,3.6021,3.2758,3.5537,3.3788,3.61,3.3279
29,24,18,29,25,22,25,27,25,25
22,24,21,22,26,20,23,23,25,20
204.32,180.43,178.8,253.03,210,239.63,191.9,247.84,342.24,190.33
204.32,180.43,178.8,253.03,210,239.63,191.9,247.84,342.24,190.33
34.568,30.187,33.239,38.864,37.665,39.077,38.329,36.105,44.776,33.243
1.2585,0.93946,1.1749,1.2002,1.3347,1.3803,1.2123,1.2804,1.0913,1.1422
4.8661,3.9752,4.4946,5.0318,4.9461,5.44,4.8166,4.952,4.8587,4.4261
20.857,18.316,19.264,25.669,22.534,25.907,19.38,31.876,26.443,20.668
-8.6516,-7.623,-8.4602,-13.333,-10.181,-12.977,-7.4975,-15.49,-16.78,-8.4968
2.1008,-2.2861,4.2053,7.0222,3.3665,0.75141,0.26175,6.5363,-1.4088,0.050549
11.943,10.836,11.369,12.334,14.045,12.909,11.96,8.8832,11.036,12.689
63.009,62.251,60.415,60.742,59.838,59.113,59.241,59.015,56.086,61.323
14.258,11.918,12.109,15.116,14.422,11.712,14.353,14.372,12.621,14.176
102,97,87,117,106,90,110,115,91,101
24,15,6,11,18,22,11,17,10,21
587.77,464.19,809.89,986.32,759.46,672.26,921.1,636.29,711.85,783.69
1.4532e+07,1.0832e+07,1.6767e+07,2.654e+07,1.9343e+07,1.7355e+07,2.2179e+07,1.4437e+07,1.5409e+07,1.7742e+07
0.13552,0.11333,0.18674,0.2408,0.1401,0.16912,0.22488,0.13902,0.12847,0.19133
444.78,454.63,1442.6,2105.3,521.58,660.55,475.61,526.87,412.34,2023.6
