11945,11362,20483,5486.5,16186,24097,17373,4348.2,6172.6,9959.9
13440,14239,14786,15218,15600,17091,17434,11489,16055,18227
1531,1515,1463,1500,1516,1469,1531,1401,1453,1307
686,664,816,681,324,622,591,771,607,702
0.55193,0.56172,0.44224,0.546,0.78628,0.57658,0.61398,0.44968,0.58224,0.46289
11816,10177,9830,8042,9482,7795,9085,7100,6851,7100
0.97115,1.0971,0.95996,0.80428,0.95991,0.85135,0.87693,0.90665,0.82423,0.77553
23,25,37,25,3,22,23,32,25,31
513.74,407.08,265.68,321.68,3160.7,354.32,395,221.88,274.04,229.03
0.98908,0.9939,0.98456,0.97461,0.9819,0.99394,0.98895,1.0006,1.0033,0.99861
1.0992,1.0813,1.0369,1.0547,1.0422,1.0325,1.0338,1.2071,1.1428,1.0637
6.9571,7.1602,7.7429,7.9186,7.8054,8.3068,7.1253,7.5619,7.6582,7.939
10,11,10,12,11,12,11,9,11,11
9,10,10,10,10,10,10,11,10,10
269.6,240.85,307.88,226.5,307.73,280.89,222.27,206.88,222.6,206.64
269.6,240.85,307.88,226.5,307.73,280.89,222.27,206.88,222.6,206.64
59.74,52.738,57.064,47.996,58.133,50.102,43.712,41.599,38.043,39.411
2.0698,1.8708,1.7175,1.748,1.9433,1.6471,1.391,1.5714,1.4311,1.3955
7.74,6.8939,7.9719,6.6483,7.794,7.0386,5.6106,6.1174,5.4957,5.4518
26.466,24.907,34.619,28.3,32.798,34.327,21.292,23.276,24.358,20.681
-13.005,-11.004,-18.975,-10.007,-13.503,-13.715,-9.9435,-9.3683,-11.528,-8.6475
-32.049,-28.118,-28.378,-8.1704,-34.642,-34.278,-25.714,-30.015,-20.151,-30.161
7.649,5.5624,4.1105,6.2104,5.6296,4.9367,6.426,4.4803,4.6912,4.5094
70.983,74.577,74.866,68.605,80.099,69.63,79.484,59.036,66.182,66.907
17.351,15.536,15.738,16.488,18.836,19.172,22.486,12.536,14.165,16.199
114,117,138,108,135,119,125,88,103,108
31,37,32,27,38,12,10,25,35,21
2559.7,2027.4,1943.7,1706.3,3136.9,2022.4,2074.7,1825.7,1639.3,1443
3.0245e+07,2.0632e+07,1.9107e+07,1.3722e+07,2.9744e+07,1.5765e+07,1.8848e+07,1.2963e+07,1.1231e+07,1.0245e+07
0.21038,0.21856,0.18982,0.17065,0.31757,0.22088,0.20026,0.23314,0.19722,0.15762
1033.1,923.99,836.52,869.46,6368.3,864.54,877.01,654.78,663.51,740.13
