8981.3,8907.4,9210.1,22425,21699,7378.8,8391.2,7338.4,7729.6,20745
10318,13290,19375,12050,17709,22717,9603.8,15277,21156,9249.2
1625,3047,2735,2625,2984,2822,2797,2557,2266,2557
442,444,656,1025,1556,596,1393,438,381,532
0.728,0.85428,0.76015,0.60952,0.47855,0.7888,0.50197,0.82871,0.83186,0.79194
8490,8143,8490,7944,7994,7348,8391,8291,8042,8340
1.1012,0.786,0.89209,0.79448,0.80919,0.79215,0.77393,0.7169,0.75005,0.78672
28,3,4,40,70,5,67,4,2,3
303.21,2714.3,2122.5,198.6,114.2,1469.6,125.24,2072.8,4021,2780
1.0471,1.0005,1.0019,1.0012,0.9985,0.9957,1.0288,0.99888,0.99343,1.0179
0.94172,0.92833,0.97479,0.99395,1.0069,0.97637,1.0126,1.0667,1.0086,0.99562
4.6442,6.2686,6.1751,6.4362,6.3693,5.9897,5.5997,5.941,6.0559,6.7055
12,12,12,16,15,15,14,14,14,15
16,18,18,18,18,16,18,18,18,18
160.39,111.95,134.34,144.6,125.02,120.79,145.95,144.73,164.97,434.82
160.39,111.95,134.34,144.6,125.02,120.79,145.95,144.73,164.97,434.82
24.882,20.146,22.273,21.406,19.796,17.372,22.188,24.176,24.522,40.714
0.82653,0.38666,0.76471,0.69014,0.64031,0.54283,0.42989,0.52313,0.73789,0.92612
3.3545,2.298,3.1776,3.0218,2.9247,2.3732,2.4622,2.8854,3.3233,7.1197
16.438,10.339,16.028,19.28,15.626,11.947,17.15,14.452,19.559,82.306
-7.8142,-4.6113,-6.0814,-7.2539,-5.9875,-5.8656,-6.2032,-6.0184,-7.5941,-23.395
-13.013,-11.142,-0.13845,-8.6126,-10.08,-4.6127,-9.4783,-6.8603,-8.1467,-13.05
5.3167,3.6221,4.1586,3.6376,3.4246,2.9859,3.7028,3.6495,4.2945,3.9985
63.503,74.632,80.038,76.259,77.194,60.13,58.378,67.153,68.021,62.068
13.501,13.832,17.205,15.023,13.509,13.081,14.599,14.482,13.558,13.905
104,120,153,136,113,89,101,106,105,105
24,22,32,19,15,10,19,16,20,22
1254.9,1939.6,1675.2,1467.4,1571.4,1587.1,1248.2,2113,2027.5,1937.7
1.0654e+07,1.5794e+07,1.4223e+07,1.1657e+07,1.2562e+07,1.1662e+07,1.0474e+07,1.7519e+07,1.6305e+07,1.6161e+07
0.16276,0.18722,0.17603,0.14675,0.15907,0.1711,0.11513,0.18271,0.1891,0.18279
243.41,4091.6,3210.1,441.94,284.08,2319.1,292.89,2935.4,8313.9,4314.7
