9679.7,13536,6010.7,21340,22745,7089.8,7776.4,20340,23180,24647
12128,20449,18009,21239,22659,8367.4,11855,10795,13289,14776
3453,3296,3266,2406,2229,2532,2641,2406,2016,3026
693,1321,1821,1288,1101,580,546,1029,401,470
0.7993,0.59921,0.44244,0.46467,0.50606,0.77093,0.79326,0.57232,0.80109,0.84468
17376,15441,14348,16334,13851,15093,15490,14795,13603,12114
2.4449,2.2889,2.1654,2.4213,1.7159,2.6103,2.3378,1.9495,1.851,1.8283
5,54,76,61,53,7,7,41,5,6
3475.2,285.94,188.79,267.77,261.34,2156.1,2212.9,360.85,2720.6,2019
1.0112,1.0072,1.0075,1.0132,1.0126,1.0269,1.0134,0.99401,1.0203,1.05
1.093,1.0671,1.1175,1.0542,1.0245,1.1078,1.1092,1.0352,1.0138,0.94485
3.4256,3.4601,3.5189,2.9774,2.994,3.0988,3.081,3.0584,3.1498,3.7569
18,17,21,25,18,18,18,15,14,22
25,26,24,23,23,23,25,25,18,28
110.47,96.917,81.847,98.216,120.4,80.764,96.4,120.8,108.41,120.8
110.47,96.917,81.847,98.216,120.4,80.764,96.4,120.8,108.41,120.8
20.949,17.212,16.617,20.02,20.586,18.214,17.019,21.013,21.169,19.585
0.63937,0.61457,0.54098,0.70167,0.61003,0.61664,0.47051,0.65975,0.78805,0.50482
2.9364,2.613,2.5819,2.8653,2.7834,2.6787,2.5111,3.121,3.2524,2.5494
14.461,11.147,9.8453,12.403,11.859,12.02,12.04,16.851,14.017,14.468
-6.3876,-6.0167,-6.0333,-6.1673,-7.1941,-4.5125,-7.23,-5.1983,-6.0167,-7.708
-7.5403,-11.128,-7.5934,-11.998,-9.5572,-6.3475,3.9665,2.4625,-2.633,-12
6.3944,5.082,5.101,6.7793,7.257,6.4786,6.1875,7.3971,7.0641,4.4208
76.756,74.22,70.788,75.995,70.087,69.358,77.268,76.497,77.893,69.837
16.346,14.852,15.068,13.919,12.911,13.665,14.992,16.579,18.943,15.052
128,107,104,106,98,103,112,123,145,116
24,19,11,24,26,20,27,21,29,13
491.17,303.53,255.46,194.58,212.14,240.13,247.78,172.96,174.24,324.45
8.5346e+06,4.6868e+06,3.6654e+06,3.1782e+06,2.9383e+06,3.6243e+06,3.8381e+06,2.5589e+06,2.3701e+06,3.9304e+06
0.069111,0.044994,0.038555,0.028843,0.026281,0.041531,0.037395,0.022791,0.023709,0.048966
2503,343.64,313.91,356.05,296.49,1949.1,2155.4,432.59,2740.1,1817.9
