17621,15669,18101,18419,16831,18403,17541,16442,15920,16210
15267,15752,14832,14885,14658,13967,14126,13623,15357,15470
3438,2297,2047,2016,2234,2125,2525,2219,2000,2119
1375,947,1151,323,1169,433,1517,963,1157,1183
0.60006,0.58772,0.43771,0.83978,0.47672,0.79624,0.39921,0.56602,0.4215,0.44172
25965,24178,26114,27207,26164,27058,26710,24923,26908,24873
1.8421,1.8245,1.953,1.7508,2.1292,2.4414,1.7597,1.8308,1.7727,1.6006
2,39,50,3,55,5,52,30,49,53
12982,619.95,522.28,9069,475.71,5411.6,513.65,830.77,549.14,469.3
1.0494,1.0114,1.0205,1.018,1.0421,1.0052,1.0168,0.99941,1.0336,1.0248
1.0098,1.0679,1.044,1.0259,1.0353,1.0594,1.0564,1.0895,1.0615,1.0291
4.7075,5.5254,4.7359,4.7208,4.5394,4.278,5.0605,5.4763,5.4648,6.4803
17,22,20,20,22,21,24,22,19,21
20,21,18,21,21,21,19,16,16,17
340.07,523.59,440.08,490.32,450.36,332.37,507.63,415.14,459.63,434.6
340.07,523.59,440.08,490.32,450.36,332.37,507.63,415.14,459.63,434.6
68.684,89.401,76.282,78.751,72.679,63.345,77.827,71.439,84.032,79.551
2.4742,2.4285,2.14,2.158,1.9693,1.9824,2.4036,2.0976,2.9799,2.6901
7.1503,10.655,8.9394,9.1679,8.6759,7.6942,9.0919,8.1273,11.043,10.203
33.793,54.243,49.256,58.332,46.547,38.603,56.227,28.994,50.546,39.836
-16.222,-24.101,-18.646,-20.896,-22.561,-13.807,-21.658,-16.986,-19.895,-19.776
-13.853,-18.963,-19.759,-22.49,-16.237,-19.299,-21.447,-26.302,-25.919,-24.486
1.1453,4.7845,2.3647,1.1885,-0.42133,-0.79936,0.29805,4.0966,2.5543,-0.10696
58.062,60.646,57.116,56.316,54.12,55.806,55.326,58.181,61.083,54.907
13.743,14.145,15.114,16.036,13.042,13.125,13.757,15.298,15.805,14.853
90,92,104,105,87,87,94,98,107,88
16,10,21,2,20,12,17,27,1,13
4877.6,3199.4,2594.9,4577.7,2608.3,3050.3,2971.2,3554.5,3103.6,3834.1
1.2665e+08,7.7355e+07,6.7763e+07,1.2454e+08,6.8244e+07,8.2535e+07,7.9361e+07,8.8589e+07,8.3512e+07,9.5365e+07
0.34605,0.24143,0.19407,0.29457,0.21227,0.27522,0.19574,0.26111,0.20447,0.24672
10551,991.75,1029.8,9222.9,851.9,4206.4,1062.8,1388.4,1272,1384.1
