13461,17484,15989,15722,17998,17519,16471,18278,17740,19361
16571,17584,17103,15574,15031,15523,14542,16195,14919,13076
859,844,812,901,844,875,937,792,813,932
365,360,165,379,224,319,387,322,340,21
0.57509,0.57346,0.7968,0.57936,0.7346,0.63543,0.58698,0.59343,0.5818,0.97747
12560,9930,14398,15390,14397,15837,15242,12858,13901,15490
0.99289,1.0052,1.4576,1.5578,1.5726,1.3694,1.1197,1.1119,1.0989,1.0045
24,24,11,25,15,20,26,21,23,2
523.33,413.75,1308.9,615.6,959.8,791.85,586.23,612.29,604.39,7745
0.99817,0.96632,0.9844,0.94916,0.97028,0.95488,1.0009,1.0041,0.977,0.996
1.0102,1.0294,1.0374,1.0243,1.0178,1.0245,1.0198,1.024,1.0321,1.0355
4.9171,5.1617,4.5321,4.5244,4.4443,4.7886,5.1824,4.9648,5.0412,5.766
7,7,9,7,7,7,7,7,7,8
10,9,8,8,8,8,8,9,9,10
313.83,308.73,304.01,374.43,331.13,342.43,408.54,388.8,323.98,534.55
313.83,308.73,304.01,374.43,331.13,342.43,408.54,388.8,323.98,534.55
68.295,66.549,72.029,76.779,70.937,78.873,87.546,81.702,74.111,96.736
2.3316,2.1207,2.9252,2.7896,2.7968,3.429,3.0724,3.4586,2.6739,3.3484
8.7487,8.5361,9.9089,10.412,9.8953,11.085,12.093,11.961,9.9027,12.897
28.894,30.628,31.185,36.859,32.679,41.521,48.651,48.59,29.186,60.744
-15.362,-16.921,-14.9,-16.658,-15.095,-14.804,-23.802,-17.146,-14.983,-24.366
-31.394,-23.247,-25.901,-27.906,-25.459,-23.54,-19.635,-29.498,-30.583,-29.995
5.8885,10.113,11.175,10.669,5.8788,6.1154,10.552,10.099,3.5008,5.5435
56.149,60.174,67.488,74.228,69.047,71.628,68.938,72.346,66.578,62.849
14.915,15.545,18.491,20.076,12.359,19.262,17.55,15.179,15.481,14.012
92,104,109,128,102,121,113,109,95,103
32,30,24,11,43,36,35,33,14,33
796.77,605.03,1145.6,1213.3,785.22,916.08,1178.5,996.52,1559.4,3829.3
1.0007e+07,6.0079e+06,1.6494e+07,1.8672e+07,1.1305e+07,1.4508e+07,1.7962e+07,1.2813e+07,2.1677e+07,5.9315e+07
0.062986,0.061244,0.11597,0.12281,0.085769,0.079211,0.086568,0.086174,0.12327,0.24833
710.58,555.05,797.09,833.77,912.06,1057,827.7,920.54,898.71,260.54
