16603,16832,17439,17153,16903,18571,17988,17725,18108,15853
8818.1,9586.5,10045,9298.7,9574.6,8490.7,9017.6,9101.6,9049.8,9430.7
3588,3823,4328,4391,4448,4188,3875,4032,3547,3688
2130,1349,2038,1315,1346,2638,1839,1159,1781,2180
0.40635,0.64714,0.52911,0.70052,0.69739,0.37011,0.52542,0.71255,0.49789,0.40889
21894,23384,23434,24277,25270,25270,25965,27206,24327,24030
2.885,2.6591,3.1375,2.8792,3.0402,2.9969,2.8362,3.8275,3.2056,2.7325
78,13,51,12,11,91,68,11,58,84
280.69,1798.8,459.49,2023.1,2297.3,277.69,381.84,2473.3,419.43,286.07
0.97669,0.93189,0.97896,0.988,1.0077,0.95513,0.96183,0.9892,0.94919,0.98427
1.067,0.99591,1.0063,1.032,1.0042,1.0308,1.0425,0.99837,1.0907,1.0247
5.583,6.0149,5.3587,5.896,5.9992,5.3288,5.341,4.9797,5.2164,5.3369
22,25,27,28,26,27,25,25,24,24
24,23,23,23,24,25,23,25,18,23
269.07,258.74,338.45,298.52,298.78,328.69,256.5,368.18,328.82,327.6
269.07,258.74,338.45,298.52,298.78,328.69,256.5,368.18,328.82,327.6
37.245,39.205,38.963,40.049,39.803,43.38,40.529,46.278,41.139,41.695
1.2711,1.3703,1.1655,1.0306,1.1995,1.35,1.3267,1.2813,1.2714,1.1508
4.8679,4.9166,4.8604,4.271,4.7302,5.1124,4.7019,5.4175,4.7421,4.7074
27.79,29.692,34.821,21.548,26.624,35.958,21.149,38.877,36.837,32.388
-14.429,-12.949,-18.408,-11.673,-15.926,-13.547,-10.702,-15.836,-14.461,-18.36
-12.895,-17.534,-15.732,-15.575,-13.56,-14.785,-12.047,-13.926,-10.324,-16.2
7.3112,3.9628,5.1509,0.94787,1.8644,0.38402,7.2241,2.3577,6.5368,4.4276
42.363,38.659,40.268,42.226,40.351,40.688,40.97,44.054,41.069,36.153
13.798,12.001,13.686,13.107,14.055,14.885,14.927,12.241,12.978,13.819
90,65,93,78,79,95,95,89,74,90
1,1,4,4,5,6,1,0,0,1
1930.7,3693.7,2698.5,3045,3541,1904.8,2498.9,2426.4,2329.5,1871.4
4.2271e+07,8.6372e+07,6.3237e+07,7.3923e+07,8.9481e+07,4.8135e+07,6.4883e+07,6.6012e+07,5.6671e+07,4.497e+07
0.25441,0.42002,0.3613,0.36112,0.42601,0.22591,0.27295,0.34136,0.30696,0.21281
704.5,3507.8,721.73,3157.3,3609.2,698.95,762.48,2523.8,916.36,668.85
