14559,14763,12909,13689,12408,13046,12532,12103,12123,11369
10517,9704.3,9379.3,9102.2,10452,9424.7,9150,8680.1,8944,9804.1
5072,4906,4796,4625,4469,4432,4343,4026,3953,4078
2859,2427,2600,776,716,721,1538,668,2010,2098
0.43632,0.5053,0.45788,0.83222,0.83979,0.83732,0.64587,0.83408,0.49153,0.48553
25320,27306,23532,23781,24922,25270,25519,23533,22589,23086
3.9655,4.8227,4.8832,4.3868,3.6292,4.8784,4.9264,4.6517,4.1669,5.1786
116,124,109,8,8,7,63,6,100,101
218.28,220.21,215.89,2972.6,3115.2,3610,405.06,3922.2,225.89,228.57
0.99402,0.99124,0.98855,0.985,0.98233,0.9838,0.99226,0.99673,0.97313,0.98639
1.0237,1.0053,0.9726,1.0073,1.0173,0.99257,1.0706,1.0178,1.0536,1.0359
4.8539,4.3771,3.8148,4.1444,3.9723,3.5187,3.9359,3.6595,3.865,3.5693
37,41,32,36,34,28,38,24,30,30
45,52,38,35,45,38,41,38,38,34
148.8,175.55,141.09,147.89,183.89,139.36,253.03,130.53,156.63,139.36
148.8,175.55,141.09,147.89,183.89,139.36,253.03,130.53,156.63,139.36
23.905,25.036,21.988,22.747,25.596,22.891,26.763,23.137,23.016,21.88
0.79076,0.83334,0.74226,0.77453,0.79681,0.70647,0.80969,0.75249,0.75724,0.68421
3.2899,3.4431,3.1451,3.0291,3.4992,3.0098,3.5754,3.0996,3.2623,2.9742
14.862,18.514,17.018,12.246,21.116,14.77,26.666,14.406,20.298,12.2
-6.9244,-6.8431,-8.0238,-6.3785,-9.44,-6.529,-14.814,-6.6762,-6.7285,-7.3622
-12.268,-12.769,-12.729,-13.618,-15.966,-12.95,-15.419,-12.56,-10.565,-12.395
5.0466,3.7623,4.2716,4.3657,3.9521,4.1452,4.0497,4.6809,4.9906,4.5337
81.567,84.618,79.566,78.909,82.878,82.472,83.924,86.465,84.571,85.728
14.565,15.081,12.043,12.024,14.641,11.86,13.422,16.243,14.74,16.391
128,149,119,123,145,151,150,154,144,138
5,8,13,31,22,27,40,36,27,45
788.57,879.36,658.71,1054.6,1073,839.37,778.47,906.37,715.02,587.95
1.9967e+07,2.4012e+07,1.5501e+07,2.5079e+07,2.6743e+07,2.1211e+07,1.9866e+07,2.133e+07,1.6152e+07,1.3573e+07
0.1235,0.15531,0.13669,0.19454,0.15626,0.16204,0.15028,0.17916,0.1319,0.13189
469.39,338.05,281.52,1740.4,1810.9,1976.2,435.66,2183.8,325.72,296.18
