15626,12935,14919,14767,14144,16406,14927,15371,14174,15417
8181.3,8001.1,6647.4,7361.6,7761.8,7083.9,7909.2,7057.4,7475.7,7789.5
1781,1609,1578,1625,1640,1656,1854,1719,1672,1812
442,21,21,694,443,702,799,733,43,528
0.75182,0.98695,0.98669,0.57292,0.72988,0.57609,0.56904,0.57359,0.97428,0.70861
13504,13504,13355,14000,13454,14051,13752,13554,12014,13653
2.038,2.385,1.7881,2.5262,2.3762,2.3803,2.0026,2.1228,2.0775,2.3129
28,2,2,45,28,46,52,48,3,33
482.29,6752,6677.5,311.11,480.5,305.46,264.46,282.38,4004.7,413.73
0.98917,0.99582,0.97659,0.97882,0.97525,0.95651,0.96883,0.96533,0.9679,0.94557
0.99075,0.9872,1.016,0.99132,1.0074,1.0153,1.0006,0.99185,0.99458,1.0125
4.6466,4.3865,5.2453,4.5018,4.372,3.931,4.8029,4.434,4.7281,4.5843
15,15,14,12,15,10,15,11,15,16
19,19,19,19,19,19,21,19,19,19
385.61,515.49,338.47,393.63,312.05,457.04,348.44,306.43,292.44,427.67
385.61,515.49,338.47,393.63,312.05,457.04,348.44,306.43,292.44,427.67
47.955,58.306,53.67,51.449,47.701,53.718,48.878,46.212,44.69,50.262
1.3184,1.7241,1.5441,1.3375,1.2079,1.2259,1.2731,1.2794,1.2143,1.435
5.0837,7.4065,6.4011,5.8568,4.8995,6.4481,5.69,5.1973,5.0823,6.0063
30.794,62.307,40.132,25.938,22.082,45.158,30.894,29.413,27.72,43.835
-9.1733,-24.145,-15.881,-17.558,-15.555,-28.149,-16.133,-14.401,-12.47,-19.224
-18.257,-25.283,-22.221,-13.465,-18.615,-9.4989,-14.527,-9.9155,-17.219,-21.531
1.2623,-0.085869,-0.53372,-0.83348,0.22632,-0.51173,-1.8398,-1.8734,-0.83216,-0.58297
76.916,77.908,79.723,81.573,78.236,76.31,79.668,77.523,75.512,79.478
15.172,14.363,15.831,15.473,15.101,14.056,16.561,14.46,13.008,14.902
116,124,116,129,127,113,116,120,107,125
18,19,32,26,30,35,9,24,38,30
727.27,1073.6,1308.7,646.82,986.77,740.29,736.63,723.43,1505,1457.7
9.821e+06,1.4498e+07,1.7478e+07,9.0555e+06,1.3276e+07,1.0402e+07,1.013e+07,9.8054e+06,1.8081e+07,1.9902e+07
0.10976,0.18961,0.17522,0.11671,0.17428,0.12541,0.10727,0.1133,0.26024,0.24695
299.87,365.44,99,393.08,340.54,314.04,370.64,318.53,110,376.16
