14373,19314,13082,14524,16931,15192,16037,16436,17005,16235
17195,16419,17120,16301,16142,16162,15799,16675,15845,15073
2103,2153,1913,1862,1732,1712,1812,1833,1853,1712
22,31,42,22,31,20,51,22,22,11
0.98954,0.9856,0.97804,0.98818,0.9821,0.98832,0.97185,0.988,0.98813,0.99357
16334,12313,17922,19461,16929,21051,19064,18915,20554,17625
1.1589,1.2465,1.3282,1.5684,1.3384,1.3545,1.4387,1.2461,1.3124,1.4068
3,3,4,3,3,2,4,3,3,2
5444.7,4104.3,4480.5,6487,5643,10526,4766,6305,6851.3,8812.5
0.97029,0.97754,0.97045,0.97829,0.97572,0.96885,0.95923,0.98222,0.98103,0.98436
0.98937,1.0014,0.99988,1.0361,1.0204,0.98433,1.003,0.98786,1.0152,0.99559
5.7548,6.9338,5.6077,5.317,6.1888,4.9894,5.8759,5.3721,5.5861,5.6564
16,15,17,12,16,7,16,13,17,17
21,23,21,21,18,19,19,21,21,19
236.23,596,634.99,287.08,252.84,411.73,503.55,290.27,3039.2,282.15
236.23,596,634.99,287.08,252.84,411.73,503.55,290.27,3039.2,282.15
51.084,58.892,70.377,60.424,56.126,74.995,73.071,60.906,227.12,60.651
0.67265,3.2879,2.9312,0.086477,1.2907,3.8374,2.6238,0.62248,13.457,1.4523
9.2799,39.764,44.529,2.3366,18.608,38.149,34.775,9.0411,203.45,20.172
130.92,531.4,610.37,6.4155,241.13,396.04,466.02,116.95,2752,260.92
-11.796,-53.15,-53.421,-6.1009,-19.693,-34.653,-24.199,-13,-274.73,-20.072
-21.104,-19.02,-24.455,-18.544,-22.933,-13.487,-16.69,-21.71,-25.469,-24.064
1.1474,5.8657,4.561,6.6462,7.1552,9.2913,6.261,7.2722,21.053,6.679
66.495,73.604,77.417,81.492,88.885,85.601,91.628,87.562,89.107,91.786
11.483,12.26,13.991,13.006,13.134,15.202,16.296,13.772,15.421,17.262
101,116,120,115,128,150,131,136,128,174
28,35,35,34,48,24,36,37,17,46
3261.7,2977.5,2441,1920.3,3527.8,2046.8,3119.8,2419.9,2968.3,2977.8
5.3277e+07,3.6663e+07,4.3747e+07,3.7371e+07,5.9722e+07,4.3087e+07,5.9477e+07,4.5773e+07,6.101e+07,5.2485e+07
0.23141,0.30143,0.18091,0.15476,0.2789,0.1317,0.23544,0.15943,0.18953,0.2377
434.1,390.81,221.02,542,367.04,361,388.23,872.74,262.17,721.12
