15961,16370,14908,17515,15740,15813,16275,18245,17715,16759
16769,15613,16615,15919,16153,17637,16253,15392,15788,16952
1442,1362,1402,1592,1552,1442,1472,1362,1462,1482
210,172,212,281,201,62,190,141,261,162
0.85437,0.87372,0.84879,0.82349,0.87049,0.957,0.87092,0.89648,0.82148,0.89069
14745,15093,16433,18121,15887,17774,13454,17525,17923,15837
0.97141,1.1088,1.0494,1.1661,1.0466,1.0538,0.97113,1.2874,1.2195,1.019
4,3,5,3,5,4,3,5,4,4
3686.2,5031,3286.6,6040.3,3177.4,4443.5,4484.7,3505,4480.8,3959.2
0.9843,0.9803,0.98782,0.97567,0.97478,0.98931,1.004,0.99903,1.0064,1.0005
1.0296,1.0357,1.0394,1.026,1.0572,1.0394,1.034,1.0087,1.0112,1.0197
5.9635,5.7795,5.4117,6.1807,6.5109,6.2639,6.6964,5.725,5.661,6.5115
12,14,14,17,15,11,15,15,14,14
14,13,14,16,17,15,13,15,14,16
1937.6,214.84,215.51,546,414.74,261.19,737.21,1373.8,2005,250.72
1937.6,214.84,215.51,546,414.74,261.19,737.21,1373.8,2005,250.72
177.68,49.318,52.398,73.121,65.903,62.405,79.552,128.48,181.91,56.061
16.778,0.074476,0.12566,3.4167,2.6513,0.12698,6.2061,9.2812,13.257,0.045391
162.14,2.3741,2.541,43.001,31.808,2.7693,61.221,108.62,163.06,2.6495
1756.4,6.1438,5.9855,492.34,373.24,7.2113,662.25,1216.7,1797.4,7.2105
-92.348,-5.6767,-7.4943,-46.321,-19.818,-5.9472,-68.676,-65.472,-184.02,-8.052
-23.761,-29.264,-29.268,-27.341,-30.197,-30.661,-28.829,-34.735,-24.413,-30.471
6.3088,13.348,13.363,17.012,8.9665,6.491,12.144,6.2499,23.835,12.111
73.085,78.311,78.024,80.874,78.121,78.831,85.038,81.141,90.496,83.059
15.773,22.163,19.662,20.503,21.507,23.686,24.735,21.791,28.677,17.104
142,135,139,152,137,147,178,162,204,126
38,18,10,12,23,20,27,35,33,35
3053.5,2750.9,2092.5,3187,2880.7,3253.9,2606.5,2395.2,2595,3412
4.5024e+07,4.1519e+07,3.4386e+07,5.7751e+07,4.5766e+07,5.7835e+07,3.5068e+07,4.1976e+07,4.651e+07,5.4036e+07
0.20117,0.20209,0.13362,0.20508,0.18978,0.19293,0.18814,0.17595,0.17657,0.21955
3474,4440.6,1804.6,5990.7,2369.4,928.16,4259.5,2724.5,2448.9,2712.4
