14247,14239,14548,13166,12976,14845,13948,16557,15152,16141
16260,16781,16788,16801,17172,15548,17261,16445,17906,18330
2413,2163,2033,2113,1973,1963,1953,2083,2043,2073
181,142,242,130,143,142,323,162,110,142
0.92499,0.93435,0.88096,0.93848,0.92752,0.92766,0.83461,0.92223,0.94616,0.9315
21894,20455,22093,21497,19809,22838,21894,22490,23532,25122
2.0422,1.6171,1.6374,1.5252,1.5086,1.7234,1.5534,1.3335,1.5881,1.7976
4,5,6,2,4,5,5,6,2,5
5473.5,4091,3682.2,10748,4952.2,4567.6,4378.8,3748.3,11766,5024.4
0.96656,0.98977,0.99041,0.99261,0.97932,0.97589,0.98255,0.99554,0.97421,0.97892
0.98568,0.96384,0.95927,0.97355,0.99166,0.95023,0.93404,0.99671,1.0546,1.0214
3.6309,3.6369,3.523,3.916,3.8851,3.5381,3.5558,4.1398,3.9144,3.8038
15,13,14,17,12,13,16,12,13,12
26,24,24,26,22,22,20,24,24,22
1399.3,157.31,183.14,246.13,159.41,321.25,161.55,311.91,191.9,197.37
1399.3,157.31,183.14,246.13,159.41,321.25,161.55,311.91,191.9,197.37
95.563,33.388,39.021,41.978,35.81,42.407,36.683,45.696,41.766,41.041
6.0593,0.59551,0.66224,1.0785,0.0092032,1.4657,-0.0056916,1.2507,0.035658,0.65018
85.22,9.4454,10.417,16.812,1.4821,21.891,1.6871,17.557,1.7866,9.6276
1269.1,133.38,139,234.13,3.7556,296.35,3.8515,244.73,5.0361,132.34
-66.571,-12.92,-12.58,-22.284,-4.9991,-28.301,-5.8488,-15.47,-5.4206,-13.654
-14.543,-18.204,-15.983,-20.866,-22.506,-18.17,-18.764,-20.794,-21.059,-18.55
8.5706,7.0036,8.661,8.1944,7.4594,10.292,7.8172,9.6163,7.673,8.9647
50.659,54.505,54.672,53.965,58.626,57.787,54.274,59.97,62.686,65.618
11.553,12.994,13.058,11.303,11.467,13.678,14.645,12.831,11.509,16.219
87,92,86,98,98,92,91,95,121,111
21,17,17,19,22,18,21,11,28,9
2339.2,2170.9,2701.5,3093.2,2945.7,2380.9,2817.9,3210,3145.1,2915.5
5.1213e+07,4.4407e+07,5.9685e+07,6.6495e+07,5.8351e+07,5.4375e+07,6.1694e+07,7.2192e+07,7.4011e+07,7.3243e+07
0.21818,0.17163,0.20022,0.21946,0.22433,0.17966,0.19993,0.19033,0.21225,0.20862
1781.9,1208.7,1244,3143.6,1352.2,1257,1881.1,529.17,3857.2,1329.4
