10367,13555,15352,16331,16644,19494,17325,15525,18284,17324
11962,13818,16454,15363,14163,13963,18478,16584,20962,8619.2
1472,1422,1733,1772,1493,1642,1682,1602,1502,1442
52,31,83,40,33,22,31,31,31,31
0.96467,0.9782,0.95211,0.97743,0.9779,0.9866,0.98157,0.98065,0.97936,0.9785
11568,13107,13901,16632,12710,16085,13802,14646,16434,14894
1.1297,1.5769,1.3738,1.3275,1.1595,1.2839,1.1572,1.2665,1.392,1.4375
4,3,6,3,4,3,3,3,3,3
2892,4369,2316.8,5544,3177.5,5361.7,4600.7,4882,5478,4964.7
1.0299,0.99848,1.016,1.0089,0.99469,0.99132,0.98404,0.98693,1.0051,1.0033
1.0141,0.97568,1.0118,0.99841,1.0047,1.0007,0.99441,0.96387,1.0091,0.98275
5.4425,6.1962,6.9645,8.0394,8.7913,8.1277,8.9596,8.4516,7.2945,6.6324
18,17,19,18,18,20,19,21,18,17
16,16,16,18,17,16,19,16,16,16
126.9,729.75,134.8,621.14,175.77,195.42,610.25,464.42,1253,374.33
126.9,729.75,134.8,621.14,175.77,195.42,610.25,464.42,1253,374.33
30.387,64.28,34.209,72.815,43.002,49.689,59.826,53.551,106.2,47.059
0.044728,4.2306,0.077266,5.8092,-0.0096834,-0.0099813,3.0213,2.5734,6.6882,2.2286
1.9367,56.344,2.2753,58.639,2.8623,3.0265,40.82,34.091,90.867,29.499
4.8459,664.55,10.319,559.12,6.5011,7.5464,525.36,427.71,1101.7,349.74
-5.2054,-68.064,-6.0507,-51.367,-5.1654,-9.8433,-29.481,-21.578,-117.65,-30.051
-29.951,-37.032,-32.092,-43.528,-45.371,-34.669,-46.549,-39.196,-44.476,-41.884
7.6517,8.5948,6.9624,9.8562,8.1267,9.5409,8.3238,10.838,12.469,9.4951
51.678,65.259,59.503,65.764,71.547,68.667,66.538,65.348,65.046,56.91
9.4613,11.893,11.839,11.654,12.271,12.673,14.461,12.654,14.989,12.063
73,90,97,102,104,104,121,103,113,87
14,27,30,26,36,38,14,16,24,24
1153.8,1689.3,2043.3,3033.7,3095.9,3797.7,3389.4,3232.9,2578.8,2647.1
1.3347e+07,2.2142e+07,2.8404e+07,5.0457e+07,3.9349e+07,6.1086e+07,4.678e+07,4.7349e+07,4.238e+07,3.9426e+07
0.11268,0.20324,0.20193,0.24214,0.28242,0.30314,0.28418,0.27957,0.21843,0.25549
492.92,617.97,963.56,546.6,530.99,813.26,1003.3,693.56,604.53,374.81
