11122,13129,14763,16534,16955,17705,17206,17652,17624,17301
13218,12198,12243,12978,12271,13395,14424,13256,13476,12763
2073,2263,2283,2223,2184,2253,2273,2223,2063,2274
92,80,110,122,142,152,162,141,182,100
0.95562,0.96465,0.95182,0.94512,0.93498,0.93253,0.92873,0.93657,0.91178,0.95602
9930,9880,10525,9582,10426,10475,10028,10177,9433,9979
1.2682,0.92156,0.84005,0.69768,0.90151,0.85246,0.79279,0.82827,0.70548,0.82017
5,2,2,5,5,5,6,5,6,2
1986,4940,5262.5,1916.4,2085.2,2095,1671.3,2035.4,1572.2,4989.5
0.99113,0.98313,0.97469,0.98163,0.99619,0.97454,0.98429,0.9784,0.99793,0.98186
0.98124,0.97209,0.98718,0.98539,0.99135,0.99644,0.99137,0.9932,0.99405,0.98976
7.8978,9.2143,9.8089,10.663,9.893,10.351,10.882,10.799,10.701,10.798
14,10,16,14,16,15,21,18,14,16
19,21,20,19,21,21,21,19,19,21
374.59,124.69,695,152.01,845.48,521.08,804.16,738.19,969.17,491.08
374.59,124.69,695,152.01,845.48,521.08,804.16,738.19,969.17,491.08
37.801,31.268,68.357,35.002,66.711,48.689,62.59,58.926,75.094,46.542
1.5577,0.01246,4.5886,0.36545,4.5,2.0738,2.9493,3.5789,4.0918,1.8561
24.522,1.5075,53.476,6.2116,56.403,32.274,48.746,47.891,63.993,30.373
346.26,3.6432,589.31,87,785.08,470.63,711.66,687.74,883.57,441.86
-32.414,-7.3352,-63.256,-6.1541,-40.764,-24.637,-73.996,-35.359,-89.671,-45.454
1.5372,3.9249,3.1922,-7.232,-10.79,-7.8162,-6.14,-13.052,-6.5966,-3.7442
2.6005,1.919,5.4123,2.5307,1.9472,1.2137,5.6879,2.5892,2.7203,0.95854
52.618,45.419,50.173,53.352,48.929,52.458,54.362,52.847,52.482,50.889
11.29,13.611,11.589,14.692,12.12,11.733,12.656,13.31,11.327,11.894
83,86,87,89,91,92,90,92,82,92
11,2,17,14,16,27,18,19,27,15
3361.8,4934.1,4902.6,5094.3,4700.7,5277.7,5283.9,5597.7,4414.8,4995.9
3.3383e+07,4.8749e+07,5.16e+07,4.8814e+07,4.9009e+07,5.5284e+07,5.2987e+07,5.6967e+07,4.1645e+07,4.9854e+07
0.42935,0.46023,0.3913,0.37093,0.40646,0.4295,0.41773,0.45558,0.33018,0.41061
568.3,2429.2,1707.4,1034.6,982.32,896.39,1246.3,961.43,1771.1,1815.5
