15248,16706,19585,17079,18096,17248,17055,16409,16930,16632
15113,13125,13055,15536,13271,13648,13851,13508,14576,15053
761,631,741,891,981,1282,1051,841,1011,952
50,11,0,20,11,40,101,51,0,62
0.9343,0.98257,1,0.97755,0.98879,0.9688,0.9039,0.93936,1,0.93487
13802,10178,14149,12312,11667,15291,15440,15390,18369,15887
0.94683,0.63053,0.74811,0.83094,0.75077,0.81888,0.87187,1.0059,1.2199,1.1467
3,2,1,2,2,3,4,4,1,5
4600.7,5089,14149,6156,5833.5,5097,3860,3847.5,18369,3177.4
1.0144,1.0015,1.0043,1.0363,1.0598,1.0784,1.065,1.0007,0.99791,0.98444
0.95445,0.98824,0.9938,0.99601,1.0102,0.96335,1.0044,0.97026,1.0047,1.0127
5.6398,6.3287,5.799,6.4743,6.9985,7.1968,5.8158,5.7508,5.4728,5.8238
8,5,6,8,9,11,9,8,9,8
8,6,6,6,8,10,9,8,9,8
728.31,188.1,468.11,694.85,175.84,1746.4,194.76,256.54,200.57,217.04
728.31,188.1,468.11,694.85,175.84,1746.4,194.76,256.54,200.57,217.04
93.023,47.704,68.335,79.92,48.651,174.44,55.262,58.486,54.627,51.844
8.4422,0.20862,5.7625,6.1625,0.18201,17.571,0.17834,0.090068,0.13545,0.12788
78.117,2.507,52.85,63.491,2.2424,153.31,2.0749,3.2135,2.2564,2.7993
662.86,4.8819,448.98,591.03,5.6751,1548.4,4.9,7.6996,5.0698,6.4071
-67.079,-4.1173,-38.975,-65.84,-7.8316,-84.326,-4.4479,-13.677,-4.1056,-9.1836
-23.006,-29.026,-26.463,-20.466,-27.59,-22.542,-21.21,-21.478,-21.628,-26.712
15.116,11.069,9.3243,9.5438,10.579,-5.5711,15.236,15.667,9.5255,12.83
49.907,54.938,55.12,66.556,55.485,55.357,50.556,55.675,55.723,56.064
14.784,13.907,15.551,17.318,19.139,17.247,18.538,13.071,14.991,17.88
88,94,88,119,116,103,90,85,90,105
16,29,24,30,20,21,6,25,21,17
4657.6,4684.3,7282.8,7375.7,5841.5,6570.9,5852.4,5327.8,5388.2,4216
6.4284e+07,4.7677e+07,1.0304e+08,9.081e+07,6.8153e+07,1.0048e+08,9.0362e+07,8.1995e+07,9.8976e+07,6.6979e+07
0.31951,0.29019,0.38507,0.49779,0.3759,0.35189,0.33048,0.34825,0.35783,0.30431
2097.4,1571,0,0,1334.5,900.35,1580.4,1942.1,0,1683.1
