14205,13868,15316,14346,14649,15464,15739,14770,16161,15985
17465,16154,16365,16514,16337,15389,16969,16620,16892,17185
2254,1812,1743,1652,2263,1532,2153,1472,2313,2333
554,130,82,11,492,112,31,11,22,51
0.75421,0.92826,0.95295,0.99334,0.78259,0.92689,0.9856,0.99253,0.99049,0.97814
13802,12163,12362,13702,14149,14199,15986,10972,15341,14298
1.2874,1.7408,1.8002,1.7497,1.5057,1.7858,1.6182,1.3593,1.721,1.5825
7,4,5,2,5,5,3,2,3,4
1971.7,3040.8,2472.4,6851,2829.8,2839.8,5328.7,5486,5113.7,3574.5
1.0083,1.0117,0.99373,0.99474,0.99747,0.99869,0.99676,1.0096,0.99824,0.9957
0.96384,0.95453,0.99203,0.99024,0.97744,0.98515,0.95295,1.002,0.9675,0.99829
7.1495,5.4156,5.6457,5.6191,5.859,4.7704,5.5597,5.4202,5.7192,5.7738
17,16,18,15,16,15,20,14,22,20
16,15,14,14,15,13,19,13,17,16
218.3,367.16,620.17,260.92,575.2,122.41,383.26,845.78,437.98,511.52
218.3,367.16,620.17,260.92,575.2,122.41,383.26,845.78,437.98,511.52
35.181,40.348,50.947,34.655,48.287,23.26,38.359,70.861,37.259,38.427
-0.0012845,3.0887,2.9713,1.2351,2.6435,-0.021068,1.8805,4.7283,1.5189,1.849
1.7509,30.54,42.849,17.284,39.251,1.5605,24.468,63.671,25.265,29.346
5.6138,335,555.06,219.66,525.06,3.8186,344.93,767.47,381.31,442.66
-11.463,-17.195,-58.362,-24.796,-50.56,-8.2715,-35.997,-76.913,-40.045,-47.004
-24.815,-26.401,-21.81,-24.258,-26.91,-20.964,-25.914,-18.209,-24.22,-20.028
6.5502,4.6254,5.1463,6.3139,1.8959,6.1526,2.5135,5.602,2.4424,3.9042
57.429,65.236,60.756,64.599,62.29,60.646,60.401,63.081,64,63.269
14.715,12.6,15.331,12.486,12.99,15.155,13,10.97,11.674,13.952
100,99,92,90,89,96,88,94,98,100
14,32,13,27,12,20,22,33,35,25
3238.3,2216.2,2643.5,2835.6,3101.4,1934.3,2968.6,4468.8,4256,3768.5
4.4695e+07,2.6955e+07,3.2679e+07,3.8853e+07,4.3882e+07,2.7465e+07,4.7456e+07,4.9032e+07,6.5291e+07,5.3883e+07
0.30205,0.31718,0.38496,0.3621,0.33004,0.24328,0.3005,0.55362,0.47745,0.4171
4238.3,1239.6,918.21,361,1664.5,2480.2,194.51,0,517.47,385.79
