16857,16259,17525,17063,18269,17289,17916,17287,17367,16732
17417,16923,17604,17391,17735,18593,17580,17959,17425,17421
6450,5308,4837,4226,4286,4196,4336,4186,4076,3845
3239,2057,1836,1205,1074,1102,1064,1106,1013,873
0.49783,0.61247,0.62043,0.71486,0.74942,0.73737,0.75461,0.73579,0.75147,0.77295
11468,12809,14496,13603,13752,14050,14299,14149,13901,14596
1.0127,1.1946,1.2801,1.1762,1.1192,1.2541,1.2764,1.2109,1.1313,1.3315
16,15,15,11,12,9,13,12,12,11
716.75,853.93,966.4,1236.6,1146,1561.1,1099.9,1179.1,1158.4,1326.9
1.003,1.007,1.0036,1.011,0.99998,1.0015,1.0134,1.0073,1.0192,1.0049
1.0115,0.99246,1.0064,1.0045,1.0088,0.99987,1.0046,1.0048,1.0015,0.99869
9.2971,8.1689,7.2149,7.9887,8.5232,7.4978,8.078,7.9924,8.4975,7.6109
21,23,22,26,26,25,26,23,22,28
23,27,26,25,28,26,28,28,26,26
130.55,157.14,135.16,246.13,345.81,311.91,135.16,124.78,383.26,1522.6
130.55,157.14,135.16,246.13,345.81,311.91,135.16,124.78,383.26,1522.6
23.141,25.648,24.842,27.982,32.182,31.463,25.79,26.243,35.61,89.379
0.35793,0.011232,0.2837,0.66897,1.2609,1.0827,0.47107,-0.0026041,1.7951,4.3212
6.6594,1.092,5.4107,13.317,18.757,16.696,7.3744,1.0658,22.482,79.61
120.55,2.8699,94.1,233.17,314.62,277.25,124.72,3.5922,341.01,1387.4
-5.9248,-5,-4.3699,-23.058,-16.424,-28.862,-12.462,-4.3727,-35.846,-136.15
3.9442,5.7319,8.1493,6.2182,-1.9733,2.0093,0.79545,4.9472,-2.1446,-4.6187
5.7236,5.4137,6.2758,6.1415,6.9647,6.7266,5.6818,6.4078,7.0031,10.249
56.891,54.601,53.364,51.373,54.916,53.333,55.865,57.291,62.698,56.797
12.79,11.951,11.342,11.221,11.361,13.297,11.874,12.85,11.887,9.9217
90,85,95,81,85,93,102,97,103,85
9,11,17,15,7,11,15,8,27,22
2980.2,2554.6,2080.1,2618.2,2650.6,1971.7,2263.4,2241.4,2494.4,2280.7
3.4177e+07,3.2721e+07,3.0154e+07,3.5615e+07,3.6452e+07,2.7702e+07,3.2365e+07,3.1714e+07,3.4675e+07,3.3289e+07
0.26317,0.23825,0.18369,0.22639,0.21573,0.17599,0.20204,0.19182,0.203,0.20806
1847.4,1588.7,1922.7,2350.6,2084.1,2930.2,2124.1,2367.5,2240.2,2363.5
