13533,14073,15716,15616,14548,14853,14374,16206,13915,15068
18441,17693,16693,17629,14497,18218,13719,17824,15374,17801
3535,3164,4046,3935,3215,3194,3165,3215,3165,3024
591,553,1204,1034,461,494,472,494,362,372
0.83281,0.82522,0.70242,0.73723,0.85661,0.84534,0.85087,0.84635,0.88562,0.87698
20901,24824,25271,24426,26363,22589,21845,22738,21597,20008
1.4339,1.431,1.3711,1.3699,1.4988,1.202,1.2506,1.3017,1.1795,1.0927
3,8,7,8,4,7,7,10,6,7
6967,3103,3610.1,3053.2,6590.8,3227,3120.7,2273.8,3599.5,2858.3
0.99208,0.98264,0.98582,1.0031,1.0443,1.0316,1.0651,0.99279,1.0671,1.0177
0.96274,0.98619,1.0037,0.98226,0.9921,0.98893,1.0138,0.9786,1.0156,1.0115
9.3126,9.5302,9.6224,10.282,8.9642,9.7889,10.721,10.357,11.092,11.691
25,25,25,22,21,22,24,22,22,22
23,25,23,22,25,21,20,21,22,19
345.81,1343,468.11,1391.1,1766,216.53,1159,1713.3,2084.2,520.54
345.81,1343,468.11,1391.1,1766,216.53,1159,1713.3,2084.2,520.54
47.044,94.994,61.709,93.028,132.99,54.939,90.122,110.12,156.7,65.982
1.6267,3.9954,2.1757,3.9114,10.279,-0.010681,5.9787,4.9482,10.556,2.7563
22.978,73.061,29.636,75.429,116.03,2.2419,71.478,92.635,137.75,34.911
335.81,1188.5,436.85,1293.2,1584.4,6.0555,1063.5,1543.9,1899.8,431.03
-26.561,-124.75,-38.563,-122.12,-161.56,-8.4547,-103.28,-156.8,-137.52,-32.429
-37.479,-38.805,-38.242,-38.443,-36.722,-42.036,-41.903,-40.219,-43.306,-44.623
6.8609,5.9325,9.2585,9.0651,17.575,7.1337,3.9919,3.7235,8.2669,5.0514
65.426,51.819,57.778,61.91,61.487,55.079,58.319,56.845,62.035,61.964
15.406,14.763,17.259,17.182,22.72,16.106,17.024,17.023,15.259,14.322
111,97,123,105,168,110,132,110,105,96
9,3,8,9,8,8,18,7,20,22
4844.2,5087.3,5668.4,5905.1,4178.9,4153.3,5295.1,5568.3,5505.3,5991
1.0125e+08,1.2629e+08,1.4325e+08,1.4424e+08,1.1017e+08,9.3818e+07,1.1567e+08,1.2661e+08,1.189e+08,1.1987e+08
0.33234,0.29327,0.30755,0.33119,0.23759,0.221,0.30313,0.31877,0.30066,0.32718
9146.3,4246.8,2776.4,4634.5,6912.9,3646.9,3839.8,3151.2,3464.1,2958.7
