14349,14621,14148,13526,14444,14746,13379,14297,14122,15639
14010,13531,14024,12969,13403,13694,14295,13154,13400,13210
2032,2043,1943,1732,1622,1693,1652,1662,1602,1622
11,0,31,40,20,33,22,0,31,31
0.99459,1,0.98405,0.97691,0.98767,0.98051,0.98668,1,0.98065,0.98089
10526,6950,9780,7894,5660,5362,6901,7050,7397,7348
0.89158,0.63401,0.75167,0.72809,0.52794,0.47862,0.51608,0.50451,0.55822,0.51692
2,1,3,3,2,4,3,1,3,3
5263,6950,3260,2631.3,2830,1340.5,2300.3,7050,2465.7,2449.3
0.97066,0.95741,0.95331,0.94482,0.93635,0.94413,0.93574,0.94239,0.94774,0.95208
0.99578,0.98925,0.98145,0.98959,1.0071,1.0136,1.0138,1.0095,1.0031,1.0056
7.9986,9.5071,8.8249,9.6928,12.206,13.242,10.843,11.687,10.911,11.581
16,12,13,14,14,14,11,13,14,12
18,17,17,16,17,17,14,17,16,16
206.66,191.31,1284.3,260.92,374.33,156.92,144.95,688.55,365.44,195.82
206.66,191.31,1284.3,260.92,374.33,156.92,144.95,688.55,365.44,195.82
42.281,33.874,103.72,45.766,46.683,37.418,41.076,67.03,49.676,47.529
-0.056766,0.7863,7.3838,1.8633,1.9909,0.0080949,0.002144,3.2626,1.8807,0.20611
2.2851,12.507,89.379,19.892,28.383,1.751,1.9341,46.731,26.355,3.7373
6.5181,175.62,1165,236.82,358.69,4.8304,5.6189,595.96,329.34,36.945
-12.962,-19.131,-117.3,-11.79,-33.518,-7.4892,-6.1486,-63.489,-34.134,-6.1989
-0.14676,-8.1676,-2.9352,10.291,5.0106,0.33746,7.7241,14.287,5.9336,4.5176
-0.60833,0.21912,-2.5613,-0.47543,-0.15399,-0.89188,-1.2339,-4.5015,-0.55903,-1.1164
64.683,70.332,74.551,77.943,72.598,69.894,72.849,76.293,74.739,72.748
15.2,15.114,16.199,19.157,13.863,13.643,13.834,18.074,14.012,15.417
117,119,149,131,114,129,112,143,129,133
7,28,34,28,37,40,42,38,36,39
2800.8,3159.8,3866.5,3211.6,4494,5782.5,4558.8,4627.6,3650.1,4072.2
2.9482e+07,2.1961e+07,3.7815e+07,2.5352e+07,2.5436e+07,3.1006e+07,3.146e+07,3.2625e+07,2.7e+07,2.9922e+07
0.23724,0.28825,0.29717,0.29622,0.41918,0.51616,0.34092,0.33116,0.27546,0.28647
0,0,607.73,310.08,121,809.17,89.773,0,125.27,125.77
