15838,15365,15390,15788,14746,17302,15887,15168,15601,16562
18730,19836,19616,19298,19454,19752,20012,19191,18353,18518
1092,1172,1182,1191,1252,1221,1252,1331,1292,1212
11,11,11,11,0,11,40,0,31,22
0.98993,0.99061,0.99069,0.99076,1,0.99099,0.96805,1,0.97601,0.98185
14596,18667,16980,18667,19958,19312,19064,21199,22540,19064
1.2621,1.3835,1.2047,1.3357,1.358,1.2723,1.266,1.3856,1.3461,1.2865
2,2,2,2,1,2,3,1,3,3
7298,9333.5,8490,9333.5,19958,9656,6354.7,21199,7513.3,6354.7
0.96767,0.95394,0.94738,0.96972,0.94038,0.96401,0.96511,0.94859,0.93901,0.94733
1.0298,1.0711,1.0478,1.0859,1.0305,1.1023,1.0679,1.0637,1.0851,1.0701
5.4234,5.017,5.4378,5.36,4.9911,5.1936,5.3455,5.0888,4.9394,5.4251
7,8,8,6,7,7,7,5,6,5
10,12,13,10,10,10,13,11,10,10
1158.7,1358.1,607.18,234.78,1191,206.78,906,824.83,398,221.46
1158.7,1358.1,607.18,234.78,1191,206.78,906,824.83,398,221.46
112.85,128.21,68.415,51.646,132.65,51.531,92.002,86.152,65.301,52.926
8.5459,9.6164,4.3195,0.19194,14.068,0.16788,5.8971,5.1795,2.7627,0.15013
97.319,113.68,50.168,1.9494,122.95,2.0832,75.899,64.136,30.903,2.0277
1009.3,1222.3,541.47,4.8987,1105.8,4.8257,838.83,729.41,348.4,4.833
-108.65,-123.51,-55.603,-5.045,-101.55,-7.3819,-79.013,-75.199,-18.74,-5.3939
11.763,5.2524,11.856,10.357,7.4677,16.259,7.5628,12.185,14.054,12.235
-0.18231,8.702,12.154,8.629,16.357,8.3831,5.3428,11.677,9.4973,8.7279
52.865,53.866,52.867,52.575,53.5,52.276,51.135,54.165,53.546,56.607
14.313,12.473,11.958,13.331,13.355,12.584,13.907,13.659,12.944,13.391
94,96,86,90,103,81,103,97,94,85
10,18,33,22,32,16,24,21,30,22
4558.5,4034.1,5446.5,5560.5,5796.4,5218.2,5354.4,6066.1,6298,6502.3
6.6536e+07,7.5304e+07,9.2482e+07,1.038e+08,1.1568e+08,1.0077e+08,1.0208e+08,1.286e+08,1.4196e+08,1.2396e+08
0.39416,0.29897,0.38642,0.39789,0.39439,0.34378,0.35556,0.39648,0.37611,0.43881
1085.1,688.55,565.83,461.86,0,596.82,134.5,0,901.81,1157.9
