13877,13925,13504,16078,15167,16261,15168,16285,16583,16583
14094,13719,14462,13756,14569,14658,14042,13895,14765,14765
1692,1482,1522,1452,1362,1392,1292,1392,1412,1412
22,61,0,62,11,31,11,22,22,22
0.987,0.95884,1,0.9573,0.99192,0.97773,0.99149,0.9842,0.98442,0.98442
10177,10078,10228,10823,9184,11865,11369,9979,11418,11418
0.78224,0.76055,0.7861,0.84753,0.71919,1.0478,0.93441,0.7815,0.9292,0.9292
3,4,1,5,2,3,2,3,3,3
3392.3,2519.5,10228,2164.6,4592,3955,5684.5,3326.3,3806,3806
1.048,1.035,1.0128,1.0025,1.0081,1.0158,1.0153,1.0249,1.0113,1.0113
1.0056,1.0091,1.0045,1.0239,1.0102,1.0194,0.99544,1.0044,1.0073,1.0073
8.0748,7.9025,7.6942,8.0389,7.9812,6.6085,6.5623,8.3393,7.2694,7.2694
15,14,15,13,13,12,13,12,12,12
14,11,14,12,12,12,12,12,12,12
159.41,160.42,390.54,175.77,721.12,191.31,191.94,184,149.95,149.95
159.41,160.42,390.54,175.77,721.12,191.31,191.94,184,149.95,149.95
37.127,39.319,47.322,40.023,69.337,42.391,42.149,41.379,36.778,36.778
0.010471,-0.08483,2.1024,0.082703,4.3807,1.234,1.3484,0.026916,0.015868,0.015868
1.5729,2.2615,28.65,2.0181,56.81,15.118,17.072,1.9655,1.7093,1.7093
4.1167,5.0614,349.23,6.1246,658.67,175.76,191.94,6.0278,4.9545,4.9545
-5.0214,-15.697,-36.593,-6.5737,-63.344,-8.8207,-16.069,-4.0932,-3.6346,-3.6346
-32.866,-34.128,-39.338,-41.82,-36.93,-36.238,-32.649,-42.089,-38.872,-38.872
-0.18435,-0.86766,-1.8505,0.046803,2.0779,0.57521,-1.3789,-0.35703,0.16035,0.16035
62.429,63.544,64.412,64.76,66.355,70.114,69.13,71.557,71.352,71.352
12.074,15.014,15.443,15.313,13.749,12.433,11.895,11.724,15.78,15.78
91,98,106,111,105,100,99,98,104,104
10,20,12,14,27,26,33,26,9,9
3505.1,4607,4815.1,3769.7,3171.5,2948,3437,3383.9,3710.9,3710.9
3.5672e+07,4.643e+07,4.9249e+07,4.0799e+07,2.9127e+07,3.4978e+07,3.9075e+07,3.3768e+07,4.2372e+07,4.2372e+07
0.26942,0.34767,0.37008,0.2952,0.24835,0.26033,0.28248,0.26501,0.302,0.302
194.5,1212,0,169.72,1499.6,331.72,130,1058.6,857.67,857.67
