15740,14029,15387,16212,17200,15568,14587,16402,16213,16252
16753,17984,16638,17520,16621,16208,17327,16181,16312,15438
2383,2043,2213,2113,2193,2233,2333,2324,2204,2123
592,492,432,460,523,473,472,490,433,400
0.75157,0.75918,0.80479,0.7823,0.76151,0.78818,0.79769,0.78916,0.80354,0.81159
18617,18816,20058,18965,19959,20107,18171,19511,20902,20157
1.5301,1.5164,1.6486,1.4577,1.6906,1.5037,1.5083,1.5878,1.6369,1.6245
6,6,4,3,7,5,5,3,5,3
3102.8,3136,5014.5,6321.7,2851.3,4021.4,3634.2,6503.7,4180.4,6719
1.0436,1.0489,1.0597,1.0462,1.0516,1.0229,1.055,1.0474,1.0536,1.0672
0.99457,1.0182,0.99487,0.9927,0.9744,0.98311,0.98848,0.99687,1.0048,0.98885
5.9751,5.6758,5.8506,6.08,5.8867,5.4871,6.3544,5.9641,5.5522,5.8139
18,16,15,16,16,20,16,14,17,17
20,17,18,21,21,20,24,23,23,22
226.5,368.11,437.98,234.6,264.1,247.04,236.54,272.66,367.49,924.69
226.5,368.11,437.98,234.6,264.1,247.04,236.54,272.66,367.49,924.69
42.886,47.865,54.413,45.565,48.217,44.908,47.349,50.315,51.022,104.26
0.70274,1.767,2.0761,0.039117,0.048912,0.048457,0.94032,0.064985,1.652,8.3923
9.755,23.806,30.18,2.0575,1.8866,1.693,13.736,1.8257,24.428,83.838
129.81,298.43,403.4,5.8591,4.5015,4.5783,187.04,7.2811,326.02,778.43
-12.448,-33.168,-38.583,-6.3109,-6.0021,-4.6535,-15.736,-6.394,-33.068,-88.785
-20.906,-24.684,-24.677,-28.709,-29.475,-23.491,-25.434,-27.723,-27.801,-29.633
15.539,12.44,14.745,13.581,15.99,15.179,13.14,14.846,17.089,16.172
70.323,74.278,74.361,76.114,78.655,76.497,77.969,78.378,77.852,78.908
15.766,15.225,14.564,17.634,14.547,14.181,17.408,12.705,14.047,16.809
108,107,131,155,119,114,130,121,127,129
32,29,20,20,28,44,27,42,44,22
4278,4458.2,4915.7,4594.5,4592.6,3541.5,4613.1,4704.8,4432.8,4553.8
7.9643e+07,8.3886e+07,9.86e+07,8.7135e+07,9.1663e+07,7.1209e+07,8.3825e+07,9.1796e+07,9.2653e+07,9.1791e+07
0.3516,0.3593,0.40402,0.35315,0.389,0.26484,0.38293,0.38288,0.34715,0.36701
3110,2801.9,4556.4,4941,2654,3631,3720,7098.5,3479.4,7254.2
