14593,15834,14425,16029,15451,15193,15559,15795,13313,14689
13754,12829,14685,13768,14945,15691,14569,14431,15804,15335
1442,1452,1702,1492,1532,1562,1533,1442,1482,1522
31,0,31,11,11,0,42,71,0,62
0.9785,1,0.98179,0.99263,0.99282,1,0.9726,0.95076,1,0.95926
16681,18419,17525,18667,17823,20107,17973,17972,16731,17972
1.0333,1.0767,1.1277,1.1148,1.1559,1.3143,1.1217,1.1051,1.1022,1.2536
3,1,3,2,2,1,4,5,1,5
5560.3,18419,5841.7,9333.5,8911.5,20107,4493.2,3594.4,16731,3594.4
0.93235,0.93577,0.95271,0.96325,0.93397,0.94126,0.93598,0.95574,0.9601,0.95289
1.0275,0.98384,0.95463,0.98498,0.94062,0.97595,0.9596,0.98063,0.98307,0.97021
6.2602,5.251,5.993,5.7029,5.8973,5.2894,5.6696,5.3608,6.0108,5.1712
7,9,8,7,7,7,7,7,9,7
12,16,18,13,12,18,18,13,14,16
283.34,695.71,510.31,551.45,231.53,1124.2,203.3,1303.5,633.73,182.36
283.34,695.71,510.31,551.45,231.53,1124.2,203.3,1303.5,633.73,182.36
58.17,71.628,59.156,63.038,48.808,96.915,48.597,112.5,67.646,47.419
1.9137,4.238,2.459,3.0538,1.3273,5.9587,1.1148,7.8315,3.5087,0.10071
23.863,52.273,34.93,40.812,17.35,82.086,14.58,96.112,46.603,1.991
283.34,623.55,450.71,494.87,212.33,1015.8,177.14,1147.1,561.25,4.9226
-13.92,-32.506,-44.882,-48.716,-18.464,-102.77,-18.194,-63.114,-55.866,-5.3906
-16.571,-11.207,-19.259,-21.346,-19.91,-21.079,-11.576,-19.22,-17.06,-19.94
5.5011,7.5705,6.4024,7.7899,6.3737,4.6279,5.3939,9.6622,5.9811,6
72.655,71.49,66.684,68.894,72.426,71.025,70.071,67.497,64.081,63.576
16.091,12.88,16.542,14.396,14.633,14.898,12.814,14.013,15.79,14.93
121,115,109,110,110,120,108,110,103,105
19,35,3,31,41,31,36,35,21,34
5369.9,5503.3,4976.7,4922.8,5031.1,4275.4,5681.3,4294.7,5453.8,3834.7
8.9575e+07,1.0136e+08,8.7217e+07,9.1894e+07,8.967e+07,8.5966e+07,1.0211e+08,7.7185e+07,9.1248e+07,6.8917e+07
0.33264,0.3217,0.32023,0.29399,0.32629,0.27946,0.35457,0.26408,0.3593,0.26749
846.55,0,231.72,894.12,506.95,0,704.94,721.85,0,607.44
