2558.9,2967.1,3207.5,3275.1,3519.1,3505,3859.7,3715.6
1840.1,1883.1,1802.1,1697.6,1674.7,1753.1,1623.5,1710.6
2520,2180,2620,2410,2040,2090,2340,2030
310,0,110,180,40,140,200,60
0.87698,1,0.95802,0.92531,0.98039,0.93301,0.91453,0.97044
852,893,883,939,1011,827,1526,1209
0.54615,0.76587,0.76916,0.88004,0.82666,0.73511,1.1649,1.0699
4,1,2,2,2,2,3,2
213,893,441.5,469.5,505.5,413.5,508.67,604.5
0.99488,1.0062,0.99657,0.98941,0.97863,0.97279,0.9842,0.99323
1.0065,1.0034,1.0078,0.99417,1.0023,1.0077,0.99651,1.0089
10.426,9.3094,10.343,8.3831,8.283,8.4447,5.663,6.9729
21,21,23,21,17,19,21,19
25,25,23,23,23,19,25,21
23.212,19.682,18.61,16.575,20.652,16.88,21.84,19.654
23.212,19.682,18.61,16.575,20.652,16.88,21.84,19.654
4.3087,3.5817,3.7076,3.1657,3.9948,3.0472,3.6803,3.5054
0.0028258,0.0012584,0.0025672,0.0018096,0.0013407,0.0037589,0.00267,-0.00092588
0.14722,0.13636,0.12428,0.12799,0.15879,0.12304,0.15117,0.14183
0.48683,0.43869,0.42445,0.36344,0.54284,0.40804,0.50082,0.4776
-0.46623,-0.52571,-0.47168,-0.45873,-0.5137,-0.40124,-0.76782,-0.44169
-17.107,-24.275,-26.659,-25.374,-28.239,-23.563,-23.933,-29.771
0.28803,0.39817,0.29336,0.38884,0.4801,0.38054,0.61395,0.55505
240.21,345.1,394.06,359.76,413.37,384.58,405.33,373.62
90.001,93.934,88.845,100.78,120.21,109.15,120.71,104.48
448,496,668,530,644,564,588,568
16,72,92,32,1,42,26,1
419.02,262.62,382.24,267.75,256.12,310.52,162.49,240.78
3.57e+05,2.3452e+05,3.3752e+05,2.5141e+05,2.5894e+05,2.568e+05,2.4796e+05,2.911e+05
0.2686,0.22523,0.33296,0.25093,0.20942,0.27602,0.12404,0.21308
143.29,0,111.89,72.993,55.714,82.152,340.59,175.73
