497.84,718.77,584.14,683.69,671.09,723.01,814.11,891.85
569.69,771.46,1043.7,1273.5,1374.9,1435.9,1433.6,1371.8
910,1130,980,1580,1590,1340,1450,1210
0,0,0,0,0,0,0,0
1,1,1,1,1,1,1,1
587,1143,1056,816,919,1031,1077,1102
3.6235,5.0575,3.9551,4.6897,3.4419,3.6953,3.8741,4.6303
1,1,1,1,1,1,1,1
587,1143,1056,816,919,1031,1077,1102
0.95241,1.0137,0.98424,1.0115,1.0176,1.0084,0.99782,0.99915
1.0073,1.19,1.1984,1.1798,1.1493,1.1305,1.148,1.1287
2.3855,2.297,2.3069,2.0701,2.2394,2.2735,2.1291,2.0947
5,8,6,6,6,6,8,6
7,9,8,8,6,6,8,8
6.4288,13.005,11.666,4.245,6.9123,9.5079,7.398,8.7864
6.4288,13.005,11.666,4.245,6.9123,9.5079,7.398,8.7864
1.6704,2.7352,2.723,1.0699,1.4763,2.0239,1.7673,2.135
6.1679e-19,0.00067779,-0.00061856,-7.9554e-19,-1.1418e-18,-0.00018686,-0.00041667,0.00015085
0.063609,0.084673,0.081928,0.043815,0.055719,0.057816,0.05147,0.06178
0.22672,0.21655,0.19975,0.1772,0.26683,0.18924,0.16304,0.17643
-0.16569,-0.21484,-0.20574,-0.1184,-0.15503,-0.12207,-0.12143,-0.20692
-3.0348,4.7012,4.0371,0.62044,2.8331,4.2531,6.0393,-0.56273
0.56593,0.83982,1.0255,0.5038,0.56541,0.70821,0.69034,0.84793
500.02,646.32,610.4,543.66,590.45,553.75,525,559.03
129.32,205.89,116.85,96.017,114.16,89.742,82.113,89.224
614,848,736,644,678,642,602,626
48,0,152,116,92,124,100,90
12.165,19.358,20.66,15.621,27.243,25.137,25.298,20.803
7140.7,22126,21817,12747,25037,25916,27246,22925
0.075091,0.085656,0.077377,0.089777,0.10204,0.090097,0.091002,0.08741
0,0,0,0,0,0,0,0
