1451.8,1823.1,1456,1450.8,1351.9,1648.3,1500.2,1614.7
605.63,917.04,771.73,990.63,693.07,735.04,770.69,831.84
2240,2260,2290,1870,2020,2243,2200,2220
560,430,590,250,0,183,460,500
0.75,0.80973,0.74236,0.86631,1,0.91841,0.79091,0.77477
1179,1276,913,592,832,806,618,714
2.9848,3.0165,3.1483,2.9163,3.8879,3.0881,3.0443,3.6244
6,5,6,4,1,3,6,6
196.5,255.2,152.17,148,832,268.67,103,119
0.9897,0.99049,0.991,0.99572,1.0097,1.0059,0.99967,0.98985
0.97193,0.97093,0.99602,0.98172,1.0189,1.0081,0.99602,0.98444
3.7263,3.4127,3.6483,4.2235,2.8614,3.556,4.1916,3.6147
17,16,16,16,14,17,18,16
21,17,17,16,21,20,19,17
6.5192,6.3063,4.0311,4.6228,5.9481,5.0606,4.0311,3.1623
6.5192,6.3063,4.0311,4.6228,5.9481,5.0606,4.0311,3.1623
1.3015,1.2233,0.96146,0.90487,0.87167,0.8949,0.82053,0.81294
0.001683,-0.00060919,0.0023063,-6.7385e-05,-0.00013981,0.00096305,0.0020201,0.00040938
0.063022,0.060759,0.050993,0.047907,0.083846,0.10053,0.072789,0.060198
0.16271,0.13615,0.13723,0.1101,0.59481,0.50606,0.40311,0.26907
-0.19537,-0.19194,-0.13,-0.12,-0.26145,-0.31,-0.22672,-0.17088
-14.997,-17.609,-17.298,-18.775,-18.692,-14.361,-16.418,-20.9
0.27198,0.30112,0.24669,0.146,0.28515,0.28939,0.12395,0.1546
681.55,662.07,672.05,664.45,454.67,495.97,571.46,502.81
125.99,152.75,125.88,155.13,257.3,235.41,170,134.65
884,850,842,866,772,776,764,730
128,176,48,152,0,0,0,1
95.246,76.336,66.713,68.058,44.874,55.146,56.851,47.461
1.123e+05,97404,60909,40290,37335,44447,35134,33887
0.24113,0.18046,0.23005,0.33526,0.20969,0.21129,0.28006,0.24092
147.42,156.91,117.16,63.982,0,80.438,87.666,80.707
