1049.7,1308.8,1179.3,1401.9,1556.2,1390.7,1502.8,1253.9,1440.3,1193.8
834.69,955.94,1043.8,892.27,796.71,958.96,843.27,777.22,952.71,896.2
3333,2858,2986,2730,3080,3152,3060,3294,2890,3152
763,388,506,320,410,442,410,684,390,452
0.77108,0.86424,0.83054,0.88278,0.86688,0.85977,0.86601,0.79235,0.86505,0.8566
1306,1194,1342,1143,1332,1286,1164,1423,1067,1363
2.8894,2.5733,3.6767,3.123,2.9799,2.8079,2.3611,2.8574,2.6281,3.5587
4,4,4,4,4,4,4,4,4,3
326.5,298.5,335.5,285.75,333,321.5,291,355.75,266.75,454.33
0.98906,0.99026,0.99338,0.9823,0.99705,0.98822,0.98586,0.9848,0.99141,0.97237
1.0196,1.0274,1.0162,1.0102,1.008,1.0027,1.0047,0.99126,1.0201,1.0111
6.4758,6.9936,5.3677,5.6253,6.0207,6.5717,7.5624,6.3106,6.8102,5.7996
22,22,21,22,19,24,20,19,25,22
26,26,25,23,27,25,27,26,26,26
20.529,17.41,18.141,16.957,20.11,18.388,16.985,18.938,15.412,19.039
20.529,17.41,18.141,16.957,20.11,18.388,16.985,18.938,15.412,19.039
3.3735,2.9487,2.8568,2.9484,3.3653,3.0703,2.9035,3.4327,2.7544,2.7928
0.0042877,0.0014855,0.0050435,0.0038764,0.0032576,6.795e-05,-0.0009557,0.0020003,0.0028997,-0.00048259
0.1089,0.10913,0.10135,0.10449,0.10997,0.11009,0.11454,0.11423,0.094324,0.1063
0.56533,0.41,0.5068,0.5135,0.46243,0.5,0.44389,0.48914,0.45,0.49224
-0.41454,-0.47,-0.51824,-0.51352,-0.58218,-0.51457,-0.47706,-0.46553,-0.40963,-0.52168
1.4564,4.9638,4.6551,5.1035,4.8456,0.16844,8.6545,2.2051,-0.93363,7.0013
0.37343,0.36745,0.064435,0.18882,0.31451,0.28341,0.39022,0.41935,0.3207,0.55893
655.05,647.77,584.87,677.19,670.36,655.45,691.61,687.8,693.17,642.1
122.29,150.36,117.74,107.85,131.71,131.74,131.36,125.45,133.03,120.01
866,920,826,892,908,880,904,866,936,804
70,148,8,338,38,38,152,54,142,124
171.83,166.14,89.309,88.356,165.88,103.65,146.24,133.1,137.22,89.248
2.2441e+05,1.9837e+05,1.1985e+05,1.0099e+05,2.2096e+05,1.333e+05,1.7023e+05,1.894e+05,1.4642e+05,1.2164e+05
0.38015,0.35806,0.24468,0.24141,0.37111,0.22631,0.29664,0.26727,0.33798,0.23302
214.65,214.48,323.37,171.52,141.22,220.83,226.49,248.11,161.73,504.48
