1482,1780.6,1402.3,1406.2,1519.8,1627.2,1372.5,1499.9,1440.8,1453.6
1178.7,834.55,1195.7,1110.6,1095.1,1205.2,1150.2,1122.6,1208.2,1193.9
1620,1500,1690,1510,1560,1580,1460,1550,1550,1610
0,0,0,0,0,0,0,0,0,0
1,1,1,1,1,1,1,1,1,1
1010,995,1021,1357,1322,1250,1199,1209,1250,1265
1.833,1.7518,1.5854,1.6836,2.1323,1.768,1.6676,1.5929,1.5394,1.5483
1,1,1,1,1,1,1,1,1,1
1010,995,1021,1357,1322,1250,1199,1209,1250,1265
0.97549,0.97944,0.97979,0.98625,0.99031,0.97843,0.98563,0.98464,1.0025,0.98834
1.0295,1.0164,1.01,1.0358,1.0086,1.0378,1.0681,1.0225,1.0345,1.0157
4.6483,4.9595,5.2338,4.6464,4.4588,4.6536,4.7492,5.1396,4.7405,5.1071
8,8,6,8,8,6,5,8,7,8
13,12,10,12,14,12,10,12,11,11
9.8478,9.7,10.2,10.2,11.216,11.815,11.316,10.817,10.717,10.812
9.8478,9.7,10.2,10.2,11.216,11.815,11.316,10.817,10.717,10.812
2.0473,1.9972,1.9718,2.3985,2.3371,2.2431,2.3967,2.2896,2.193,2.3297
0.0050448,0.0037778,0.0020421,0.0009286,0.0011548,0.0016302,0.0037241,0.00051948,0.0010885,0.0010097
0.061412,0.06383,0.057414,0.073406,0.072581,0.068712,0.070063,0.070668,0.067642,0.069932
0.14861,0.17287,0.17004,0.16,0.18677,0.21,0.19726,0.20222,0.20272,0.16
-0.15963,-0.2009,-0.15249,-0.1928,-0.2,-0.20223,-0.21,-0.16,-0.15728,-0.16471
3.5894,4.698,3.2156,3.8496,7.7704,5.7172,5.5133,2.3678,6.512,5.6889
0.43765,0.48333,0.54083,0.74702,0.68333,0.75253,0.71986,0.70774,0.78065,0.7354
453.29,452.11,532.87,421.16,451.24,504.05,435.05,437.18,472.18,467.56
76.555,87.563,86.807,64.629,69.666,117.82,89.47,82.727,82.125,79.426
580,606,690,538,540,618,554,538,592,592
90,70,208,144,48,1,32,52,22,100
173.31,251.92,247.81,273.93,231.2,252.86,278.97,344.14,278.44,327.47
1.7504e+05,2.5066e+05,2.5301e+05,3.7172e+05,3.0565e+05,3.1608e+05,3.3449e+05,4.1607e+05,3.4805e+05,4.1425e+05
0.31454,0.44352,0.38479,0.33986,0.37291,0.35766,0.388,0.45341,0.34291,0.40082
0,0,0,0,0,0,0,0,0,0
