1240.3,1289.7,1351,1502.4,1227.3,1279.7,1325,1284.6,1276.9,1368.1
1210.1,1267.1,1268.2,1308.1,1315.7,1284,1233.6,1303.6,1347.7,1290.6
1898,1540,1530,1550,1460,1440,1400,1380,1410,1420
308,70,70,90,90,100,100,100,100,110
0.83772,0.95455,0.95425,0.94194,0.93836,0.93056,0.92857,0.92754,0.92908,0.92254
1388,1337,1413,1566,1219,1225,1297,1260,1194,1266
2.3686,2.537,2.6215,2.8165,2.5936,2.4848,3.0233,2.4706,2.5733,2.6597
3,2,2,2,2,2,2,2,2,2
462.67,668.5,706.5,783,609.5,612.5,648.5,630,597,633
0.98885,0.98838,0.98276,0.98994,0.9809,0.96312,0.97522,0.986,0.97635,0.97888
1.0582,1.0669,1.0225,1.034,1.0431,1.0562,1.0291,1.0246,1.0113,1.0202
5.027,3.8839,3.749,3.4815,3.5842,4.1093,3.8887,3.9566,3.7817,3.8653
17,12,9,13,9,11,10,7,13,12
18,15,15,13,13,15,13,9,13,13
13.713,13.3,11.427,9.2914,7.7,11.216,12.431,9.2455,9.7185,10.218
13.713,13.3,11.427,9.2914,7.7,11.216,12.431,9.2455,9.7185,10.218
2.8605,2.6617,2.5811,2.4354,1.9702,2.5254,2.642,2.404,2.268,2.3197
0.00053706,0.0015858,0.00070221,0.002081,0.0021333,0.00055637,0.002145,0.001219,0.0015325,-0.0010087
0.20216,0.11993,0.11285,0.11206,0.09318,0.11497,0.12785,0.1078,0.10274,0.10251
1.3011,0.36,0.29222,0.26437,0.22315,0.3,0.36321,0.23849,0.24563,0.30294
-0.57801,-0.35161,-0.34655,-0.3175,-0.26176,-0.31271,-0.42903,-0.23788,-0.30496,-0.25617
-6.2937,-10.829,-5.1261,-11.468,4.3958,-2.9788,-7.0704,-20.776,-3.6839,-7.3385
1.3296,0.8695,0.94713,0.94611,0.8537,0.88037,0.95351,0.95581,0.91705,0.97617
473.02,548.23,551.07,592.26,639.05,622.65,624.45,632.97,647.27,670.06
104.92,129.07,116.14,78.358,112.82,113.4,110.41,91.52,102.76,111.86
784,712,700,730,808,820,760,772,796,872
128,98,216,208,184,12,1,148,1,58
199.35,131.88,133.73,136.07,101.1,106.96,98.33,145.41,112.63,138.46
2.767e+05,1.7633e+05,1.8896e+05,2.1309e+05,1.2324e+05,1.3103e+05,1.2753e+05,1.8322e+05,1.3448e+05,1.7529e+05
0.34019,0.25025,0.24811,0.24474,0.2151,0.21697,0.22921,0.28512,0.24274,0.29088
626.55,71.028,122.1,192.9,88.837,171.61,184.61,158.86,149.16,223.89
