989.23,1348.4,1378.3,1449.7,1497.2,1594.8,1544.2,1432.8,1475.6,1610.4
530.94,882.93,891.3,932.21,985.63,982.13,1005.2,1019.9,1012.3,1049.5
2600,2250,2170,2130,2240,2150,2190,2030,2300,2220
0,0,0,0,0,0,0,0,0,0
1,1,1,1,1,1,1,1,1,1
1260,1357,1342,1450,1679,1404,1454,1347,1240,1322
2.5558,2.5701,2.3138,2.3163,2.6821,2.4249,2.6679,2.2338,2.1831,2.1496
1,1,1,1,1,1,1,1,1,1
1260,1357,1342,1450,1679,1404,1454,1347,1240,1322
0.997,0.99952,0.99979,1.004,1.015,1.0152,1.0179,1.0094,1.0117,1.0087
1.0768,1.048,1.0666,1.078,1.1226,1.045,1.081,1.066,1.0371,1.045
3.5889,3.366,3.6553,3.398,3.2531,3.5795,3.4613,3.7389,4.1142,3.719
9,12,14,12,14,14,12,12,16,10
26,23,21,22,24,22,22,20,22,22
5.143,4.7707,8.2976,5.8412,5.8856,5.8215,5.6303,5.5946,5.3907,5.86
5.143,4.7707,8.2976,5.8412,5.8856,5.8215,5.6303,5.5946,5.3907,5.86
0.95765,1.0299,1.2782,1.2484,1.3027,1.1871,1.1937,1.3392,1.0983,1.2645
-2.1433e-19,0.0014126,0.00051646,8.5389e-05,0.00012602,0.00026457,0.00085294,-0.00084158,0.00024724,-1.5298e-05
0.057277,0.056591,0.12358,0.065457,0.064808,0.067471,0.063195,0.06696,0.062074,0.062147
0.18931,0.16428,0.82976,0.1475,0.18428,0.18511,0.16614,0.18428,0.17311,0.16311
-0.13515,-0.15727,-0.46976,-0.17271,-0.1772,-0.16674,-0.16385,-0.18611,-0.18,-0.15396
9.1387,7.6329,3.1605,2.5104,1.8654,6.2969,-7.8265,-3.6239,-5.8758,-1.6276
0.48462,0.60089,0.60691,0.67324,0.73839,0.64791,0.65936,0.65369,0.53696,0.59324
721.02,664.91,711.2,734.31,775.72,848.63,847.12,851.71,855.21,813.98
145.68,121.61,139.67,150.93,156.28,140.64,134.59,177.34,159.49,162.89
1023,986,932,1023,1023,1023,1023,1023,1023,1023
94,76,90,90,128,170,262,28,142,18
44.867,52.163,62.681,51.188,57.914,54.867,54.453,67.933,64.769,59.464
56532,70785,84117,74222,97237,77033,79174,91506,80314,78611
0.091008,0.098793,0.10807,0.081769,0.092514,0.094762,0.099913,0.11266,0.11403,0.096689
0,0,0,0,0,0,0,0,0,0
