835.2,1313.2,834.51,936.47,1116.6,942.77,945.4,1006.5,982.72,1334.3
566.54,1090.7,529.85,752.11,867.8,848.92,898.26,920.41,1052.1,1149.7
2624,2583,2834,3014,2804,2714,2774,2694,2663,2624
174,213,234,254,184,224,224,204,163,224
0.93369,0.91754,0.91743,0.91573,0.93438,0.91746,0.91925,0.92428,0.93879,0.91463
546,852,495,597,750,633,868,704,740,510
2.0074,2.8306,2.25,2.7014,2.443,1.9124,2.9324,2.4789,2.327,1.9101
2,2,2,2,2,2,2,2,2,2
273,426,247.5,298.5,375,316.5,434,352,370,255
1.0051,0.98918,1.0029,1.0039,0.99389,0.9985,0.99249,0.99069,0.99485,0.99378
1.0248,1.0042,0.9966,1.0193,1.0049,1.0246,1.0115,1.0193,1.0339,0.98862
5.4055,4.634,5.6495,5.1499,4.8554,5.7594,4.7663,5.259,5.3914,5.4801
14,14,16,19,17,14,18,15,19,16
18,17,18,15,18,17,16,17,19,15
5.1,7.7233,4.1437,5.6,6.2,6.7,7.1,7.7162,8.7207,6.1
5.1,7.7233,4.1437,5.6,6.2,6.7,7.1,7.7162,8.7207,6.1
0.99698,1.493,0.86327,1.0141,1.2365,1.2835,1.3793,1.3279,1.5706,1.0674
0.00059447,-0.00033273,0.0007045,0.00030586,-0.00010119,0.00017307,-0.00043983,-8.2047e-05,0.00079654,3.4834e-05
0.052988,0.065211,0.047899,0.056513,0.064953,0.053468,0.051524,0.053259,0.056541,0.060273
0.16,0.43012,0.15,0.32311,0.4,0.16,0.15352,0.15437,0.21,0.35805
-0.12956,-0.20758,-0.12,-0.21311,-0.26,-0.16476,-0.15645,-0.19824,-0.22173,-0.20185
-2.1154,2.7772,6.4384,6.1244,0.4337,-3.2658,-3.8735,1.3122,-6.5666,1.5885
0.21071,0.29418,0.15732,0.17927,0.18367,0.20291,0.20082,0.1955,0.22863,0.1835
752.02,622.82,799.6,614.59,529.33,663.08,698.4,625.67,721.44,580.03
147.54,89.51,132.51,100.47,98.337,121.14,118.4,100.96,140.4,105.76
908,730,932,730,700,826,838,758,828,728
16,104,1,0,92,92,86,176,20,0
51.968,52.918,43.515,38.043,63.335,64.995,58.641,62.856,64.547,45.98
28374,45086,21540,22711,47501,41142,50900,44250,47765,23450
0.19106,0.17581,0.1978,0.17214,0.2063,0.19636,0.19811,0.22132,0.20298,0.17221
119.23,176.24,118.12,173.4,143.59,174.04,169.19,151.08,121.25,121.08
