1622.8,1615.1,1538.1,1513.8,1774.4,1580.3,1539.3,1628,1636.2,1494.5
801.85,854.26,833.22,566.71,599.5,542.3,776.41,793.21,819.75,893.37
980,990,1040,990,1180,1240,1080,1030,1000,1020
210,230,210,220,270,300,200,220,220,220
0.78571,0.76768,0.79808,0.77778,0.77119,0.75806,0.81481,0.78641,0.78,0.78431
1394,1072,1092,1229,1077,1148,1031,1209,1153,1051
4.8069,3.8561,3.9281,4.152,4.5443,4.2996,3.0685,3.6526,3.1503,3.2947
3,3,3,3,3,3,3,3,3,3
464.67,357.33,364,409.67,359,382.67,343.67,403,384.33,350.33
0.97543,0.98149,0.97808,0.98347,0.99595,0.97378,0.98866,0.99643,0.99321,0.97295
1.0243,0.99251,0.97977,0.99956,0.98406,0.99477,0.99397,1.0019,0.99941,0.99781
2.2665,2.6406,2.8329,2.3529,2.7485,2.8223,2.566,2.507,2.4641,2.8529
9,10,11,11,12,12,10,11,12,12
12,12,12,12,14,14,12,12,12,12
12.022,7.5895,8.4581,9.3744,6.4815,7.6694,6.9354,6.9893,8.6035,7.7698
12.022,7.5895,8.4581,9.3744,6.4815,7.6694,6.9354,6.9893,8.6035,7.7698
2.6508,2.0038,1.945,2.3502,1.6066,1.8388,1.794,1.8527,2.1183,1.9434
-0.0020184,-0.00059527,-0.00024787,-0.0032611,-0.002035,-0.001751,-0.0018985,-0.00053949,-0.0031762,-0.00049323
0.1359,0.11514,0.11493,0.1199,0.10151,0.10116,0.091841,0.12077,0.11136,0.12556
0.29351,0.2433,0.24112,0.20327,0.18386,0.28229,0.19393,0.25806,0.19921,0.27394
-0.34728,-0.28049,-0.26562,-0.30477,-0.24552,-0.28401,-0.25355,-0.3636,-0.30136,-0.37607
-14.298,-18.07,-19.749,-12.923,-19.837,-19.934,-21.666,-23.143,-23.064,-26.806
1.0201,0.75431,0.5435,1.0152,0.5356,0.53821,0.70719,0.71821,0.81568,0.6163
584.5,564.81,510.02,498.27,545.49,558.6,552.78,461.93,487.16,493.18
106.94,98.359,95.016,123.68,126.18,117.2,132.66,115.95,108.25,108.07
818,754,652,754,758,788,760,736,682,696
212,206,172,128,26,144,1,148,164,90
33.466,33.927,45.507,27.439,39.109,41.034,37.75,35.723,25.036,43.536
46652,36369,49693,33723,42120,47107,38920,43189,28866,45757
0.1154,0.12204,0.16369,0.092699,0.16502,0.15369,0.11235,0.10792,0.068404,0.13648
337.1,306.02,296.85,327.58,299.15,314.27,279.48,300.94,314.1,287
