1065,1049,967.15,1224,1190.1,1259.6,1063.3,1057.3
750.15,765.4,932.46,826.27,972.79,978.78,1049.2,1118.6
3930,3700,3590,3880,4080,3570,3700,3720
0,0,0,0,0,0,0,0
1,1,1,1,1,1,1,1
1612,1332,1393,1449,1413,1658,1408,1307
2.3533,1.9165,1.8927,2.0641,1.9986,2.1014,2.023,2.068
1,1,1,1,1,1,1,1
1612,1332,1393,1449,1413,1658,1408,1307
0.96725,0.9666,0.9848,0.97421,0.97367,0.98186,0.98303,0.981
0.9805,0.98879,0.97651,0.95911,0.99705,0.98754,1.0055,0.95986
7.2087,8.5183,8.5095,8.1325,9.4327,8.1214,8.4227,8.7105
21,15,29,23,31,29,23,27
32,33,32,35,38,32,35,36
14.5,10.7,18.398,13.346,15.967,23.455,16.971,12.814
14.5,10.7,18.398,13.346,15.967,23.455,16.971,12.814
2.6309,2.4934,2.8399,2.6069,2.9827,3.7937,2.9117,2.5247
0.00093104,0.00011579,0.0021223,0.00016045,0.00036855,0.0035551,0.0014111,4.8794e-05
0.13317,0.087702,0.15742,0.12823,0.10732,0.11822,0.099147,0.089766
1.3027,0.22653,1.8398,1.3346,0.52,0.52101,0.37334,0.27288
-0.98656,-0.2065,-1.0993,-0.61337,-0.35,-0.45352,-0.36,-0.24835
-4.0936,-1.3752,-13.003,-9.026,-8.3336,-7.2552,-5.8226,-12.076
-0.10382,-0.038649,-0.088301,0.0051546,-0.0061275,-0.038375,-0.026216,-0.0056452
857.99,969.42,908.05,909.35,907.58,944.92,974.96,969.56
133.51,119.65,133.9,127.09,227.93,117.05,74.869,91.596
1023,1023,1023,1023,1023,1023,1023,1023
0,164,0,0,0,222,482,388
175.2,230.61,228.54,244.55,240.69,269.94,219.36,229.41
2.8242e+05,3.0717e+05,3.1835e+05,3.5436e+05,3.4009e+05,4.4756e+05,3.0885e+05,2.9984e+05
0.25576,0.33181,0.31051,0.34836,0.34043,0.34213,0.31517,0.36299
0,0,0,0,0,0,0,0
