1529.5,1642,1555.4,1670.1,1776.5,1458.9,1610.5,1648.5,1740.1,1711.4
1281.6,1264.1,1370.2,1368.6,1380.5,1405.7,1187.4,1269.2,1296.8,1201.5
3365,3094,3164,3125,3375,3164,3275,3385,3294,3215
665,764,1004,1045,1095,1054,955,1165,934,935
0.80238,0.75307,0.68268,0.6656,0.67556,0.66688,0.7084,0.65583,0.71645,0.70918
1399,1434,1449,1546,1771,1393,1582,1816,1653,1654
3.4458,3.8037,4.6294,4.7716,5.2552,4.2862,4.2642,4.6091,3.8531,3.2054
7,8,8,8,8,8,8,8,8,7
199.86,179.25,181.12,193.25,221.38,174.12,197.75,227,206.62,236.29
1.0074,1.0023,1.0008,1.0043,1.0022,1.004,1.0039,0.99568,1.0049,1.0141
0.9628,0.96291,0.97865,0.97726,0.98188,0.97321,0.96576,0.98043,0.97224,0.95736
5.7712,6.0672,5.8682,5.5717,5.3206,5.745,5.7013,5.2556,5.4925,6.1843
21,22,25,23,25,22,23,22,20,19
26,26,27,27,26,22,25,26,27,25
13.813,15.8,14.8,14.3,16.311,15.8,15.9,18.807,15.811,17.41
13.813,15.8,14.8,14.3,16.311,15.8,15.9,18.807,15.811,17.41
2.5214,3.0459,3.0951,3.1185,3.27,3.1021,3.1037,3.7011,3.0649,3.5974
0.0021863,0.0016183,0.00024261,-0.002141,-0.0016088,0.0021094,-0.00015999,0.0033574,0.0010427,-0.00022241
0.08189,0.10248,0.097106,0.10586,0.10103,0.11863,0.099977,0.11231,0.099967,0.11117
0.3039,0.36437,0.3039,0.31485,0.36902,0.86377,0.35,0.41185,0.35915,0.42
-0.26683,-0.3535,-0.34398,-0.3151,-0.37135,-0.43296,-0.42187,-0.51523,-0.30913,-0.34
11.124,12.039,7.5202,6.3497,6.9318,8.7739,9.9974,14.538,8.6752,6.8201
0.45214,0.64319,0.68312,0.75708,0.7893,0.51157,0.69427,0.74908,0.63229,0.77956
397.57,488.37,547.69,524.68,486.52,502.71,485.13,509.14,492.11,493.89
168.27,162.51,141.53,101.99,143.56,120.17,140.73,129.76,149.74,138.74
626,746,740,712,722,730,706,722,760,764
1,1,24,134,1,70,1,30,1,10
82.893,100.79,78.606,68.826,62.348,85.144,83.858,83.243,80.754,119.05
1.1597e+05,1.4453e+05,1.139e+05,1.0641e+05,1.1042e+05,1.1861e+05,1.3266e+05,1.5117e+05,1.3349e+05,1.969e+05
0.20417,0.26734,0.25114,0.21243,0.18501,0.26198,0.22603,0.21128,0.18824,0.23071
152.53,224.07,281.33,325.39,338.73,262.34,277.38,310.44,299.91,357.96
