1636.4,1277.4,1567.6,1668.1,1774.5,1538,1494.5,1348.7
751.14,867.16,824.14,790.72,807.16,840.06,915.49,899
1070,810,1130,1020,990,1050,1340,1330
0,40,130,160,110,110,80,0
1,0.95062,0.88496,0.84314,0.88889,0.89524,0.9403,1
1445,1506,1459,1761,1557,1261,1842,908
1.5389,1.6549,1.4979,2.0382,1.7436,1.2867,1.6715,0.92089
1,2,2,3,2,2,2,1
1445,753,729.5,587,778.5,630.5,921,908
1.012,1.0056,0.97918,1.0144,0.99706,0.98831,1.0103,0.98854
1.1292,1.1166,1.0195,1.1359,1.0937,1.0194,1.1111,1.0736
6.0569,4.5987,5.6023,4.969,5.9581,5.5745,5.1561,7.8631
11,8,11,11,11,11,12,11
10,7,10,9,9,10,13,12
36.069,19.812,35.282,25.76,26.035,34.506,32.426,15.508
36.069,19.812,35.282,25.76,26.035,34.506,32.426,15.508
6.7302,5.46,5.8921,6.6114,7.1557,6.4179,6.4405,3.6227
0.0022298,0.013934,-0.00092776,0.01648,0.007097,0.003993,0.00076146,0.0054991
0.64565,0.25565,0.4757,0.27766,0.34145,0.76364,0.67984,0.21917
3.6069,0.50737,3.5282,0.4498,0.61264,3.4506,3.2426,1.303
-2.5356,-0.5761,-1.5947,-0.76514,-0.76209,-2.3789,-2.405,-0.48795
-5.1706,-13.068,-15.749,-15.405,-18.369,-20.227,-12.712,-10.723
1.1682,0.61314,1.4195,0.80261,1.1321,1.4019,1.0638,0.67519
532.15,560.58,551.08,532.34,593.89,574.33,554.81,473.82
154.88,108.65,135.35,133.67,173.65,115.89,181.6,227.17
788,728,772,724,884,764,790,814
152,134,128,26,18,200,0,0
300.28,193.02,249.77,177,180.76,262.38,252.59,292.48
4.339e+05,2.907e+05,3.6441e+05,3.117e+05,2.8144e+05,3.3087e+05,4.6528e+05,2.6557e+05
0.31979,0.21211,0.25643,0.20486,0.20242,0.26774,0.22921,0.29663
0,283.23,405.23,346.32,367.15,348.49,335.15,0
