1175.1,1451.5,1283.6,1648.4,1465,1530.3,1612.5,1705.8,1421.1,1298.7
721.49,700.73,687.06,641.37,778.94,776.84,750.47,767.72,632.19,777.26
3575,3265,3996,3705,3515,3315,3485,3475,3455,3795
465,405,856,465,475,465,385,405,435,585
0.86993,0.87596,0.78579,0.87449,0.86486,0.85973,0.88953,0.88345,0.8741,0.84585
1103,1113,1128,1286,1174,1240,1194,1307,1153,1102
3.2827,3.1441,3.2414,4.0313,3.494,3.6152,3.2623,3.4668,3.3713,2.6052
6,6,6,5,6,6,6,6,6,6
183.83,185.5,188,257.2,195.67,206.67,199,217.83,192.17,183.67
0.98823,0.98598,0.9901,0.98264,0.98741,0.98562,0.98515,0.98745,0.9765,0.97986
1.0063,0.99265,0.99433,1.0081,0.98746,1.0017,0.99788,0.99758,0.9839,1.004
4.7835,4.6321,4.2184,4.0096,4.3239,4.085,4.5399,4.2201,4.1888,5.6138
40,31,37,32,33,34,34,33,38,40
32,32,32,32,32,30,34,35,32,38
4.9649,6.1685,4.6271,4.1231,4.8021,5.3712,6.1351,5.7697,5.5714,6.5299
4.9649,6.1685,4.6271,4.1231,4.8021,5.3712,6.1351,5.7697,5.5714,6.5299
0.97003,1.0715,0.92356,0.91451,0.96522,0.97654,1.0861,1.0976,1.0086,1.1176
0.0012601,0.00062297,0.0015704,0.00046167,0.00091575,0.0008617,0.00077616,-0.00038318,0.00095031,0.00016833
0.059074,0.065151,0.057544,0.054437,0.057724,0.055554,0.06105,0.06349,0.056565,0.062283
0.17767,0.19202,0.14416,0.16152,0.1636,0.1728,0.14459,0.18074,0.17112,0.18
-0.14024,-0.21243,-0.2062,-0.1562,-0.18721,-0.17188,-0.20614,-0.20281,-0.19515,-0.18828
-19.309,-21.527,-15.147,-12.228,-14.358,-17.303,-16.794,-19.094,-13.08,-26.956
0.22118,0.24654,0.22929,0.28858,0.23241,0.25107,0.23192,0.25649,0.24874,0.18197
819.93,826.39,840.46,854.49,885.63,850.22,841.4,874.11,855.23,851.64
158.42,136.13,136.64,137.82,155.76,142.92,148.07,142.65,150.92,157.78
1023,1008,1004,1023,1023,1023,1023,1023,1023,1023
1,34,54,90,64,16,118,86,36,1
89.487,69.532,97.304,82.443,89.364,88.211,87.966,77.981,88.032,124.84
98704,77389,1.0976e+05,1.0602e+05,1.0491e+05,1.0938e+05,1.0503e+05,1.0192e+05,1.015e+05,1.3757e+05
0.26633,0.19642,0.27961,0.25844,0.26596,0.25718,0.24034,0.20685,0.2574,0.29513
121.29,136.2,101.07,103.72,117.2,132.12,132.47,144.38,119.76,156.46
