1715.8,1876,1638.7,1938.8,1788,2111.1,1475.3,1213.8,1549.3,1964.3
1067.4,1132.3,1112.1,1175.8,1097.1,883.63,867.68,909.09,722.86,721.82
3160,3100,3160,3380,3060,3220,3240,3130,2960,3500
110,110,110,100,120,120,120,120,120,130
0.96519,0.96452,0.96519,0.97041,0.96078,0.96273,0.96296,0.96166,0.95946,0.96286
1332,1332,1337,1301,1413,1643,1398,1526,1771,1740
2.7983,2.9865,2.2816,2.872,2.9747,3.3327,3.0129,3.508,3.8668,3.6632
2,2,2,2,2,2,2,2,2,2
666,666,668.5,650.5,706.5,821.5,699,763,885.5,870
0.99746,1.0091,1.0132,1.0081,1.019,1.0198,1.0128,0.99111,1.0091,1.0117
1.0577,1.0042,1.0116,1.0246,1.0365,1.0139,1.0958,1.1476,1.1018,1.0884
5.6285,6.0872,6.1676,6.3925,5.942,5.1065,5.7295,5.6057,5.4824,5.3915
24,23,23,23,23,22,23,20,23,25
26,26,26,28,24,26,26,26,26,28
11.715,12.925,11.532,13.214,17.31,15.902,13.904,20.11,19.483,19.437
11.715,12.925,11.532,13.214,17.31,15.902,13.904,20.11,19.483,19.437
1.9012,1.9852,1.9375,2.1224,2.5498,2.3757,2.4053,2.9328,3.162,2.8168
-0.000305,-0.0003543,-1.8183e-05,-0.00014866,-0.00042803,0.00016479,0.00026458,0.00020109,0.00013091,0.0001811
0.07389,0.081585,0.081314,0.077869,0.091702,0.086234,0.081414,0.094896,0.10429,0.086942
0.37393,0.44396,0.40432,0.43505,0.5042,0.49461,0.40144,0.49654,0.49392,0.50737
-0.2772,-0.32643,-0.4272,-0.37,-0.39454,-0.43966,-0.39643,-0.43551,-0.44172,-0.3756
-1.0307,-7.8566,-8.2651,0.71252,-0.376,-0.11574,1.7383,-1.6955,-3.9867,0.059996
0.3549,0.41188,0.35859,0.33386,0.4159,0.48114,0.35136,0.4803,0.57646,0.46381
693.86,677.93,685.84,679.44,647.66,692.99,659.6,669.76,674.91,681.28
101.07,108.01,96.292,75.965,101.23,112.36,87.975,97.384,107.9,112.56
862,826,820,790,760,826,794,816,828,828
56,106,238,282,142,108,48,206,302,148
159.55,168.25,191.12,186.34,199.08,170.08,141.01,151.48,157.79,165
2.1252e+05,2.2411e+05,2.5553e+05,2.4243e+05,2.813e+05,2.7944e+05,1.9713e+05,2.3116e+05,2.7944e+05,2.8709e+05
0.33519,0.37725,0.32614,0.41135,0.41911,0.34499,0.30391,0.34823,0.34451,0.34736
185.16,255.78,224.51,161.07,219.59,165.75,179.49,172.41,180.48,161.05
