1097.6,1205.9,1178.5,1254.5,1233.6,1274.6,1331.5,1366.5,1385.5,1317.3
955.89,1055.6,1038.2,1081.4,1182.7,1003.8,1008.8,964.88,664.01,911.36
1779,1732,1707,1851,1883,1867,1768,1763,1492,1545
229,262,267,261,263,297,248,223,232,275
0.87128,0.84873,0.84359,0.859,0.86033,0.84092,0.85973,0.87351,0.8445,0.82201
995,1164,1194,1260,1250,1158,1071,1092,1067,1062
3.6581,4.1871,4.5747,4.4366,4.3103,5.1013,4.7389,4.3855,5.5864,5.3636
3,3,3,3,3,3,3,3,3,3
331.67,388,398,420,416.67,386,357,364,355.67,354
0.99492,0.98497,0.98933,0.99484,0.9999,1.0053,0.99412,1.0035,0.99646,0.99867
0.98703,1.0047,0.98844,1.0075,0.99898,1.0043,0.98987,1.0019,0.99859,1.0088
3.2831,3.368,3.4153,3.2366,3.4719,3.298,3.9374,3.6525,3.4626,3.4143
18,18,18,20,20,20,18,18,16,16
16,17,14,18,18,16,16,17,14,14
5.1245,6.1205,5.7,6.5552,6.0926,6.456,6.2,6.2968,5.7271,6.456
5.1245,6.1205,5.7,6.5552,6.0926,6.456,6.2,6.2968,5.7271,6.456
1.1562,1.5547,1.474,1.6497,1.5456,1.5579,1.4538,1.4581,1.5577,1.4588
-1.2884e-05,0.00033857,0.00059533,0.00022563,0.0010437,-8.0343e-05,-0.0021281,-0.00055407,-0.0012504,0.00031536
0.067685,0.083304,0.077785,0.077195,0.082154,0.072172,0.089031,0.08642,0.086994,0.082671
0.20341,0.25281,0.16377,0.25,0.23765,0.19511,0.21497,0.20881,0.20437,0.1772
-0.34644,-0.44697,-0.31505,-0.28378,-0.31785,-0.30167,-0.56647,-0.60473,-0.29853,-0.3705
-10.915,-13.473,-11.776,-11.109,-7.6265,-10.678,-12.3,-11.453,-7.5102,-8.3899
0.65651,0.7665,0.76778,0.69995,0.68245,0.74917,0.74856,0.67047,0.76461,0.83655
622.95,591.8,610.1,587.06,607.15,581.33,598.82,602.59,623.91,602.43
110.64,109.83,121.04,101.78,116.05,127.79,126.63,110.41,142.63,138.89
724,714,782,764,762,764,758,768,838,744
50,62,8,74,98,146,1,4,20,8
50.852,58.381,53.08,50.04,48.516,48.7,73.949,59.464,42.414,44.431
50598,67956,63378,63051,60645,56395,79200,64935,45256,47185
0.18696,0.21001,0.20337,0.1762,0.1673,0.21454,0.32721,0.23881,0.22206,0.2244
449.08,506.49,507.46,445.17,502.94,483.05,546.61,480.02,467.06,454.81
