995.17,1133.4,981.27,1036.4,1251,1226,1164.6,1050.7,1131.1,1121.5
739.75,754.24,784.37,794.57,802.02,809.32,881.87,788.77,889.08,716.5
1630,1962,2080,1720,1640,1820,1740,1710,1690,1922
260,292,330,240,320,310,270,320,290,432
0.84049,0.85117,0.84135,0.86047,0.80488,0.82967,0.84483,0.81287,0.8284,0.77523
1873,2225,1894,1816,1950,2158,2016,1955,2061,1985
6.4586,4.0381,4.5971,6.2621,6.7241,5.9123,5.5233,5.4457,5.9224,4.5011
3,3,3,3,3,3,3,3,3,5
624.33,741.67,631.33,605.33,650,719.33,672,651.67,687,397
1.0023,1.0003,1.0098,1.002,0.99568,1.0114,0.98879,1.0028,0.98748,0.98469
1.0908,1.0696,0.99592,1.0485,1.096,1.0881,1.0144,1.0225,1.0624,0.97714
2.599,2.6267,2.8717,2.886,2.8659,3.0694,3.1124,2.9497,2.7846,2.9871
13,15,13,14,13,15,13,13,15,17
15,17,15,16,15,15,15,14,15,17
8.3744,9.6177,6.8154,8.3952,10.479,10.779,9.6747,8.8843,9.7622,9.0758
8.3744,9.6177,6.8154,8.3952,10.479,10.779,9.6747,8.8843,9.7622,9.0758
1.9793,1.9207,1.5979,1.9665,2.5506,2.6684,2.4654,2.2238,2.3033,2.0836
-0.0020167,-0.002645,0.0044444,-0.0012677,0.00052083,-0.0026052,0.00055564,-0.0013758,0.00016367,0.0017438
0.10071,0.098682,0.076746,0.097155,0.11944,0.11345,0.10288,0.10156,0.1103,0.09831
0.21437,0.26084,0.16788,0.21073,0.28166,0.25642,0.26571,0.24522,0.29583,0.20437
-0.22083,-0.59831,-0.16575,-0.26346,-0.29845,-0.26929,-0.22759,-0.31346,-0.2648,-0.20583
-7.9303,-7.3742,-10.487,-9.3271,-5.8409,-7.9517,-8.234,-7.7189,-7.3018,-12.663
0.52554,0.68328,0.64802,0.51246,0.41904,0.53647,0.43627,0.32771,0.57444,0.30762
457.5,337.19,371.9,378.95,380.8,454.27,449.31,412.68,455.45,306.78
126.06,106.97,122.49,125.37,109.47,125.71,106.17,104.34,115.53,104.53
730,586,672,696,588,672,630,584,670,520
62,12,62,52,80,22,52,102,104,1
43.442,93.617,90.59,68.3,66.206,94.713,108.88,89.49,83.182,103.77
81366,2.083e+05,1.7158e+05,1.2403e+05,1.291e+05,2.0439e+05,2.1951e+05,1.7495e+05,1.7144e+05,2.0599e+05
0.1498,0.1699,0.21988,0.23552,0.2283,0.25949,0.29831,0.24927,0.23903,0.23532
398.76,399.19,297.25,364.65,465.4,435.36,465.26,503.07,426.92,284.73
