396.51,304.32,288.43,1879.7,1319,1300.7,1255.6,1134.6,926.14,566.58
224.16,189.99,230.84,563.91,731.92,773.08,380.57,452.4,462.04,345.1
1880,1700,1860,1520,2090,3386,1950,1920,1550,1550
120,120,130,140,0,1386,150,130,140,130
0.93617,0.92941,0.93011,0.90789,1,0.59067,0.92308,0.93229,0.90968,0.91613
337,312,321,516,449,408,454,413,321,357
3.404,3.1515,2.7672,2.7892,3.0966,2.6154,3.1528,2.7533,2.6529,2.2739
2,2,2,2,1,3,2,2,2,2
168.5,156,160.5,258,449,136,227,206.5,160.5,178.5
0.96754,0.94627,0.95766,0.98397,0.99071,0.98568,0.96795,0.99167,0.98844,0.96838
0.92277,0.92059,0.93772,0.98105,0.9689,0.96575,0.98807,0.95811,0.98368,0.94529
4.5249,4.3543,5.3187,3.9893,4.1394,3.9594,4.6182,3.8069,4.2199,4.547
13,7,8,4,4,5,10,8,6,5
16,17,14,13,18,16,18,17,13,13
3.6,3.6,4.6,5.6321,4.1,2.6683,4.639,3.1575,3.1,3.6497
3.6,3.6,4.6,5.6321,4.1,2.6683,4.639,3.1575,3.1,3.6497
0.76094,0.71284,0.83073,1.1304,0.81965,0.64194,0.97288,0.75262,0.72252,0.87567
-0.00028132,0.00016043,0.00048188,0.00047648,0.00037549,7.3648e-05,0.00022599,8.0124e-05,0.00014199,4.3233e-05
0.04599,0.044441,0.049712,0.059966,0.061339,0.043988,0.050762,0.046015,0.044551,0.049398
0.16,0.1184,0.15881,0.16,0.23345,0.11,0.1118,0.1184,0.11662,0.11497
-0.12,-0.15,-0.16,-0.15119,-0.18,-0.13,-0.13,-0.13,-0.12088,-0.14495
-3.3423,1.8499,3.0264,-0.22276,-2.9267,-4.995,3.3939,1.0449,-2.4307,6.1605
0.16766,0.16751,0.16821,0.36778,0.14163,0.1603,0.19978,0.19637,0.17425,0.21124
821.26,829.62,848.42,904.01,808.56,788.91,961.66,890.9,724.88,905.03
133.43,152.03,141.74,117.23,306.79,199.89,115.67,186.45,97.122,156.9
972,992,1023,1023,1023,960,1023,1023,860,1023
124,26,170,380,0,108,364,94,218,46
15.312,13.718,27.903,28.459,18.286,12.292,25.621,13.867,16.894,23.471
5160.2,4279.9,8957,14685,8210.2,5015,11632,5726.9,5422.8,8379.2
0.15467,0.13856,0.24055,0.15383,0.12611,0.078793,0.17792,0.092445,0.13962,0.1495
64.815,60.539,122.59,88.617,0,29.954,99.624,57.801,53.814,69.354
