1448.3,1451.4,1474.1,1412.9,1601.8,1364.8,1498.2,1396.1,1589.4,1532.4
778.15,858.64,835.52,766.28,793.32,738.28,737.36,747.53,793.68,722.21
1180,1160,1240,1170,1190,1180,1230,1220,1180,1160
0,0,40,0,0,0,0,60,0,30
1,1,0.96774,1,1,1,1,0.95082,1,0.97414
1383,1261,1276,1296,1189,1225,1270,1357,1179,1307
2.7715,2.9394,3.06,2.8609,2.2266,2.6747,2.3783,3.1558,2.3627,2.7116
1,1,2,1,1,1,1,2,1,2
1383,1261,638,1296,1189,1225,1270,678.5,1179,653.5
1.0275,1.0175,1.0169,1.017,1.0072,1.0052,1.0319,1.0173,1.0189,1.0054
1.0333,1.0259,1.0384,1.0391,1.0316,1.0291,1.0327,1.0566,1.02,1.0343
3.2558,3.2606,3.2198,3.1969,3.4925,3.2886,3.5575,2.9783,3.4796,3.2297
9,7,12,11,10,13,11,9,8,11
14,10,12,12,11,9,13,12,11,12
12.398,11.434,12.184,12.692,11.893,12.054,11.434,12.871,11.569,13.612
12.398,11.434,12.184,12.692,11.893,12.054,11.434,12.871,11.569,13.612
2.8608,2.6945,2.7242,2.586,2.6749,2.5763,2.7256,2.8494,2.7355,3.021
-0.00072524,0,0.0022354,-0.0005743,-0.00014084,-0.00060539,-0.00061721,0.0039486,-0.0016418,0.00084078
0.12325,0.12143,0.11252,0.11756,0.11458,0.11655,0.11933,0.12149,0.12185,0.11836
0.28885,0.30137,0.30256,0.29461,0.28672,0.28636,0.26416,0.33357,0.3464,0.31512
-0.31519,-0.35355,-0.26304,-0.3349,-0.28193,-0.29537,-0.32723,-0.32885,-0.33759,-0.36461
-0.52276,-2.4874,-3.0984,-7.0829,-7.2286,-8.7863,-8.1309,-5.3443,-0.99449,-2.5459
1.0763,0.8931,0.85744,0.95128,0.92605,0.85593,0.90813,0.86282,0.79576,0.97778
541.61,592.89,558.59,567.25,568,503.14,527.39,561.63,504.07,531.17
133.66,114.92,119.5,119.37,102.53,109.47,112.05,104.46,136.5,140.62
706,826,760,782,728,694,728,740,724,730
1,220,70,1,138,206,106,44,90,86
168.71,141.38,134.96,146.29,189.4,157.99,188.38,124.12,185.55,177.84
2.3332e+05,1.7828e+05,1.7221e+05,1.8959e+05,2.252e+05,1.9354e+05,2.3925e+05,1.6843e+05,2.1876e+05,2.3244e+05
0.33809,0.32957,0.32365,0.32293,0.35468,0.34497,0.35278,0.28864,0.37184,0.36896
0,0,148.48,0,0,0,0,233.09,0,35.511
