1161.5,1342.3,1516.6,1538,1518.9,1443.2,1518.8,1387.7
516.57,598.95,543.64,548.57,598.33,544.5,573.81,477.71
1780,1720,1630,1560,1650,1490,1580,1700
60,80,70,90,80,80,80,50
0.96629,0.95349,0.95706,0.94231,0.95152,0.94631,0.94937,0.97059
862,974,918,985,974,1005,903,1025
4.5131,5.5977,5.6667,6.5232,4.9442,6.4013,5.9801,4.2008
2,2,2,2,2,2,2,2
431,487,459,492.5,487,502.5,451.5,512.5
1.0009,1.0084,0.99945,1.0069,1.0064,1.0078,1.0105,1.006
0.9755,0.98278,0.97277,0.97321,0.96408,0.97975,0.9955,1.0436
2.7768,2.8973,2.6757,2.4881,2.6737,2.5199,2.5692,2.7004
9,11,11,12,14,13,16,13
14,15,15,16,14,14,14,14
3.6,4.639,3.5,4.6,4.639,5.1352,3.6,5.7271
3.6,4.639,3.5,4.6,4.639,5.1352,3.6,5.7271
0.71287,0.79148,0.66207,0.75036,0.84913,0.85516,0.71578,0.93237
-5.2011e-05,-0.0012963,-0.00066366,-0.00087058,-0.0007255,-0.00094685,-0.00058857,-0.00055965
0.0511,0.056841,0.05269,0.052267,0.062041,0.057472,0.051131,0.086098
0.12824,0.13209,0.1381,0.16,0.2071,0.2019,0.11683,0.57271
-0.18919,-0.22564,-0.19067,-0.15939,-0.2446,-0.22258,-0.16,-0.25495
-4.6834,-0.85277,-0.10283,-1.5622,-6.1182,-6.3341,-5.5692,-9.5034
0.51879,0.67068,0.65168,0.76614,0.73093,0.85827,0.66631,0.68446
961.49,968.39,977.5,999.5,984.4,972.34,996.47,980.01
146.66,118.81,122.42,81.892,134,128.1,80.98,125.35
1023,1023,1023,1023,1023,1023,1023,1023
64,416,168,420,218,144,468,0
24.48,24.52,15.83,14.612,24.543,22.66,17.133,24.822
21102,23883,14532,14392,23905,22774,15471,25443
0.12817,0.14092,0.097718,0.096765,0.12459,0.14433,0.11347,0.10173
188.69,300.51,238.47,278.45,275.68,258.06,205.68,199.22
