1811.1,1582.1,1359.8,1802.7,1633.9,1532.2,1498,1654.8
630.81,631.66,787.88,653.11,625.23,749.18,710.97,700.66
6410,10710,7694,9177,8112,7828,8958,7562
2060,5560,2784,4257,2502,2358,2798,2422
0.67863,0.48086,0.63816,0.53612,0.69157,0.69877,0.68765,0.67971
1566,2051,1949,1725,1847,1542,1633,1491
2.6497,2.6028,2.3011,2.9487,2.7691,2.4633,2.4931,1.9933
2,2,2,2,2,2,2,2
783,1025.5,974.5,862.5,923.5,771,816.5,745.5
0.98162,1.0017,1.0245,1.0024,0.98859,1.0031,0.97216,0.98022
0.99193,0.95652,1.0044,0.99837,0.97136,0.97746,1.0392,0.99822
6.8748,6.4711,6.2452,6.1093,5.7137,6.8275,6.272,6.8294
23,24,19,21,25,23,22,21
24,28,22,22,24,22,22,22
15.671,16.064,13.497,14.897,13.124,14.591,12.21,11.715
15.671,16.064,13.497,14.897,13.124,14.591,12.21,11.715
2.1935,2.6162,2.2886,2.1681,2.1042,1.9223,1.7772,1.9019
0.0031113,0.0037529,0.0027062,0.003296,0.0024611,0.00213,0.0018302,0.001073
0.062254,0.057454,0.052705,0.054878,0.048043,0.055757,0.054189,0.067541
0.29514,0.22839,0.2061,0.30751,0.20547,0.27263,0.25272,0.79076
-0.33993,-0.25645,-0.2858,-0.20245,-0.31031,-0.37258,-0.34771,-0.42388
-8.7833,-15.259,-8.6644,-12.421,-10.322,-10.376,-12.238,-9.8894
-0.27487,-0.27769,-0.3845,-0.31109,-0.29999,-0.23148,-0.23797,-0.21687
430.42,545.99,571.88,641.08,618.71,675.74,685.82,608.41
112.3,129.87,113.03,178.43,171.44,182.27,144.67,168.75
748,814,948,1023,1023,1023,908,966
56,12,1,52,6,18,44,0
372.82,420.38,518.68,352.27,307.95,445.09,427.73,499.46
5.8383e+05,8.6221e+05,1.0109e+06,6.0767e+05,5.6879e+05,6.8633e+05,6.9848e+05,7.447e+05
0.63082,0.53348,0.61238,0.60218,0.4617,0.71101,0.65302,0.66773
439.15,858.94,907.42,716.91,963.36,600.89,704.74,515.01
