785.63,1018.9,999.63,985.68,1069.9,1060.8,1117,1129.8
362.62,458.88,515.61,566.14,537.07,544.24,536.17,549.52
1080,1180,1146,1182,1178,1140,1152,1084
310,470,476,462,498,440,452,404
0.71296,0.60169,0.58464,0.60914,0.57725,0.61404,0.60764,0.62731
1240,1321,1648,1470,1439,1393,1449,1444
10.69,12.702,13.62,12.672,13.837,10.883,8.9444,16.598
2,2,2,2,2,2,2,2
620,660.5,824,735,719.5,696.5,724.5,722
1.002,1.0119,0.98891,0.99405,1.0086,1.0025,0.99551,0.99904
1.4143,1.4904,1.5231,1.5309,1.4756,1.4325,1.3199,1.3249
2.7204,2.7601,2.5813,2.7379,2.7576,2.7302,2.7756,2.7372
8,8,8,8,8,8,8,8
7,7,7,9,9,8,7,7
13.314,13.2,17.807,15.312,14.812,13.3,14.313,15.3
13.314,13.2,17.807,15.312,14.812,13.3,14.313,15.3
3.337,3.4681,4.6027,3.9446,3.9566,3.5514,3.7225,3.7027
0.0032921,0.0046494,0.0041779,0.0040859,0.0080829,0.0074349,0.0068222,0.0036495
0.10827,0.11994,0.15097,0.12379,0.13209,0.12814,0.13052,0.13036
0.20189,0.26,0.31,0.25679,0.26401,0.31,0.3193,0.26207
-0.36489,-0.3229,-0.46,-0.35272,-0.40294,-0.35,-0.31,-0.40352
15.151,7.4248,11.046,9.9418,11.625,16.609,3.2657,10.572
1.2531,1.6033,2.0189,1.7353,1.8533,1.7326,1.9259,1.8006
299.8,180.63,230.14,214.41,176.91,207.58,205.08,130.09
64.287,44.582,51.092,36.793,36.07,36.405,49.542,50.105
372,292,358,280,262,270,252,232
56,92,92,128,100,110,38,52
14.243,11.194,14.153,16.772,12.674,16.375,25.947,11.022
17661,14788,23323,24655,18237,22810,37597,15916
0.12278,0.10764,0.11696,0.14459,0.12186,0.12793,0.16016,0.12669
1045.1,1207.3,1437.3,1355.6,1360.2,1274.3,1385.4,1358.8
