1567.7,1291.5,1365.5,1517.5,1357.5,1474.2,1561.7,1440.5
822.76,738.04,738.33,842.61,950.04,950.87,798.01,778.99
2300,6982,4848,3660,2008,1890,2460,2150
180,4152,1988,740,198,130,350,260
0.92174,0.40533,0.58993,0.79781,0.90139,0.93122,0.85772,0.87907
1316,893,1071,1281,1225,1332,1332,1163
1.9909,0.92252,1.4318,1.5018,1.4463,1.5838,1.665,1.5203
2,4,3,2,2,2,2,3
658,223.25,357,640.5,612.5,666,666,387.67
0.99098,1.0876,0.99324,0.99176,0.99388,0.97413,0.99494,1.0214
0.98392,1.0788,1.0496,1.024,1.0454,1.0573,1.0255,1.031
4.1507,6.4702,4.8809,5.2128,5.2486,4.8458,4.7227,4.8619
14,19,21,21,15,16,21,18
15,21,21,15,13,13,15,17
8.7207,9.2542,8.7824,9.2779,12.215,16.208,11.8,12.358
8.7207,9.2542,8.7824,9.2779,12.215,16.208,11.8,12.358
1.9027,1.5139,1.6013,1.8306,2.5306,2.9188,2.376,2.341
0.00011438,0.0012273,0.0015402,0.0015622,0.0023339,0.00010912,0.0038573,0.002235
0.06031,0.085256,0.078588,0.059151,0.088134,0.17407,0.081528,0.083604
0.18188,0.92542,0.82377,0.15444,0.23,1.6208,0.21,0.23537
-0.15091,-0.41304,-0.35355,-0.14989,-0.3057,-0.78399,-0.26294,-0.24667
13.163,4.2425,-0.019299,4.8537,9.8173,-2.8841,-9.2076,-0.051205
0.24742,0.11214,0.098312,0.15864,0.19176,0.13333,0.15189,0.16385
217.32,156.88,176.03,209.67,403.81,357.7,355.42,305.35
80.543,62.121,64.051,89.899,106.35,93.865,92.078,91.515
416,292,338,358,592,568,540,462
58,18,0,16,2,56,66,42
88.316,125.97,82.131,136.9,182.4,131.92,130.53,122.99
1.1622e+05,1.1249e+05,87962,1.7537e+05,2.2344e+05,1.7571e+05,1.7387e+05,1.4304e+05
0.13361,0.13014,0.1098,0.16049,0.21535,0.15686,0.16316,0.16077
695.3,472.83,300.49,549.48,684.6,635.02,338.9,301.41
