1029.2,1124,1465.3,1330.9,1418.3,1285.9,1553.8,1297.2,1185.9,1471.4
715.76,820.46,703.82,876.83,890.62,947.24,839.43,929.57,1051.5,791.85
4074,2206,2106,2477,2514,2662,2536,2216,4748,3014
2084,706,716,477,904,762,866,226,2718,644
0.48846,0.67996,0.66002,0.80743,0.64041,0.71375,0.65852,0.89801,0.42755,0.78633
2322,1735,2312,2102,2276,2123,2358,2169,2353,2184
3.8507,3.6915,3.3507,4.3701,4.7318,4.3063,5.2752,5.0559,3.6881,4.1364
6,5,5,4,5,4,5,3,5,5
387,347,462.4,525.5,455.2,530.75,471.6,723,470.6,436.8
0.98821,0.97356,0.96495,0.97765,0.97628,0.9909,0.9777,0.99329,1.0058,0.97224
1.0543,1.0833,1.1303,1.0014,0.99672,0.95423,1.0299,1.0776,1.0223,1.044
1.9557,2.7135,2.6685,2.7004,2.6253,2.6397,2.5901,2.5119,2.473,3.0345
11,8,10,12,10,8,8,12,12,12
14,13,11,11,13,13,15,11,12,13
6.3,13.99,13.023,12.249,11.7,12.308,20.529,13.8,4.7297,14.897
6.3,13.99,13.023,12.249,11.7,12.308,20.529,13.8,4.7297,14.897
1.475,2.2831,2.5556,2.1164,2.1927,1.8955,2.4449,2.1536,1.096,2.3141
0.004113,0.0058555,0.00095517,0.0044831,0.0039988,0.0016415,0.0060185,0.00028858,0.00087753,-0.001145
0.050946,0.074458,0.087511,0.095497,0.073481,0.18153,0.22501,0.13193,0.046102,0.12863
0.16843,0.30502,0.26659,0.71176,0.24835,1.2308,2.0529,0.76694,0.11662,0.45177
-0.19877,-0.264,-0.32517,-0.30986,-0.2336,-0.79619,-0.91758,-1.0767,-0.14077,-1.4897
2.0212,9.6885,12.746,5.5419,12.308,1.1105,6.8136,5.6043,5.5438,-3.6421
0.79705,1.1419,1.4209,1.1163,1.1605,1.0012,1.0672,1.1148,0.82122,0.76613
637.41,764.49,766.53,569.71,793.6,776.37,769.45,620.74,488.75,743.81
165.11,135.11,142.04,337.36,152.06,248.12,193.85,355.27,138.89,316.09
1014,990,958,948,996,1023,1023,1023,746,1023
22,196,192,0,0,0,0,0,138,0
28.168,107.56,143.99,100.61,113.81,99.364,95.658,91.277,27.962,121.5
65406,1.8661e+05,3.329e+05,2.1149e+05,2.5903e+05,2.1095e+05,2.2556e+05,1.9798e+05,65795,2.6535e+05
0.046713,0.22885,0.20868,0.20918,0.23661,0.20155,0.214,0.21277,0.043828,0.23011
265.83,351.23,496.03,340.28,511.58,453.18,458.62,498.44,614.89,486.34
