1230.5,1236.2,1464.5,1352.4,1422.5,1512,1343.6,1196.5
599.76,852.13,1021.5,1142.1,1171,1190.3,1124.3,1076.8
3550,3610,2990,2760,2980,3070,2880,2970
510,340,350,520,570,500,440,410
0.85634,0.90582,0.88294,0.81159,0.80872,0.83713,0.84722,0.86195
1811,2179,2021,1909,2118,2184,1995,2036
9.7366,11.349,10.581,9.9948,9.1293,10.759,9.5455,8.7759
4,3,4,7,8,6,5,4
452.75,726.33,505.25,272.71,264.75,364,399,509
0.98786,0.9887,0.99756,0.99369,0.99043,0.9926,0.98996,0.98968
0.95748,0.97429,0.97166,0.91012,0.95271,1.0101,0.98917,1.0303
2.7091,2.5262,2.4447,2.1679,2.3122,2.4004,2.3282,2.3981
25,19,14,14,16,14,16,12
27,31,29,26,28,30,32,30
3.6,5.8669,5.1836,4.0553,4.8321,4.4295,4.4445,5.2067
3.6,5.8669,5.1836,4.0553,4.8321,4.4295,4.4445,5.2067
0.73138,0.89415,0.75519,0.69428,0.79504,0.78653,0.72216,0.75182
0.00083417,-0.0014544,-0.0013416,-0.00061483,-0.00022619,-0.00051181,-0.0012212,-0.00087123
0.0491,0.099825,0.054733,0.052203,0.05878,0.055408,0.055446,0.055497
0.13006,0.58669,0.11,0.12143,0.15,0.18601,0.14162,0.14761
-0.1352,-0.392,-0.45836,-0.32742,-0.3714,-0.36485,-0.39445,-0.34979
3.7678,0.043179,3.7589,6.1489,9.199,9.3589,8.5108,7.5116
0.61733,0.69401,0.76919,0.80716,0.79887,0.83607,0.79346,0.76889
343.72,503.8,466.67,496.49,537.56,531.06,501.55,504.82
78.971,107.27,145.07,164.18,159.39,174.29,152.5,148.67
620,690,784,754,820,878,772,794
80,208,70,48,1,1,1,44
14.492,12.703,11.405,7.3887,7.7144,12.852,10.369,8.6204
26245,27681,23049,14105,16339,28068,20686,17551
0.077915,0.066164,0.05971,0.038684,0.033252,0.063309,0.049613,0.037157
386.03,590.03,462.41,215.98,232.01,320.4,356.64,520.03
