1568.3,1596.8,1458.1,1450.7,1515.1,1175.7,1274,1417.5
857.84,834.76,896.21,874.5,948.21,915.85,1030.5,1093.4
2890,3234,2988,2750,2940,2700,3260,3203
0,474,548,100,330,320,760,873
1,0.85343,0.8166,0.96364,0.88776,0.88148,0.76687,0.72744
1770,1735,1755,1541,1515,1465,1368,1521
3.3523,3.0226,3.1851,3.3211,3.2651,3.1237,2.809,3.365
1,4,3,2,3,3,4,3
1770,433.75,585,770.5,505,488.33,342,507
0.96929,0.95558,0.95925,0.97605,0.9772,0.98167,0.97548,0.97882
1.0227,0.99431,1.0032,1.0367,1.0074,1.0296,1.0107,1.0532
6.0608,6.4351,6.5054,6.6854,7.1311,7.2576,6.8969,6.1871
24,26,24,28,29,27,26,24
29,26,28,28,30,26,25,25
41.13,21.528,22.432,19.909,18.478,19.431,18.938,19.9
41.13,21.528,22.432,19.909,18.478,19.431,18.938,19.9
4.7162,3.7488,4.1687,3.7827,3.5492,3.6582,3.6486,3.7977
0.00017361,0.00026202,0.00022239,-6.6424e-05,-1.6011e-05,3.1503e-05,0.00031994,-0.00015715
0.44568,0.17129,0.19358,0.25538,0.12992,0.13872,0.23778,0.23328
4.113,1.2839,1.4116,1.3601,0.4144,0.52755,1.6065,1.3971
-1.8529,-0.81093,-0.57697,-0.90015,-0.44612,-0.59592,-1.093,-0.74585
-20.278,-19.259,-19.082,-18.216,-20.321,-22.151,-28.719,-18.953
0.491,0.29369,0.33463,0.43086,0.3442,0.33221,0.37696,0.35938
656.8,783.41,832.71,647.94,808.85,810.27,802.91,770.67
288.46,178.57,185.27,258.5,127.92,138.75,166.18,235.54
1016,1023,1023,942,978,960,1020,972
0,132,52,0,344,116,18,0
198.58,189.7,245.5,177.74,207.32,206.7,158.88,173.19
3.5148e+05,3.2912e+05,4.3084e+05,2.7389e+05,3.141e+05,3.0281e+05,2.1735e+05,2.6342e+05
0.37609,0.33048,0.44554,0.38305,0.44682,0.44072,0.32625,0.38315
0,312.46,437.04,324.35,337.41,390.67,198.22,319.96
