1490.7,1692.5,1465,1636.2,1431.1,1473.2,1613.5,1786.9
813.74,878.05,736.23,790.17,834.56,902.29,892.19,880.79
2270,2680,1920,2220,2230,2100,2300,2170
120,0,130,140,130,140,190,130
0.94714,1,0.93229,0.93694,0.9417,0.93333,0.91739,0.94009
1628,1766,1684,1567,1648,1669,1689,1515
1.9902,2.7422,3.0233,2.7833,2.516,2.2493,2.258,2.2149
2,1,2,2,2,2,2,2
814,1766,842,783.5,824,834.5,844.5,757.5
1.0179,0.97194,0.9644,0.98405,0.96263,0.96511,0.97268,0.98136
1.0588,1.0337,1.0634,1.0307,1.0452,1.0411,1.0224,1.0249
5.0538,4.7017,4.5013,4.933,4.4388,4.5721,4.9614,5.4125
14,16,14,15,13,12,12,13
16,13,13,15,14,12,12,10
8.8814,13.208,9.7,8.2735,11.434,10.259,8.6833,9.8656
8.8814,13.208,9.7,8.2735,11.434,10.259,8.6833,9.8656
1.9921,2.2268,1.9554,1.7621,1.9471,1.9144,1.8705,2.0752
-0.00097177,0.00014981,-0.00082746,-0.0012742,-0.00067984,0.0015882,-0.0011432,0.0016563
0.092771,0.15146,0.094915,0.089191,0.084309,0.087538,0.086937,0.088327
0.27731,1.3208,0.23734,0.19208,0.22733,0.20223,0.21219,0.24684
-0.46313,-0.93127,-0.21816,-0.34348,-0.42528,-0.32887,-0.28258,-0.32354
-12.039,-20.533,-12.425,-15.621,-15.494,-14.48,-16.07,-15.59
0.40556,0.48172,0.42171,0.30048,0.41823,0.35283,0.38178,0.37591
627.61,456.68,449.91,465.88,432.28,502.36,509.43,570.87
138.95,272.34,147.65,120.72,101.1,94.446,123.08,117.22
960,816,730,722,592,656,776,788
44,0,38,130,90,110,90,6
323.11,232.36,187.63,182.88,177.15,190.32,273.76,282.03
5.2603e+05,4.1035e+05,3.1597e+05,2.8657e+05,2.9195e+05,3.1764e+05,4.6238e+05,4.2728e+05
0.395,0.36081,0.33686,0.32482,0.27046,0.25649,0.36599,0.41233
615.75,0,689.74,590.22,552.87,623.68,685.29,589.6
