2161.3,1937.9,2127.8,2356.4,2220.4,2052.1,2271.9,2151.2
1717,1757.3,1844.9,1907.9,1731.5,1902.6,1820.9,1851.4
3428,3008,3448,3132,3286,3310,3472,3672
1018,698,1408,1132,1386,1340,1262,1392
0.70303,0.76795,0.59165,0.63857,0.57821,0.59517,0.63652,0.62092
3516,3362,3475,3771,3465,4389,4899,4425
2.9154,3.0207,2.6649,2.5107,2.902,3.0908,3.1184,3.0412
3,3,3,3,3,3,3,3
1172,1120.7,1158.3,1257,1155,1463,1633,1475
0.99938,0.99916,0.9935,0.99507,0.99562,0.9951,0.99969,0.99695
1.091,1.0136,1.0095,1.0065,1.0208,1.0064,1.024,1.0503
4.5724,4.4982,5.1955,4.9231,4.737,4.64,4.8026,4.8323
20,20,24,24,20,22,24,23
23,21,23,20,20,19,21,23
25.535,30.564,34.284,36.917,29.244,41.058,46.033,40.404
25.535,30.564,34.284,36.917,29.244,41.058,46.033,40.404
5.5778,5.8756,6.7327,7.2232,6.3564,8.4462,8.8362,7.5177
0.0031947,0.0026226,0.0046224,0.0058879,0.0062861,0.0063997,0.0062776,0.0054744
0.29573,0.29293,0.21783,0.22917,0.20344,0.26468,0.26224,0.2135
2.3401,2.3063,0.72898,0.7391,0.66988,0.98404,1.1785,0.65706
-1.3316,-1.1136,-0.61791,-0.55806,-0.50507,-0.65748,-0.65392,-0.64938
-7.6034,-8.9797,-9.4933,-18.192,-15.481,-15.138,-12.737,-9.4587
1.6616,1.7806,2.3537,2.52,2.4946,2.8815,2.9739,2.689
592.77,634.09,800.55,777.52,762.34,795.99,848.58,822.05
247.63,264.97,145.11,142.98,134.36,153.04,139.1,165.79
902,994,1023,1023,1023,1023,1023,1023
0,0,116,344,270,100,416,1
193.85,190.17,268.92,196.23,233.06,241.04,251.37,269.83
6.8157e+05,6.3934e+05,9.345e+05,7.3999e+05,8.0757e+05,1.0579e+06,1.2314e+06,1.194e+06
0.16074,0.17086,0.20623,0.13065,0.1952,0.16974,0.16,0.18545
958.91,828.71,1484.4,1634.1,1369.5,1640.4,2055.2,1766.5
