668.92,851.05,840.28,924.98,861.9,874.03,898.34,892.32
320.21,371.43,377.36,402.74,365.75,420.51,467.89,432.63
3124,3338,2774,2620,2450,2300,2636,2804
454,738,444,270,260,140,526,614
0.85467,0.77891,0.83994,0.89695,0.89388,0.93913,0.80046,0.78103
1097,1326,1352,1459,1404,1363,1332,1347
2.2526,3.0909,2.7762,2.7373,3.0259,2.3746,2.2538,2.2792
3,3,3,3,3,2,3,3
365.67,442,450.67,486.33,468,681.5,444,449
1.0519,1.0067,1.0378,1.0198,1.0272,1.0503,1.0494,1.0091
1.0323,1.1293,1.0735,1.0523,1.0951,1.0389,1.0421,1.0344
4.3418,3.5182,3.5856,3.506,3.6687,3.7421,3.9451,3.8914
23,21,19,21,21,21,19,19
23,22,21,21,20,19,20,23
8.9644,7.7233,5.8052,7.9076,7.6,8.544,8.6209,7.7233
8.9644,7.7233,5.8052,7.9076,7.6,8.544,8.6209,7.7233
1.2583,1.4867,1.2754,1.5545,1.6251,1.8251,1.6378,1.5252
0.0023079,0.0022174,0.0016124,0.0025657,0.0044674,0.0027747,0.0032907,0.001467
0.080409,0.052665,0.053387,0.058258,0.058908,0.064426,0.06107,0.064012
0.60539,0.17643,0.13,0.15727,0.18808,0.25492,0.20221,0.3173
-0.58052,-0.14719,-0.15273,-0.22912,-0.13676,-0.17079,-0.15909,-0.16725
-8.3754,-7.0598,-4.6058,-6.9158,-12.406,-13.285,-13.955,-12.742
0.10638,0.16808,0.25638,0.22092,0.086773,0.17041,0.20471,0.19416
538.89,466.59,528.65,533.6,574.78,557.11,525.48,531.73
134.79,103.98,99.592,113.64,87.655,111.27,111.44,95.527
672,706,700,670,664,702,644,626
0,8,124,12,196,114,102,90
168.05,168.75,117.9,167.87,151.05,171.13,189.5,216.8
1.8435e+05,2.2376e+05,1.594e+05,2.4492e+05,2.1207e+05,2.3325e+05,2.5242e+05,2.9204e+05
0.34506,0.39336,0.24209,0.31495,0.32553,0.29814,0.32065,0.36684
253.62,222.71,330.82,272.39,237.37,290.42,304.88,286.06
