1473.8,1363.5,1503.3,1454.8,1431.2,1490.2,1494.3,1682.2,1224.9,1481.7
842.91,854.87,830.46,794.72,808.57,753.01,802.77,826.46,811.77,845.05
3636,3372,3342,3200,3354,3239,3180,3260,2656,2904
706,512,572,620,634,689,670,700,516,684
0.80583,0.84816,0.82885,0.80625,0.81097,0.78728,0.78931,0.78528,0.80572,0.76446
2597,2653,2725,2491,2745,2770,2623,2699,2281,2695
1.7302,1.8829,1.8215,1.6842,1.8497,1.8308,1.7268,1.8398,1.5433,1.7342
5,5,5,5,5,7,5,5,4,5
519.4,530.6,545,498.2,549,395.71,524.6,539.8,570.25,539
1.0196,0.99318,1.0345,1.0203,1.0057,1.0251,1.0461,1.0509,1.0369,1.0367
0.97507,1.0146,0.97661,1.016,0.99204,0.96338,0.98901,0.97996,0.97053,0.99837
6.5595,5.1577,5.3951,5.2986,5.0897,4.7987,5.179,4.8541,5.9294,4.9715
29,24,26,27,29,30,28,26,25,22
26,28,29,26,29,28,29,27,25,25
17.241,13.732,15.544,15.063,15.124,15.931,15.608,13.918,17.31,17.141
17.241,13.732,15.544,15.063,15.124,15.931,15.608,13.918,17.31,17.141
3.5626,2.9806,3.1679,3.0487,3.4032,3.2382,3.3972,3.0001,3.8896,3.9505
0.0020609,-0.0021812,0.00030363,0.0013246,-0.0016658,-0.00046952,-0.0025925,-0.0010951,0.0035012,-0.0021794
0.17274,0.16109,0.12941,0.12446,0.12903,0.12553,0.1344,0.11648,0.19508,0.15422
0.76236,1.3732,0.44465,0.3578,0.31507,0.2939,0.33037,0.30413,0.52436,0.40619
-0.69622,-0.88614,-0.51684,-0.575,-0.52749,-0.4484,-0.50281,-0.5335,-0.68805,-0.36672
-17.972,-14.793,-13.051,-16.008,-13.794,-16.814,-19.014,-10.875,-23.093,-11.034
0.72723,0.76106,0.81511,0.78554,0.79255,0.75527,0.78384,0.73681,1.0141,0.87775
589.23,626.91,573.81,537.19,583.15,590.08,632.57,645.21,650.34,630.9
170.59,148.54,157.9,135.27,146.31,128.13,137.58,118.46,153.08,127.07
1023,904,1023,924,936,948,866,914,1010,896
98,0,1,90,1,42,48,216,86,144
374.93,203.34,255.42,295.83,302.08,235.86,304.77,244.75,241.91,301.99
9.7369e+05,5.3946e+05,6.9601e+05,7.3692e+05,8.292e+05,6.5332e+05,7.994e+05,6.6057e+05,5.5181e+05,8.1387e+05
0.24979,0.14431,0.17073,0.20002,0.20356,0.15589,0.20064,0.16683,0.16368,0.19433
688.88,507.85,567.45,553,637.92,429.93,659.69,683.65,765.13,634.62
