1308.1,1496.8,1448.9,1499.1,1517,1454.4,1584.8,1618
629.03,684.57,729.61,722.85,747.8,747.55,743.03,721.08
2340,2240,2350,2120,2410,2370,2410,2480
0,0,0,0,0,0,0,0
1,1,1,1,1,1,1,1
882,1102,1174,1230,1199,1143,1393,1362
2.7649,3.5208,3.8874,4.0864,3.9702,3.2845,3.935,4.8817
1,1,1,1,1,1,1,1
882,1102,1174,1230,1199,1143,1393,1362
0.97174,0.98642,0.98098,0.96927,0.96778,0.97194,0.95963,0.98104
1.05,0.98837,0.99311,1.0403,1.0056,0.99846,1.0234,1.008
4.8129,4.3464,4.4076,4.0092,4.2906,4.58,4.1136,3.6634
26,19,23,21,25,22,22,19
22,21,24,22,24,22,22,22
4.4385,9.7,8.2,8.3952,6.1294,7.1253,9.2,6.6272
4.4385,9.7,8.2,8.3952,6.1294,7.1253,9.2,6.6272
0.99561,1.5842,1.4961,1.4798,1.3644,1.4605,1.6504,1.2798
0.00047878,0.001891,-0.00076923,0.00096153,0.0011554,0.0012187,0.0016983,0.0010876
0.068602,0.071222,0.094855,0.069668,0.060521,0.061819,0.063626,0.056769
0.35355,0.20769,0.77878,0.21488,0.17856,0.20291,0.20614,0.16253
-0.26907,-0.20704,-0.57271,-0.19515,-0.14719,-0.1772,-0.16274,-0.12104
-8.3077,-8.8504,0.75537,-3.3506,2.9065,-4.829,-2.8432,0.99287
0.23547,0.10491,0.16043,0.17123,0.17759,0.11435,0.161,0.2121
463.6,596.89,591.48,664.6,666.49,730.91,613.94,551.6
173.25,99.387,87.459,122.97,78.604,82.633,95.335,71.281
748,730,794,848,862,830,808,722
0,246,218,212,334,222,62,170
82.736,98.691,95.375,105.51,107.01,132.19,120.64,95.395
72973,1.0876e+05,1.1197e+05,1.2978e+05,1.283e+05,1.5109e+05,1.6805e+05,1.2993e+05
0.25936,0.31531,0.31581,0.35055,0.35434,0.37986,0.34079,0.34192
0,0,0,0,0,0,0,0
