1390,1735,1526.7,1501.5,1599.7,1609.3,1509.7,1524.6
677.16,592.84,679.59,803.35,716.94,678.52,723.38,814.39
2620,2070,2410,2450,1900,1950,1960,2040
430,170,230,350,230,140,180,210
0.83588,0.91787,0.90456,0.85714,0.87895,0.92821,0.90816,0.89706
684,710,832,714,730,832,893,873
1.5336,1.775,1.6314,1.6879,1.8481,1.8166,1.6207,1.5052
4,3,3,4,3,3,3,3
171,236.67,277.33,178.5,243.33,277.33,297.67,291
0.9932,1.0035,1.0031,1.0056,1.0098,1.0039,1.0003,1.0232
1.0003,1.0103,1.0155,1.017,1.0016,1.021,1.0138,0.99344
4.3117,4.5596,4.2057,4.0847,3.9207,3.8971,3.987,4.5511
17,11,19,11,13,19,22,20
22,19,21,17,15,20,20,19
4.1304,4.6271,8.1154,4.1881,7.9404,7.9404,5.2,6.4777
4.1304,4.6271,8.1154,4.1881,7.9404,7.9404,5.2,6.4777
0.90589,1.0613,1.144,0.8751,1.1623,1.2591,1.2051,1.3904
0.00029456,-8.4839e-06,0.00080509,-0.00043137,-3.8119e-05,0.00054075,0.0012619,0.00030484
0.049383,0.052032,0.092775,0.045573,0.11594,0.13932,0.05572,0.061506
0.12682,0.13,0.81154,0.09444,0.79404,0.79404,0.16972,0.17463
-0.14866,-0.1253,-0.52173,-0.16626,-0.4402,-0.47514,-0.15685,-0.26524
-2.712,-2.4623,-0.21574,-7.4295,-5.6217,-0.78023,2.0665,0.65314
0.1398,0.19913,0.19499,0.17519,0.2319,0.27074,0.25876,0.23111
705.3,757.58,626.55,586.37,582.67,634.78,660.9,687.13
162.95,173.84,152.39,142.8,179.47,202.43,186.63,141.4
1014,1023,970,880,866,940,990,1023
142,1,76,144,0,0,62,1
74.7,95.612,93.009,78.878,78.197,81.027,105.05,122.24
51095,67884,77383,56319,57084,67414,93809,1.0672e+05
0.16749,0.23903,0.18237,0.18647,0.19797,0.17691,0.19065,0.21076
70.629,76.409,112.21,104.28,129.82,94.656,154.27,162.33
