1357.2,1664,1519.2,1545.7,1470.3,1142.4,1514.5,1744.1
830.53,982.94,885.99,1034.1,1028.4,954.69,1024.1,1100.4
1050,970,920,920,890,900,910,970
0,0,0,0,0,0,0,0
1,1,1,1,1,1,1,1
291,337,301,296,306,311,301,245
1.1687,1.1621,0.97727,1.0242,1.1007,1.013,0.98046,0.79805
1,1,1,1,1,1,1,1
291,337,301,296,306,311,301,245
0.997,0.99311,0.9914,1.0058,0.99768,0.99786,1.0015,1.004
1.01,1.0061,1.0211,1.0113,1.0073,1.0183,1.0146,1.014
6.1116,5.5632,6.1836,6.2403,5.3504,5.7066,6.2935,7.2397
9,10,10,11,10,11,11,11
9,7,7,7,10,8,8,9
3.8949,4.1437,6.0539,4.5398,4.5618,5.2953,5.1078,4.2202
3.8949,4.1437,6.0539,4.5398,4.5618,5.2953,5.1078,4.2202
1.0012,1.0336,1.1277,1.0297,1.0447,1.2811,1.1928,1.1305
0.00218,0.0016957,0.00065934,0.0018489,6.3081e-19,0.0030853,-1.0948e-17,-0.00029273
0.060108,0.064694,0.1098,0.080102,0.079582,0.10988,0.081828,0.084291
0.17029,0.19687,0.60539,0.23,0.22672,0.52953,0.18521,0.3189
-0.13707,-0.12428,-0.41437,-0.31623,-0.27019,-0.29416,-0.21231,-0.2689
-2.6564,1.6251,-5.6828,1.3227,-7.0178,-4.4555,2.2831,-7.3722
0.2619,0.27938,0.32717,0.31087,0.3382,0.31667,0.32527,0.25258
968.91,908.32,926.41,948.05,903.12,924.35,912.12,856.41
91.329,121.07,172.59,160.6,195.98,173.82,236.18,291.48
1023,1023,1023,1023,1023,1023,1023,1023
544,470,0,0,0,0,0,0
107.4,104.33,140.69,126.5,77.768,101.82,108.74,131.09
31255,35161,42349,37443,23797,31667,32732,32118
0.43134,0.35977,0.4568,0.4377,0.27974,0.33167,0.35421,0.42701
0,0,0,0,0,0,0,0
