1113.6,1380.4,1393.4,1418.3,1285.7,1416,1297.9,975.76,1165.6,1269
901.19,974.93,914.4,901.64,940.03,817.81,805.11,906.74,925.86,954.34
3123,3364,3810,2890,3090,3460,2910,2990,3900,2990
753,1044,740,530,720,880,620,580,860,620
0.75889,0.68966,0.80577,0.81661,0.76699,0.74566,0.78694,0.80602,0.77949,0.79264
1413,2031,2062,2067,1735,1826,1832,1526,1867,2001
2.9014,3.6529,3.8185,3.9148,4.0443,4.1406,3.4307,3.7039,3.1915,4.3125
4,3,3,3,3,3,3,3,3,3
353.25,677,687.33,689,578.33,608.67,610.67,508.67,622.33,667
0.96922,0.9831,0.96972,0.9764,0.96699,0.98091,0.97402,0.96933,0.96934,0.96878
0.95644,0.96999,0.9271,0.96627,0.97763,0.96416,0.9971,0.97398,0.94702,0.99493
6.3031,5.2493,6.1171,5.635,5.8352,5.9936,5.5749,6.0385,6.6127,5.4099
24,23,29,24,22,22,18,17,27,22
27,22,35,26,22,24,22,24,28,24
19.406,20.435,22,22.008,17.91,19.409,19.431,16.9,16.311,22.5
19.406,20.435,22,22.008,17.91,19.409,19.431,16.9,16.311,22.5
2.9484,3.596,3.3546,3.7828,3.1164,3.1091,3.2761,2.8543,2.8301,3.5733
0.0010885,0.0057707,0.0026779,0.00072089,0.0022168,0.0040586,0.0025468,0.0027058,-0.0014315,-0.0019938
0.10224,0.09196,0.092897,0.11574,0.094231,0.082783,0.13201,0.12225,0.13651,0.17031
0.40414,0.30013,0.35966,0.41262,0.35,0.34965,0.81,0.93,1.1297,0.76164
-0.41747,-0.35314,-0.46,-0.72978,-0.46905,-0.38973,-0.46,-0.47539,-0.72835,-0.72
-23.662,-22.971,-19.072,-24.797,-12.186,-15.286,-12.5,-9.801,-11.183,-10.045
0.91017,1.2842,1.1281,1.3927,1.2751,1.2329,1.3255,1.0357,1.1004,1.352
651.94,611.52,648.24,598.72,621.48,643.74,653.15,461.73,526.54,555.12
154.11,139.17,141.41,145.61,138.15,130.52,153.32,157.78,136.65,172.66
818,854,880,814,826,794,884,736,728,802
92,38,38,48,54,124,96,0,0,0
108.74,100.12,107.26,113.49,88.794,100.56,93.016,91.496,121.12,80.415
1.5366e+05,2.0334e+05,2.2117e+05,2.3458e+05,1.5406e+05,1.8362e+05,1.704e+05,1.3962e+05,2.2612e+05,1.6091e+05
0.22329,0.18007,0.19863,0.21494,0.20698,0.22802,0.17419,0.22208,0.20704,0.17331
855.68,1739.1,1962.3,1927.1,1720.6,1748.5,1648.6,1397,1839.1,1795.4
