1680.7,1674.6,1639.4,1654.2,1561.2,1572.2,1600.2,1465.4,1477.4,1584.8
887.06,821.1,843.38,863.77,889.75,903.94,848.98,897.33,930.22,934.29
3250,2886,3243,3020,3200,2970,3780,3440,3610,3450
640,596,663,530,660,650,760,640,890,580
0.80308,0.79349,0.79556,0.8245,0.79375,0.78114,0.79894,0.81395,0.75346,0.83188
1469,1510,1449,1572,1771,1613,1690,1664,1715,1643
3.7763,3.5697,3.2489,4.1698,4.1868,3.5686,4.6944,4.4852,4.2241,3.9879
3,3,3,3,3,3,3,3,3,3
489.67,503.33,483,524,590.33,537.67,563.33,554.67,571.67,547.67
1.0151,1.017,1.012,1.0193,1.018,1.0184,1.0071,1.0035,1.0202,1.0142
0.9887,0.99572,1.0094,1.0094,0.97701,0.989,0.98199,0.99368,0.96234,0.98226
4.9785,5.0713,5.9279,5.2978,4.6872,4.8538,4.5361,5.1246,4.5304,5.3713
24,23,25,26,21,22,14,22,19,20
26,21,26,26,26,24,26,28,24,30
11.922,13.322,12.912,13.99,15.572,14.591,8.8843,11.344,11.434,10.834
11.922,13.322,12.912,13.99,15.572,14.591,8.8843,11.344,11.434,10.834
2.4797,2.9179,2.7935,3.0858,2.8995,2.9655,2.1137,2.5683,2.4453,2.501
0.0025314,0.00010856,0.0013575,0.0024077,0.0013836,-0.00057496,-1.0818e-05,-0.00034011,0.00045122,0.0011771
0.084533,0.099718,0.10008,0.10771,0.096476,0.1016,0.065106,0.084358,0.076459,0.083931
0.26909,0.35584,0.30364,0.31292,0.35843,0.3224,0.2071,0.24216,0.22047,0.31497
-0.31835,-0.36,-0.31,-0.31352,-0.2639,-0.2676,-0.22539,-0.2819,-0.21,-0.25509
-13.339,-14.144,-17.089,-12.03,-8.709,-14.922,-10.321,-11.19,-3.6496,-11.401
0.66442,0.81849,0.613,0.70223,0.73548,0.67863,0.6094,0.75458,0.71391,0.61585
609.59,593.22,702.97,683.03,695.18,730.37,514.9,598.34,574.55,635.53
166.48,162.65,170.34,174.52,157.98,148.01,155.88,168.72,198.02,198.2
782,776,862,866,866,886,700,764,804,838
42,1,124,128,18,154,6,96,70,56
96.826,117.51,150.19,139.44,109.77,129.07,117.4,123.88,106.71,144.64
1.4224e+05,1.7745e+05,2.1762e+05,2.192e+05,1.944e+05,2.0818e+05,1.9841e+05,2.0613e+05,1.8301e+05,2.3764e+05
0.24891,0.27781,0.33674,0.36987,0.2595,0.28554,0.32611,0.3339,0.26284,0.35106
598.58,627.53,715.53,641.47,727.37,690,669,771.28,754.62,822.53
