1274.5,1447.7,1399.8,1440.6,1359.4,1359.1,1469.3,1453.6,1410.5,1423.4
995.92,1055.3,1112.7,1129.3,1096.3,1197.5,1186.3,1139.3,996.32,1039.3
1560,1580,1500,1470,1670,1696,1630,1490,1470,1380
280,370,430,340,320,556,300,370,380,230
0.82051,0.76582,0.71333,0.76871,0.80838,0.67217,0.81595,0.75168,0.7415,0.83333
1362,1531,1490,1898,1913,1602,2112,1950,2500,1801
3.6127,3.5688,3.5646,4.6749,5.4193,4.2493,5.4433,4.6651,4.1051,3.8319
3,4,4,4,3,4,3,4,4,3
454,382.75,372.5,474.5,637.67,400.5,704,487.5,625,600.33
1.0065,0.98227,0.99857,0.99496,1.0059,0.99287,0.99936,0.99409,1.0454,1
0.98171,0.98818,1.0041,1.025,0.98818,1.001,0.99272,1.0408,1.1209,1.0631
3.8523,4.3983,4.179,3.5698,3.8545,4.0272,3.2305,3.8217,3.49,3.8755
12,15,13,13,17,14,16,16,13,13
10,10,10,10,12,13,13,12,12,11
8.8843,13.612,14.213,15.695,15.081,14.591,15.487,17.259,16.006,14.101
8.8843,13.612,14.213,15.695,15.081,14.591,15.487,17.259,16.006,14.101
2.0655,2.6273,2.8562,3.3058,3.2341,3.0772,3.5847,3.5949,3.803,3.0615
-0.00023261,-0.00039718,0.0042461,0.00057218,-0.0032848,0.010522,0.0077027,0.0071496,0.00040876,-0.0031006
0.10842,0.13765,0.10842,0.12902,0.20399,0.1027,0.30799,0.12944,0.17238,0.13426
0.70178,0.67007,0.28481,0.37603,1.2871,0.30319,1.5487,0.42592,0.39346,0.31258
-0.34823,-0.41774,-0.35452,-0.59656,-0.86255,-0.2643,-1.0363,-0.46398,-0.82337,-0.62615
-16.132,-13.571,-9.4152,-1.6154,-2.676,-5.6645,-3.6496,-4.922,-6.9005,-7.1109
1.5286,2.1093,2.4193,2.7893,2.3886,2.4553,2.0251,2.9815,3.7686,2.6352
420.29,479.74,513.38,563.06,534.91,575.61,491.13,626.05,580.11,675.47
196.24,188.05,201.42,215.41,245.23,200.67,263.76,201.37,176.9,194.56
862,770,918,946,832,944,862,992,866,984
46,1,1,86,0,94,0,96,90,132
94.346,157.95,130.04,107.6,98.129,152.12,99.743,146.91,156.4,139.74
1.285e+05,2.4182e+05,1.9376e+05,2.0423e+05,1.8772e+05,2.4369e+05,2.1066e+05,2.8647e+05,3.9099e+05,2.5168e+05
0.25025,0.36818,0.3111,0.26503,0.27799,0.40349,0.25707,0.35145,0.25681,0.29732
536.83,498.32,530.12,567.39,901.25,540.83,516.23,646.85,753.46,840.92
