1052.2,1089.8,1305,982.16,1503.4,1867.4,1112.2,1164.9,2186.4,1188
622.97,724.88,505.2,695.51,805.2,454.37,899.2,586.52,732.92,662.14
2369,2275,2213,1879,1671,1436,1342,1875,1593,1750
1279,925,733,669,681,606,522,865,733,750
0.46011,0.59341,0.66878,0.64396,0.59246,0.57799,0.61103,0.53867,0.53986,0.57143
1250,1465,1746,1414,1627,1409,990,1144,1174,1219
2.3946,2.5,2.8161,2.413,2.1927,2.5342,2.0582,2.4655,2.6264,2.4429
4,4,5,4,4,4,4,5,4,4
312.5,366.25,349.2,353.5,406.75,352.25,247.5,228.8,293.5,304.75
0.95526,0.98161,0.96206,0.97022,0.96516,0.95855,0.99958,1.0093,0.9961,1.0023
1.0173,0.98748,1.0332,1.0243,1.0111,0.9711,0.98343,0.96722,0.96546,0.97629
4.289,3.4729,3.4071,3.7104,4.2046,3.8487,4.6482,3.6714,4.166,3.9751
9,10,14,12,11,10,10,10,10,10
8,13,13,15,12,10,10,11,11,11
18.543,19.616,19.972,17.483,24.155,19.406,16.064,15.494,17.94,14.35
18.543,19.616,19.972,17.483,24.155,19.406,16.064,15.494,17.94,14.35
4.1951,4.3136,4.1602,4.022,5.2577,4.9037,3.9268,3.657,4.4639,3.598
0.02064,0.025603,0.017119,0.018567,0.026041,0.041508,0.02929,0.019753,0.03162,0.016759
0.13142,0.11819,0.15465,0.11652,0.17171,0.1604,0.12602,0.11627,0.12503,0.10818
0.56408,0.53786,0.98412,0.47083,0.59121,0.52799,0.39248,0.39398,0.38916,0.32783
-0.36479,-0.30839,-0.46,-0.31024,-0.53932,-0.41793,-0.24729,-0.298,-0.30838,-0.25434
-16.254,-14.052,-10.61,-9.6921,-15.384,-13.058,-13.583,-17.073,-12.643,-15.788
1.3492,1.0021,1.0582,1.2467,2.2724,1.6525,1.6767,1.1098,1.6458,1.5968
732.33,660.52,646.94,723.74,785.64,739.07,781.34,720.35,748.07,761.44
200.12,197.57,257.03,214.86,197.68,201.18,214.2,236.45,187.69,214.87
1023,1023,1023,1023,1023,1023,1023,1023,1014,1023
108,1,0,1,84,36,20,6,32,1
205.57,186.43,182.83,245.23,391.43,247.86,243.73,163.86,272.96,212.68
2.5697e+05,2.7311e+05,3.1921e+05,3.4676e+05,6.3685e+05,3.4924e+05,2.413e+05,1.8745e+05,3.2046e+05,2.5926e+05
0.39382,0.31813,0.29488,0.41848,0.52753,0.44579,0.50672,0.35314,0.61065,0.42622
393.04,336.65,317,351.96,560.63,330.17,369.98,214.55,310.71,373.17
