1723.3,1379.3,1193.9,1152.5,1346.3,1309.7,1342.2,1269.8,1298.5,1155.8
804.43,698.84,769.3,827.63,885.17,784.4,803.33,803.2,794.35,762.53
3574,2480,3146,3624,2998,2875,3110,3018,2890,2841
534,0,276,314,258,245,280,248,250,331
0.85059,1,0.91227,0.91336,0.91394,0.91478,0.90997,0.91783,0.91349,0.88349
2924,2944,3107,3052,2980,3056,3021,2929,2847,2955
3.9091,2.9858,3.6944,3.5571,3.4692,3.2545,3.4486,3.7407,3.2279,3.5905
5,1,2,2,2,2,2,2,2,2
584.8,2944,1553.5,1526,1490,1528,1510.5,1464.5,1423.5,1477.5
0.98511,0.92563,0.94906,0.91411,0.99631,0.95248,0.95591,0.93797,0.93998,0.93806
1.0913,1.0263,1.1025,1.1684,1.1346,1.0424,1.106,1.0005,1.0812,1.1375
4.329,3.6351,3.7219,3.8567,4.0261,4.1199,4.0816,3.4322,3.6129,3.5554
20,14,18,19,18,16,16,17,17,16
19,15,19,24,17,16,17,20,19,19
7.7621,9.6333,10.531,12.735,8.6977,9.8433,8.4581,7.7175,8.228,8.2152
7.7621,9.6333,10.531,12.735,8.6977,9.8433,8.4581,7.7175,8.228,8.2152
1.6934,2.2447,2.0476,2.0683,1.8102,2.1542,1.7451,1.6697,1.7553,1.9029
0.00039902,4.0486e-05,-1.164e-05,0.0008109,0.00080395,0.0011285,0.0013634,0.00086676,0.00088275,0.0014082
0.088524,0.079653,0.068336,0.12597,0.067328,0.075141,0.068056,0.067217,0.067177,0.076994
0.73246,0.19135,0.20984,1.2735,0.19824,0.18176,0.18303,0.18624,0.17315,0.20219
-0.52366,-0.19705,-0.18085,-0.64668,-0.19888,-0.19026,-0.18381,-0.17821,-0.18346,-0.19234
-4.2269,-3.3218,-3.2955,0.45272,-4.465,-3.1072,-7.9017,-6.839,-9.8672,-0.93408
1.0047,1.181,1.1371,0.96214,1.214,1.2348,1.1382,1.1089,1.1712,1.2217
552.98,799.04,708.6,574.38,732.97,776.25,716.36,794.86,769.17,776.13
145.91,62.505,87.857,229.71,83.493,83.45,99.105,91.734,105.82,88.978
678,908,796,746,826,872,828,908,890,892
0,438,252,0,108,422,252,142,172,330
220.11,249.65,220.97,231.76,253.63,305.34,255.69,126.38,177.61,165.09
6.436e+05,7.3498e+05,6.8654e+05,7.0733e+05,7.5583e+05,9.3311e+05,7.7245e+05,3.7018e+05,5.0565e+05,4.8785e+05
0.29426,0.2532,0.26274,0.27012,0.29527,0.32517,0.29189,0.16141,0.20137,0.2006
562.68,0,897.33,1015.4,940.46,934.15,851.01,1020.4,892.72,1032.4
