1485.5,1395,1334.8,1330.8,1324.7,1353.3,1456.9,1498,1459.8,1357.9
808.62,900.9,873.47,865.37,866.37,841.62,848.06,869.99,899.31,914.41
2280,1830,1960,1950,2060,2240,2150,2490,2290,2210
460,360,440,510,460,540,570,480,670,460
0.79825,0.80328,0.77551,0.73846,0.7767,0.75893,0.73488,0.80723,0.70742,0.79186
1036,985,842,852,980,807,1031,924,1056,1011
5.4241,4.3584,3.5378,3.6724,4.0164,3.3074,4.2254,4.2977,4.9116,4.4735
4,4,5,4,4,4,4,4,4,4
259,246.25,168.4,213,245,201.75,257.75,231,264,252.75
0.98202,0.97799,0.99836,0.99476,0.9937,0.99283,1.0095,0.99859,0.99598,0.99778
1.0092,1.0286,1.0285,1.0181,1.0258,1.0116,1.0262,1.0106,1.029,1.0165
4.152,4.0024,5.0119,5.0207,4.7691,5.364,4.2753,4.9236,4.607,4.3557
14,13,12,15,14,13,15,14,12,13
9,9,10,8,9,11,8,8,8,9
11.328,8.7144,8.7207,10.218,11.316,9.7622,10.27,9.7739,11.264,9.7
11.328,8.7144,8.7207,10.218,11.316,9.7622,10.27,9.7739,11.264,9.7
2.1161,1.7124,1.7946,2.1075,2.0731,1.991,1.9348,2.0107,2.3521,1.9392
-0.00056734,-0.00056387,0.00074445,-0.00051955,-0.0004076,0.00079701,-0.00047244,0.0010388,-0.00010805,0.0010924
0.16745,0.067974,0.062027,0.078671,0.073043,0.069221,0.065836,0.061535,0.072625,0.068538
1.1328,0.16253,0.15923,0.26,0.21839,0.21219,0.19648,0.23621,0.20925,0.20913
-0.62,-0.16155,-0.18275,-0.24875,-0.23707,-0.19246,-0.21666,-0.17307,-0.21579,-0.22136
-8.5193,-10.008,-9.3242,-9.8464,-12.782,-8.4574,-10.682,-6.9082,-6.5297,-10.278
0.61821,0.70179,0.63212,0.72099,0.73705,0.55097,0.76606,0.51556,0.79631,0.59071
696.94,721.64,674.8,652.99,623.24,681.61,657.15,710.44,746.12,758.59
184.51,198.05,212.95,181.93,184.68,170.83,176.29,203.98,209.53,183.05
994,1023,1023,948,892,914,892,994,1023,994
54,174,8,56,72,54,1,70,76,84
88.373,88.985,145.68,133.07,127.3,150.68,106.6,119.11,114.72,105.8
91555,87650,1.2266e+05,1.1338e+05,1.2475e+05,1.216e+05,1.099e+05,1.1006e+05,1.2115e+05,1.0696e+05
0.46269,0.39374,0.61211,0.57358,0.52172,0.61752,0.43687,0.554,0.53359,0.46814
162.53,148.2,122.68,182.41,188,165.91,178.26,153.25,200.58,158.44
