908.13,911.99,935.85,753.72,912.91,950.89,971.49,960.18,1061,1028.9
927.29,1047.7,1003.3,1148.5,1191.2,1202.8,1184,1304,1291.3,1275.5
1220,1360,1330,1270,1290,1320,1290,1210,1320,1290
60,50,70,80,70,80,50,60,90,90
0.95082,0.96324,0.94737,0.93701,0.94574,0.93939,0.96124,0.95041,0.93182,0.93023
924,1179,888,954,933,964,909,984,1015,985
1.7907,1.7837,2.0414,2.3155,1.9158,2.1327,1.8,2.1485,2.1058,1.998
2,2,2,2,2,2,2,2,2,2
462,589.5,444,477,466.5,482,454.5,492,507.5,492.5
0.96886,0.96718,0.96619,0.9776,0.96923,0.98135,0.97361,0.97506,0.97573,0.98592
1.0016,0.97997,0.99219,0.97906,0.97557,0.99145,0.97603,0.98441,1.0028,0.98632
3.0393,3.478,3.1732,3.0429,3.1813,2.9846,3.096,2.7456,3.1178,2.9389
5,5,6,4,5,6,6,4,5,5
14,13,13,14,16,14,16,14,16,14
7.5166,8.1615,6.4777,9.7082,7.6655,6.4938,11.789,7.2801,7.0711,7.0612
7.5166,8.1615,6.4777,9.7082,7.6655,6.4938,11.789,7.2801,7.0711,7.0612
1.8567,2.0911,1.5169,1.6556,1.7811,1.6435,1.8031,1.7715,1.8791,1.7178
-0.0022823,-0.0014067,-0.00012241,-0.0014192,-0.0010067,-0.00050277,-0.00050833,-4.2672e-05,-0.0013998,-0.001177
0.078981,0.096364,0.077923,0.14434,0.088148,0.080302,0.14378,0.077402,0.084655,0.075071
0.16654,0.36497,0.28844,0.97082,0.33971,0.18068,1.1789,0.16911,0.22812,0.1772
-0.17635,-0.22705,-0.22917,-0.61855,-0.18682,-0.21581,-0.48886,-0.23206,-0.18761,-0.17791
4.004,5.9069,4.7952,11.997,6.3634,4.9887,4.9006,12.628,2.1897,0.8285
0.60342,0.63879,0.54533,0.61198,0.57596,0.6057,0.57136,0.71523,0.6422,0.60073
915.53,960.97,893.87,950.79,951.23,969.25,965.64,985.33,986.44,971.1
162.63,153.54,246.48,152.41,170.35,135.36,153.21,96.471,122.22,138.03
1023,1023,1023,1023,1023,1023,1023,1023,1023,1023
80,1,0,232,176,310,216,496,270,280
65.288,136.48,61.599,38.004,73.929,43.717,67.35,26.503,41.384,62.434
60326,1.6091e+05,54700,36256,68976,42144,61222,26079,42005,61497
0.12653,0.20648,0.14161,0.092243,0.15181,0.09672,0.13337,0.057867,0.085859,0.12664
106.04,58.822,67.268,123,69.893,97,47.539,76.942,139.04,107
