834.27,927.82,1100.6,828.35,1027.3,925.24,1063.8,918.59
556.56,606.62,570.78,586.34,646.02,698.85,702.04,749.78
2046,2239,2252,2228,2252,2138,2260,2260
186,229,202,228,202,208,230,260
0.90909,0.89772,0.9103,0.89767,0.9103,0.90271,0.89823,0.88496
2286,2705,3005,2664,3087,2945,3061,2924
3.8615,4.1298,4.5052,4.0985,4.4353,4.0287,4.0922,4.2011
2,2,2,2,2,2,2,2
1143,1352.5,1502.5,1332,1543.5,1472.5,1530.5,1462
1.0233,1.0261,1.0147,1.0157,1.015,1.0368,1.0132,0.98939
0.92134,0.97841,0.96862,0.92855,0.92057,0.93439,0.93294,0.96876
2.6002,2.5991,2.5953,2.3878,2.5843,2.3088,2.6657,2.3178
13,18,17,11,11,10,14,14
16,16,16,16,16,14,16,17
8.1345,7.0711,7.7621,7.3007,11.552,7.8549,8.9157,6.6038
8.1345,7.0711,7.7621,7.3007,11.552,7.8549,8.9157,6.6038
1.6268,1.6993,1.7524,1.5655,1.9972,1.6356,2.0978,1.5344
-0.00054501,1.2912e-05,-0.00010598,-0.00049978,-0.0010785,0.00020643,-0.00082114,0.0014002
0.077645,0.081816,0.077626,0.068897,0.14629,0.072152,0.084788,0.10144
0.18435,0.19023,0.20036,0.1743,1.1552,0.19282,0.21954,0.5143
-0.28021,-0.34465,-0.28431,-0.23961,-0.73319,-0.25273,-0.30427,-0.29379
-3.2131,-6.6605,-1.0862,-0.676,0.3558,-0.35097,-4.5678,-1.7575
1.1984,1.3195,1.4506,1.3105,1.4789,1.5036,1.4822,1.4508
873.66,794.89,846,826.98,904.53,883.44,899.37,846.44
134.08,139.75,125.62,122,142.06,130.11,123.68,132.13
1008,966,1023,1023,1023,1023,1023,1023
344,246,384,354,284,320,388,368
88.67,97.312,107.26,86.536,109.81,80.519,138.68,72.278
2.027e+05,2.6323e+05,3.2232e+05,2.3053e+05,3.3898e+05,2.3713e+05,4.245e+05,2.1134e+05
0.14978,0.14857,0.16081,0.13313,0.15777,0.11015,0.1854,0.10385
744.38,926.65,900.65,812.2,858.57,864.27,814.82,966.92
