1423.4,1442.2,1512.7,1423.2,1312.8,1281.4,1343.4,1018.2,1176.3,1300.1
878.24,928.73,914.88,1019.1,876.68,923.72,959.58,827.43,889.45,944.24
2360,2580,2820,2660,2460,2770,3090,2280,1700,1840
0,0,0,0,0,0,0,0,0,0
1,1,1,1,1,1,1,1,1,1
761,945,776,785,990,883,995,923,914,771
3.5395,5.25,4.0628,3.3983,4.8768,4.7473,5.5587,3.7828,2.5819,2.7148
1,1,1,1,1,1,1,1,1,1
761,945,776,785,990,883,995,923,914,771
1.0051,1.0072,1.0102,1.0082,1.0091,1.0022,1.0118,1.0141,0.99147,1.0033
0.99532,0.99511,0.98288,0.99724,1.0043,0.98595,1.0124,0.97935,0.99148,0.99559
3.1906,2.7818,3.3086,3.1601,2.738,2.7675,2.6339,3.1081,2.7537,3.5634
18,17,20,18,20,20,20,22,15,15
18,18,20,18,18,17,18,17,15,17
4.272,5.2393,4.272,5.2173,6.3151,5.8523,6.2169,6.8154,6.3063,11.302
4.272,5.2393,4.272,5.2173,6.3151,5.8523,6.2169,6.8154,6.3063,11.302
0.80339,0.8485,0.76664,0.8923,1.1383,0.89919,1.0113,1.1862,1.149,1.2915
0.0003009,5.1299e-19,0.00017794,-3.7736e-05,1.5577e-19,-7.5039e-05,0.00018383,-0.00033172,0.0013986,-0.00042679
0.043708,0.046003,0.045179,0.042308,0.048364,0.046978,0.045945,0.050975,0.055765,0.12846
0.15122,0.1307,0.17116,0.19346,0.22794,0.13022,0.21562,0.12684,0.19723,1.1302
-0.10279,-0.1177,-0.12083,-0.11,-0.15321,-0.13,-0.16,-0.16765,-0.13,-0.49954
-12.161,-8.4208,-18.482,-15.19,-13.814,-12.146,-16.641,-17.008,-18.597,-21.06
0.26398,0.32054,0.23333,0.25526,0.35285,0.26534,0.27929,0.36053,0.46824,0.36087
830.55,863.51,914.91,830.43,897.95,862.33,828.86,956.31,909.29,885.62
130.54,112.93,118.49,136.49,131.02,121.17,145.26,130.45,148.7,138.47
966,1023,1023,978,1023,1023,1023,1023,1023,1023
148,182,52,144,164,182,58,200,152,232
58.897,39.199,48.825,57.719,41.918,37.434,31.309,51.806,38.019,65.13
44821,37043,37888,45310,41499,33055,31153,47817,34749,50215
0.27394,0.21777,0.25563,0.24987,0.20649,0.20126,0.17491,0.21232,0.1074,0.22933
0,0,0,0,0,0,0,0,0,0
