752.35,1206.4,1828.6,1401.3,743.05,2503.3,1990.2,802.24,2377.1,1975.8
652.12,817.53,645.9,1164.2,512.91,827.37,430.94,1182.7,1097.5,893.06
3525,2794,3294,2954,3024,3024,3144,3355,3165,2894
785,344,584,1.2885e+07,364,244,1.2885e+07,2.1475e+07,425,244
0.7773,0.87688,0.82271,-4360.9,0.87963,0.91931,-4097.3,-6399.9,0.86572,0.91569
535,571,572,603,546,556,689,709,612,632
1.3969,1.5146,1.4089,1.1686,1.0833,1.0775,1.4475,1.4381,1.2414,1.58
6,4,6,5,4,4,4,6,5,3
89.167,142.75,95.333,120.6,136.5,139,172.25,118.17,122.4,210.67
1.0164,1.0046,1.0177,1.007,1.0412,1.0145,1.0214,1.0019,1.0133,1.0129
0.99993,1.0007,0.999,1.0052,1.0057,0.99734,0.99611,0.99361,0.99717,1.0052
6.664,6.0023,5.8671,6.3034,7.0836,6.7984,5.6361,6.2618,6.3425,5.153
28,22,22,24,23,25,24,26,23,21
22,18,20,21,18,19,21,22,20,20
4.4011,4.0817,4.2802,5.7801,5.6648,6.1685,8.8238,11.954,5,5.1078
4.4011,4.0817,4.2802,5.7801,5.6648,6.1685,8.8238,11.954,5,5.1078
0.76283,0.84388,0.78363,1.0145,0.99323,0.9436,0.97188,1.1101,0.88763,0.80953
0.00034788,5.9932e-05,0.00065685,0.002213,-0.00085462,0.00052145,0.0012846,0.0021136,-0.00051259,0.00022692
0.047313,0.055577,0.045818,0.083422,0.05537,0.052646,0.084664,0.10506,0.053052,0.052052
0.1352,0.13285,0.13022,0.57801,0.19202,0.1408,0.88238,1.1954,0.13682,0.13
-0.155,-0.25331,-0.10537,-0.30783,-0.18734,-0.18665,-0.44227,-0.72371,-0.13601,-0.18916
13.839,15.009,9.7215,10.209,7.8624,9.2447,12.888,9.9088,11.898,11.052
0.27286,0.31566,0.2757,0.18014,0.26163,0.23837,0.21065,0.19456,0.25534,0.26788
757.35,906.14,841.64,738.07,817.34,843.2,796.54,735.84,868.5,884.82
192.13,174.26,209.53,285.31,190.9,219.65,326.07,327.65,188.95,198.46
1023,1023,1023,1023,1023,1023,1023,1023,1023,1023
40,108,2,0,1,40,0,0,2,108
100.23,115.85,116.28,134.37,144.49,150.55,115.18,130.34,140.16,91.667
53625,66152,66510,81027,78893,83703,79360,92412,85780,57933
0.26171,0.3073,0.28639,0.26041,0.28669,0.29175,0.24198,0.26438,0.28431,0.22917
131.35,178.21,113.94,19.139,192.94,117.37,0,0,134.11,159.12
