1251,1678.7,1594.6,1691.8,1689.2,1745,1812.5,1766.5,1681.4,1751.1
544.04,622.15,671.14,653.57,674.98,650.38,668.53,659.93,656.36,722.72
5570,4070,3760,3890,3930,3930,3870,3810,3770,3530
1610,310,290,210,230,220,190,230,200,190
0.71095,0.92383,0.92287,0.94602,0.94148,0.94402,0.9509,0.93963,0.94695,0.94618
1077,1158,1092,1169,1184,1174,1205,1189,1138,1199
4.3253,4.3371,3.7655,3.7955,3.9205,3.9797,3.9123,3.9502,3.5015,3.3306
2,2,2,2,2,2,2,2,2,2
538.5,579,546,584.5,592,587,602.5,594.5,569,599.5
0.99733,1.0018,1.003,1.0038,0.98829,0.99407,0.98903,0.98796,0.98815,1.0059
1.0072,1.0208,1.0214,1.0203,1.0229,1.0207,1.0264,1.0199,1.0317,1.0373
4.1149,4.1567,4.3708,4.4056,4.2733,4.4471,4.543,4.5194,4.505,3.9492
21,18,18,20,20,25,27,25,23,18
32,34,32,30,28,31,31,31,30,28
5.7315,10.212,10.717,10.317,9.7,8.6145,10.2,8.7207,9.2,8.2219
5.7315,10.212,10.717,10.317,9.7,8.6145,10.2,8.7207,9.2,8.2219
0.81214,1.1865,1.2296,1.289,1.2512,1.1288,1.2658,1.1417,1.2568,1.2436
0.00031877,0.00048923,0.0017794,-4.3957e-05,-0.00069883,-0.00059687,-0.00050497,-0.0005537,-0.0011891,-0.00064545
0.083903,0.050758,0.050735,0.056111,0.052377,0.05294,0.05435,0.05669,0.055244,0.052097
0.57315,0.21136,0.2061,0.26233,0.16,0.15304,0.22,0.16,0.21437,0.16553
-0.42315,-0.26185,-0.20157,-0.33449,-0.24986,-0.34722,-0.30645,-0.35132,-0.36464,-0.25345
0.36669,4.4301,-0.61554,-0.83874,-2.3822,-2.5949,-6.0036,-4.145,-6.1458,-1.1959
0.364,0.45908,0.46964,0.49033,0.47456,0.48465,0.50297,0.51209,0.49609,0.52533
457.48,635.15,646.17,698.06,649.74,672.66,699.61,763.57,663.4,678.38
124.8,103.63,88.019,95.233,105.77,75.231,112.72,115.42,96.755,91.904
748,902,826,832,828,808,838,886,794,824
0,100,142,114,90,148,42,16,80,172
42.2,60.81,65.616,73.497,78.857,75.52,81.358,72.337,75.033,55.211
45450,70418,71652,85918,93367,88661,98036,86008,85388,66198
0.16948,0.22775,0.22626,0.23863,0.26112,0.256,0.26415,0.24032,0.23087,0.15336
641.65,645.9,729.55,807.42,712.69,763.89,791.26,808.05,729.28,671.55
