802.49,1418.8,1298.7,1852.2,2170.8,2111.9,1571.4,1264.4,1509.6,1600.6
428.08,1011.3,830.12,947.59,634.08,1231.1,851.97,708.03,1083.1,856.82
2744,2263,2603,2383,2324,2363,2434,2363,2283,2253
594,433,523,423,374,423,484,513,413,413
0.78353,0.80866,0.79908,0.82249,0.83907,0.82099,0.80115,0.7829,0.8191,0.81669
933,1072,1281,862,878,898,903,913,842,1164
2.681,2.6404,2.7313,2.0093,2.4389,2.1849,2.6404,2.2825,2.105,2.604
4,4,4,4,4,4,4,4,4,4
233.25,268,320.25,215.5,219.5,224.5,225.75,228.25,210.5,291
0.99756,0.99246,1.0088,1.0081,1.0066,0.99878,1.0036,0.99211,1.0091,0.99557
1.0148,1.0006,0.96567,1.0187,1.0093,0.99595,1.0179,1.016,0.99779,1.0094
5.2926,5.2771,5.0772,5.9354,5.2082,5.9424,5.2784,5.4313,5.5664,5.1444
20,21,20,21,17,19,16,17,17,22
24,22,22,22,22,22,22,20,22,18
8.8843,10.218,12.847,8.6701,8.2735,9.2779,8.2976,9.2655,8.3952,11.353
8.8843,10.218,12.847,8.6701,8.2735,9.2779,8.2976,9.2655,8.3952,11.353
1.5314,1.7363,2.2741,1.5054,1.4211,1.5748,1.4561,1.5678,1.3913,1.9768
-0.0020081,-2.9232e-05,-0.0017236,-0.0010698,-0.00096086,-0.0008101,-0.00098995,-0.00042058,-0.0015677,-0.0014278
0.066317,0.078165,0.074948,0.070843,0.07324,0.074453,0.059831,0.069973,0.064757,0.086811
0.24187,0.24882,0.25026,0.19511,0.31623,0.20881,0.22748,0.20343,0.21577,0.30008
-0.23365,-0.2416,-0.31018,-0.2858,-0.29299,-0.34507,-0.24804,-0.21,-0.20775,-0.3904
1.1509,-1.6574,-0.50952,3.1538,2.1959,2.8228,4.4887,-1.9087,4.6813,-1.9693
0.62668,0.87266,0.9117,0.69459,0.62147,0.69433,0.74,0.765,0.683,0.90102
552.65,475.67,488.62,518.12,420.63,486.48,428.43,401.74,456.38,451.55
118.09,100.17,114.74,117.74,133.89,123.04,104.05,114.53,134.85,129.82
766,684,702,758,644,708,544,562,730,730
74,96,70,16,0,1,10,58,1,90
95.71,113,135.18,124.89,90.66,130.37,92.681,106.84,105.6,131.83
89297,1.2114e+05,1.7316e+05,1.0765e+05,79599,1.1707e+05,83691,97544,88914,1.5345e+05
0.27503,0.27834,0.28823,0.29111,0.25183,0.31719,0.271,0.2671,0.264,0.29492
393.88,445.43,539.36,419.1,323.71,405.06,409.81,394.36,350.78,472.48
