1826.6,1937.9,1954.7,1843.6,1985.8,2091.7,1983.8,2009.8,1910.4,1984.7
683.47,715.45,748.22,709.39,653.6,724.63,629.82,695.83,616.85,586.2
4860,4160,3830,3930,4010,4154,3660,3990,3910,3810
1480,1340,1260,1610,1370,1364,1260,1020,1260,1400
0.69547,0.67788,0.67102,0.59033,0.65835,0.67164,0.65574,0.74436,0.67775,0.63255
812,821,868,949,944,949,847,954,888,887
3.7767,4.0443,4.2759,4.6749,4.2909,4.2941,4.5538,5.129,4.4848,4.644
8,8,8,8,8,7,8,7,7,7
101.5,102.62,108.5,118.62,118,135.57,105.88,136.29,126.86,126.71
1.0233,1.0169,1.0179,1.0073,1.022,1.0247,0.99664,0.97633,0.9998,0.99909
0.97827,0.97703,0.98032,0.9768,0.97306,0.97513,0.98374,0.97027,0.97898,0.98312
3.3969,3.3838,3.4799,3.1155,3.3484,3.1967,3.1032,3.1413,3.2957,3.1876
26,23,28,24,25,26,24,26,26,25
18,18,21,26,24,17,23,24,24,22
4.639,3.6346,4.1437,5.1352,7.1,3.6,4.639,6.2201,5.1352,5.6
4.639,3.6346,4.1437,5.1352,7.1,3.6,4.639,6.2201,5.1352,5.6
0.79669,0.79593,0.91436,1.0479,0.92656,0.78006,0.92656,1.0496,0.9674,1.0122
8.2189e-05,-0.00027364,-0.00014977,0.00019711,-0.000176,0.00016523,-0.00059961,-0.00099905,3.694e-06,0.0001254
0.03768,0.040524,0.043881,0.042798,0.070527,0.04416,0.044946,0.043898,0.041883,0.045397
0.10912,0.11,0.12083,0.1,0.71,0.11662,0.12824,0.10872,0.12525,0.11662
-0.1333,-0.13633,-0.13834,-0.11662,-0.45,-0.11662,-0.12764,-0.11,-0.12314,-0.16346
1.0993,-2.1033,0.69643,-3.448,-5.2886,-1.8469,-3.7403,1.7536,-2.1162,-2.7282
-0.22375,-0.26716,-0.31543,-0.37218,-0.35005,-0.30139,-0.30239,-0.26324,-0.29841,-0.32722
870.88,810.99,814.27,772.4,890.06,859.24,752.47,777.65,753.47,749.96
157.14,160.08,159.31,164.82,161.83,162.56,178.86,133.7,148.42,162.72
1023,1023,1023,1023,1023,1023,1023,1023,1023,1023
152,290,270,144,90,98,26,200,260,92
24.791,29.091,22.523,16.764,29.394,25.377,14.211,16.687,24.581,21.289
20130,23884,19550,15909,27748,24083,12037,15919,21828,18884
0.11531,0.14331,0.11095,0.082581,0.13361,0.11483,0.076405,0.089714,0.12415,0.11146
139.77,139.16,148.48,155.68,163.08,176.06,142.4,174.22,168.28,162.27
