1103.7,968.88,825.83,719.77,1014.1,991.92,1128.7,1048.8,952.86,1036.2
773.98,934.28,746.6,955.24,789.09,785.65,843.62,829.78,844.38,881.77
2292,2268,2416,2426,3388,2392,2344,2436,2440,2552
672,518,716,566,1428,592,614,556,640,672
0.70681,0.7716,0.70364,0.76669,0.57851,0.75251,0.73805,0.77176,0.7377,0.73668
1541,1490,1648,1622,2036,1914,2041,2189,1934,1740
3.5425,3.177,4.0591,4.055,3.8634,4.4615,4.191,4.6084,4.2227,2.6324
5,4,5,4,4,5,5,4,5,5
308.2,372.5,329.6,405.5,509,382.8,408.2,547.25,386.8,348
1.0107,1.005,1.0079,0.99704,1.004,0.99878,0.99081,0.99132,1.0064,0.9999
1.0755,1.0794,1.1118,1.1252,1.1373,1.0938,1.1163,1.0936,1.1344,1.1169
3.1516,3.1268,3.1172,3.1358,3.0932,3.0344,2.8982,2.9356,3.1052,3.673
16,12,17,18,16,18,14,16,14,18
19,20,19,21,19,23,19,20,21,22
6.7897,4.3658,4.4777,4.6271,8.1884,7.3246,5.6321,5.1352,5.707,5.2953
6.7897,4.3658,4.4777,4.6271,8.1884,7.3246,5.6321,5.1352,5.707,5.2953
1.0357,0.95479,1.0507,1.0214,1.4036,1.2895,1.176,1.2569,1.1124,1.1482
0.0031778,0.00035742,0.0017693,0.0014157,0.0015352,0.0019606,0.00057218,-0.0017774,-0.00090149,0.00049584
0.06497,0.065118,0.064866,0.066629,0.14494,0.074808,0.075276,0.072461,0.071435,0.065773
0.21575,0.1684,0.18495,0.14696,0.81884,0.24373,0.15616,0.13707,0.16155,0.16
-0.27069,-0.25807,-0.32501,-0.32526,-0.60044,-0.37951,-0.51045,-0.42371,-0.35371,-0.27727
-11.765,-0.048002,-6.4377,-6.4816,-9.0421,-7.2988,-9.0391,-0.24931,2.5336,-3.8978
0.81926,0.79962,0.91525,0.88269,1.0355,0.9911,1.0714,1.0252,0.92637,0.88572
658.73,632.64,616.63,675.47,431.9,563.68,614.33,568.01,633.24,654.21
135.77,148.78,123.52,145.45,131.39,146.24,117.49,153.57,142.76,162.14
836,878,790,892,688,772,822,814,912,936
168,100,132,22,0,1,336,98,130,62
50.517,31.035,37.689,37.498,56.842,66.589,52.105,49.134,52.077,96.797
77847,46242,62111,60822,1.1573e+05,1.2745e+05,1.0635e+05,1.0756e+05,1.0072e+05,1.6843e+05
0.11613,0.066172,0.09283,0.093746,0.10786,0.15522,0.10699,0.10344,0.11371,0.14644
411.97,462.17,479.19,535.13,632.95,505.71,522.04,728.23,564.65,514.08
