1460.8,1525,1424.2,1503.7,1521.1,1694.1,1565.1,1525,1577.3,1488.9
896.36,844.04,910.14,922.93,974.27,896.04,919.65,932.21,921.67,947.18
3314,3535,3776,3925,3856,3966,3976,4196,3956,3111
514,445,756,555,676,516,466,536,466,21
0.8449,0.87412,0.79979,0.8586,0.82469,0.86989,0.8828,0.87226,0.8822,0.99325
1056,1173,1051,1051,1123,975,1000,1000,934,1092
2.2516,2.6599,2.4161,2.6675,2.6548,2.2414,2.4331,2.5,2.4386,2.8966
3,3,3,3,3,3,3,3,3,2
352,391,350.33,350.33,374.33,325,333.33,333.33,311.33,546
0.97504,0.96272,0.98754,0.98112,0.99561,0.9841,0.97366,0.98308,0.98667,0.97868
1.0048,0.98703,0.99853,0.99902,0.99178,0.99525,0.99791,0.99768,1.0018,0.99048
6.2082,5.7688,6.5109,6.0571,5.7271,5.8979,6.4242,6.6402,6.5437,5.9954
26,24,25,28,26,26,27,28,27,26
26,23,24,25,25,27,24,25,23,24
10.331,9.5755,10.331,9.1679,9.3776,9.1679,9.2849,7.9158,10.072,16.362
10.331,9.5755,10.331,9.1679,9.3776,9.1679,9.2849,7.9158,10.072,16.362
1.7372,1.6231,1.5661,1.4208,1.5189,1.3714,1.4706,1.3695,1.3811,1.9028
-0.0010386,0.00075842,0.0014181,0.0014018,0.00069366,8.6876e-05,0.0010653,0.0009364,0.001265,0.00031832
0.066691,0.062229,0.063132,0.054343,0.059534,0.054938,0.056318,0.051886,0.053606,0.15558
0.18424,0.16155,0.17424,0.14963,0.21722,0.17659,0.15467,0.14909,0.15756,1.6362
-0.23687,-0.20762,-0.19483,-0.1225,-0.14023,-0.23198,-0.16144,-0.15613,-0.2211,-0.99336
-27.947,-27.283,-32.439,-30.631,-27.741,-30.595,-28.717,-31.511,-30.934,-28.677
0.45226,0.44739,0.45461,0.35607,0.46871,0.37807,0.34381,0.28821,0.29699,0.28968
407.33,400.49,296.2,264.3,277.78,390.17,408.89,393.28,391.35,280.55
158.2,124.17,125.53,108.25,140.51,102.11,108.09,84.546,95.654,146.11
632,538,456,430,462,496,608,568,538,462
1,10,20,40,20,1,1,40,1,0
148.24,207,130.05,159.5,117.8,155.4,189.85,158.35,155.33,174.61
1.5654e+05,2.4281e+05,1.3668e+05,1.6764e+05,1.3229e+05,1.5152e+05,1.8985e+05,1.5835e+05,1.4508e+05,1.9067e+05
0.31607,0.46939,0.29896,0.40483,0.27849,0.35725,0.46192,0.39587,0.40556,0.46315
396.56,296.26,474.58,270.69,409.81,274.22,237.91,229.8,242.64,0
