1405,1210.2,1425.5,1275.7,1473.6,1593.7,1986.9,1406.4
635.31,945.78,994.19,1014.3,1146.6,1190.5,956.59,1123.7
3870,2840,3090,3050,3020,3270,2790,3364
1040,550,500,500,480,600,340,654
0.73127,0.80634,0.83819,0.83607,0.84106,0.81651,0.87814,0.80559
1459,1006,1076,1066,959,995,980,1214
2.7069,1.9725,2.1098,2.0461,2.3975,2.0431,2.2273,2.2275
6,6,5,5,5,5,4,5
243.17,167.67,215.2,213.2,191.8,199,245,242.8
1.0257,1.0105,1.0092,1.0039,1.0114,1.0063,1.0081,1.009
0.97038,0.96843,0.99927,0.99512,0.99414,0.9915,0.99081,1.0031
4.2673,5.0044,4.8801,4.776,4.7215,5.1207,4.7357,4.7907
21,18,16,19,13,15,14,20
28,25,29,32,30,30,22,28
6.0166,4.827,5.2345,4.8052,4.1304,4.1304,3.7965,4.7074
6.0166,4.827,5.2345,4.8052,4.1304,4.1304,3.7965,4.7074
1.2765,1.0403,1.0111,1.0486,0.91365,0.91628,0.85788,0.96957
-0.0015115,-0.0024725,-0.0015478,-0.0021714,-0.0013698,-0.0011754,-0.0019597,0.00025541
0.063697,0.062834,0.059078,0.061813,0.054703,0.055124,0.051437,0.057497
0.1772,0.13296,0.15796,0.18681,0.13,0.18,0.12,0.1743
-0.28613,-0.20381,-0.25617,-0.21694,-0.15815,-0.18137,-0.17965,-0.18928
-0.019443,8.647,5.4983,2.4541,4.54,9.6285,6.0374,5.5932
0.44377,0.41135,0.33169,0.348,0.32118,0.31294,0.29802,0.37407
605.19,619.98,659.96,646.44,685.07,700.26,649.47,730.23
158.42,169.25,141.53,161.3,169.54,157.43,161.3,157.52
838,822,938,826,866,874,836,942
56,32,144,22,48,100,138,96
63.886,66.572,64.789,57.269,57.726,60.888,76.666,59.2
93210,66971,69712,61048,55359,60583,75133,71869
0.11853,0.13053,0.12704,0.10992,0.14432,0.12503,0.17424,0.10862
308.25,238.71,270.66,257.78,214.99,264.49,329.14,267.1
