1190.8,1304.5,1413.2,1231.3,1260.7,1407.9,1342.5,1370.4,1395.4,1118.6
882.85,864.79,925.47,934.12,1027.7,1045,968.19,979.37,1036.3,1042.3
2440,2460,2380,2370,2790,2650,2840,2760,2930,2630
420,420,400,390,500,460,570,500,570,460
0.82787,0.82927,0.83193,0.83544,0.82079,0.82642,0.7993,0.81884,0.80546,0.8251
1031,1011,1036,1067,980,1016,1240,1270,1214,1307
3.2939,3.1108,2.4492,2.8302,2.5995,2.54,3.5632,3.3159,2.9975,2.8168
4,4,4,4,4,4,4,4,4,4
257.75,252.75,259,266.75,245,254,310,317.5,303.5,326.75
1.0044,1.0146,1.005,1.0033,1.0054,1.0052,0.99514,1.0018,1.0015,0.9973
1.0008,1.0222,1.0173,1.0038,1.0107,1.0154,1.023,1.0037,1.0175,0.99726
6.1428,6.6358,6.4612,6.3945,6.5441,6.1791,5.572,5.2797,5.9917,5.9709
25,20,23,20,25,20,20,23,25,20
20,21,25,20,22,21,24,24,26,20
18.478,14.313,16.002,16.843,10.834,12.417,23.66,21.523,19.483,20.529
18.478,14.313,16.002,16.843,10.834,12.417,23.66,21.523,19.483,20.529
3.0248,2.9506,3.0024,3.0539,2.1677,2.4703,3.0634,3.2318,2.9525,3.4995
-0.0011979,-0.00062135,-0.00064691,0.0040476,-0.0015023,-0.00056355,8.6608e-05,0.0056832,0.005347,0.0027533
0.12465,0.11689,0.12462,0.11236,0.08936,0.10276,0.2824,0.1101,0.096236,0.12183
0.56189,0.36515,0.52152,0.52022,0.32271,0.33626,2.366,0.47665,0.46271,0.47457
-0.46,-0.3593,-0.42405,-0.3583,-0.27929,-0.39042,-1.23,-0.31812,-0.2729,-0.47117
-8.1817,-4.8608,-7.4821,5.9412,3.6148,11.167,10.359,5.0168,4.1426,-0.46054
0.63475,0.69861,0.73278,0.76266,0.62287,0.6564,0.78481,0.73661,0.69782,0.80902
724.08,649.05,709.91,662.24,690.24,690.65,670.64,687.4,693.52,733.12
161.71,144.38,149.09,144.12,157.18,129.12,161.57,132.46,160.71,136.05
1023,948,1023,992,960,948,920,1023,998,1023
92,276,84,236,92,80,0,252,216,158
103.9,123.36,122.54,100.79,96.363,134.38,77.182,62.464,119.03,151.27
1.0712e+05,1.2471e+05,1.2695e+05,1.0755e+05,94436,1.3653e+05,95705,79330,1.445e+05,1.9772e+05
0.33196,0.37955,0.28969,0.26736,0.25561,0.33596,0.22179,0.16309,0.29391,0.32602
369.6,421.53,405.57,433.91,451.03,421.68,466.14,418.85,471.21,495
