1411.3,1461,1560.9,1385.7,1508.6,1455.2,1413,1364.8,1560.7,1315.6
830.61,926.56,885.14,889.91,839.93,886.28,875.07,930.3,824.66,990.12
5290,5140,6234,5320,5460,5370,5110,5260,6610,4770
1380,930,1604,870,1060,770,970,860,2060,1240
0.73913,0.81907,0.7427,0.83647,0.80586,0.85661,0.81018,0.8365,0.68835,0.74004
1316,1363,1750,1572,1495,1297,1393,1459,1495,1531
2.8,3.0155,4.3103,3.5727,3.4848,2.8257,3.1233,3.027,3.222,3.4251
3,4,3,3,4,3,3,3,5,3
438.67,340.75,583.33,524,373.75,432.33,464.33,486.33,299,510.33
1.0029,1.0063,1.0003,0.9891,0.98466,0.98801,1.011,0.99678,1.0064,1.0078
0.98927,1.0018,1.0193,1.0409,1.0344,0.98443,1.0057,1.0261,1.0187,0.99739
6.7588,6.894,5.5623,6.7038,6.7394,8.0004,6.7611,7.2166,6.2231,6.4354
30,32,34,30,32,26,28,26,30,22
35,36,39,38,36,35,31,38,35,29
10.218,7.7,9.2779,10.312,10.317,11.715,10.717,12.748,5.7315,13.214
10.218,7.7,9.2779,10.312,10.317,11.715,10.717,12.748,5.7315,13.214
2.0481,1.7574,1.8344,1.8524,1.7957,1.9276,1.9255,2.0818,1.2809,2.2442
0.0013741,0.00074511,0.0020049,0.0014326,0.00069924,0.00049092,0.0012321,0.001458,-0.00025688,0.00121
0.068683,0.062395,0.060767,0.06283,0.063488,0.06324,0.061852,0.068128,0.050258,0.069605
0.25501,0.21028,0.17345,0.16311,0.19317,0.18888,0.21507,0.20562,0.15535,0.19978
-0.19135,-0.27902,-0.21,-0.21489,-0.2472,-0.21952,-0.2,-0.20881,-0.20198,-0.26
-15.452,-20.176,-17.503,-18.677,-13.939,-17.673,-17.655,-16.229,-8.6887,-18.529
0.5738,0.50933,0.62886,0.60046,0.5451,0.4815,0.59585,0.59253,0.56896,0.69849
588.71,617.1,594.2,613.42,659.49,677.29,700.09,719.98,496.88,722.04
107.12,115.68,118.07,109.53,131.38,120.09,136.9,122.11,154.45,121.48
760,866,794,782,878,874,880,938,826,932
28,52,56,116,92,18,110,142,18,182
132.12,144.57,80.578,133.23,98.052,195.6,179.3,170.26,151.41,155.73
1.7387e+05,1.9705e+05,1.4101e+05,2.0944e+05,1.4659e+05,2.537e+05,2.4977e+05,2.4841e+05,2.2636e+05,2.3842e+05
0.28111,0.31985,0.19847,0.3028,0.22856,0.42615,0.40203,0.35324,0.32632,0.34839
568.15,450.3,645.28,699.52,653.86,717.23,676.98,758.62,616.6,775.9
