1255,1304.6,1130.6,1292.7,1106.4,1218.6,1305.9,1268,1139.3,1067.7
848.89,869.18,1016.4,961.28,1012,988.1,950.84,932.17,949.49,987.69
2820,3360,3070,3280,3170,3150,3160,3140,3290,3150
0,0,0,0,0,0,0,0,0,0
1,1,1,1,1,1,1,1,1,1
1337,1607,1653,1469,1659,1546,1536,1796,1658,1454
2.3293,2.4312,2.7688,2.5592,2.625,2.3389,2.5729,3.2302,2.4895,2.3452
1,1,1,1,1,1,1,1,1,1
1337,1607,1653,1469,1659,1546,1536,1796,1658,1454
0.97131,0.95547,0.96894,0.95872,0.97489,0.96199,0.97297,0.96594,0.96328,0.98422
1.0064,0.99841,0.99942,0.9855,0.98415,0.99384,1.0059,1.011,0.98538,0.9895
7.6944,7.8418,7.0709,8.5086,7.3749,7.8584,7.9444,6.9815,7.508,8.3849
25,29,27,29,29,27,23,23,27,28
28,29,23,31,27,25,23,27,25,28
13.421,14.3,13.904,15.572,13.309,12.249,14.35,14.978,14.882,14.5
13.421,14.3,13.904,15.572,13.309,12.249,14.35,14.978,14.882,14.5
3.1041,3.1984,3.2132,3.5338,3.3802,3.0771,3.3505,3.3556,3.1266,3.2583
-0.00079246,0.0019701,-0.0004902,-0.0006598,0.001491,0.0013057,0.00083474,0.00048947,0.0017127,0.0021634
0.10688,0.10087,0.10772,0.11056,0.10752,0.10105,0.10516,0.10791,0.2016,0.13161
0.35997,0.27834,0.36574,0.37605,0.36084,0.26463,0.37633,0.36325,1.4882,0.96208
-0.36497,-0.29929,-0.34611,-0.32,-0.31385,-0.25084,-0.3,-0.35321,-0.83057,-0.50197
-26.343,-25.535,-21.521,-20.326,-20.847,-22.089,-23.649,-21.171,-21.081,-23.813
0.28582,0.43125,0.47199,0.44024,0.4735,0.46476,0.41487,0.52484,0.45289,0.38571
605.64,471.27,535.15,575.67,551.55,513.6,627.37,636.21,554.92,563.29
105.04,86.958,93.054,84.008,110.63,114.5,88.558,76.863,71.286,76.004
798,696,752,746,740,700,802,766,720,790
138,98,46,206,56,168,158,206,242,144
171.23,223.09,174.11,230.1,190.8,225.61,206.63,184.27,198.8,200.62
2.2894e+05,3.5851e+05,2.8781e+05,3.3802e+05,3.1654e+05,3.4879e+05,3.1739e+05,3.3095e+05,3.2961e+05,2.917e+05
0.29831,0.3375,0.29165,0.40087,0.3019,0.34131,0.34612,0.33142,0.2985,0.32358
0,0,0,0,0,0,0,0,0,0
