1145.9,1345.4,1273.8,1379.4,1235.6,1196.4,1194.9,1286
893,788.42,881.51,836.55,820.47,783.42,799.37,860.19
1320,1510,1340,1390,1300,1360,1360,1140
180,440,390,350,410,280,340,210
0.86364,0.70861,0.70896,0.7482,0.68462,0.79412,0.75,0.81579
1225,816,985,878,883,1077,821,898
3.0172,2.8138,3.2616,2.7524,3.1649,3.3762,2.5737,2.9834
3,6,5,5,5,4,4,3
408.33,136,197,175.6,176.6,269.25,205.25,299.33
0.97948,0.98966,0.98141,0.971,0.97239,0.97688,0.96707,0.9731
1.0065,1.0083,1.0198,1.0082,1.0177,1.0109,1.0066,1.0014
4.9595,6.8507,6.1719,6.8812,6.5957,6.2805,7.0687,6.54
13,15,14,14,13,14,15,11
14,14,13,15,12,15,11,13
30.303,9.2763,14.313,13.3,13.354,15.3,11.264,14.3
30.303,9.2763,14.313,13.3,13.354,15.3,11.264,14.3
5.0803,2.2792,3.4871,3.4713,3.4354,3.7615,2.8353,3.246
0.0090246,0.0089238,-0.0086832,-0.011932,-0.0092832,-0.0007984,0.0031473,0.0086144
0.50982,0.1387,0.19924,0.29298,0.20078,0.19989,0.1663,0.20021
3.0303,0.26,0.5419,1.1621,0.46352,0.51176,0.46352,0.47233
-1.2256,-0.34014,-0.64945,-0.54211,-0.61,-0.66272,-0.36,-0.40706
-19.706,-17.32,-15.289,-10.939,-12.297,-12.639,-12.945,-12.22
0.068199,-0.75761,-0.74422,-0.44855,-0.72784,-0.51192,-0.40001,-0.59421
609.04,599.89,487.08,366.09,522.28,448.16,563.11,573.46
140.06,199.54,235.65,259.44,193.66,220.12,180.33,168.5
874,1023,932,810,902,830,868,866
252,70,48,0,70,1,38,90
80.43,71.449,76.106,80.585,66.126,65.235,93.085,80.584
98526,58303,74964,70754,58389,70259,76423,72364
0.1981,0.24638,0.25201,0.25262,0.23701,0.2045,0.2918,0.26772
301.51,314.05,484.14,403.77,434.27,507.81,436.02,447.26
