1282.8,1369.8,1546,1543.3,1432.1,1658.7,1606.6,1601.7,1592.1,1598.3
658.49,762.72,730.78,810.57,748.7,763.46,797.61,764.7,818.59,809.17
2530,2370,4364,2950,3130,2960,2700,2940,3030,2830
560,510,1294,860,750,900,890,800,980,760
0.77866,0.78481,0.70348,0.70847,0.76038,0.69595,0.67037,0.72789,0.67657,0.73145
3026,3138,3067,2975,2954,2909,2588,2878,2654,2939
9.4859,6.5239,7.2335,6.2632,7.2759,5.6928,5.1248,5.2232,5.4497,6.8508
5,4,2,4,4,4,4,4,4,4
605.2,784.5,1533.5,743.75,738.5,727.25,647,719.5,663.5,734.75
0.98708,0.97196,0.98278,0.97941,0.99873,0.97586,0.97924,0.97932,0.98421,0.99003
0.94752,0.95629,0.92734,0.93832,0.9687,0.99534,0.93304,0.96611,0.93598,0.96663
3.0667,3.46,3.6167,3.6972,3.381,3.8451,3.8757,3.7863,3.9047,3.5343
14,9,14,10,10,10,9,11,10,11
20,18,22,20,20,18,17,17,20,18
30.1,30.148,27.622,27.6,21.567,27.607,26.023,24,24.007,23
30.1,30.148,27.622,27.6,21.567,27.607,26.023,24,24.007,23
7.1784,7.2649,5.7248,6.5605,5.1352,6.5348,6.0732,5.8196,5.7622,5.8376
0.001392,0.00010243,0.0014623,0.0014571,-0.00033554,0.0020524,0.004346,0.0018725,0.0025022,0.0011436
0.17818,0.1742,0.13938,0.15022,0.10036,0.15072,0.14553,0.12945,0.12949,0.11925
0.75948,0.60221,0.58669,0.45,0.35835,0.56303,0.50181,0.47518,0.46397,0.39846
-0.7222,-0.65619,-0.46002,-0.65844,-0.41303,-0.50809,-0.46,-0.41553,-0.40936,-0.40188
3.3255,6.5596,1.3178,9.1701,11.032,8.7893,6.5916,9.7139,9.4028,7.7668
1.0128,0.98731,0.80371,0.82322,0.77035,0.84567,0.92526,0.83046,0.74392,0.90309
706.61,799.42,496.32,828.3,692.95,680.93,752.26,693.1,741.16,743.48
162.99,139.08,397.77,138.23,141.38,148.73,135.57,149.73,151.96,154.97
992,1023,970,1023,866,948,954,942,990,948
58,58,0,182,80,164,218,148,250,66
62.969,110.93,108.34,126.19,82.889,142.47,116.58,131.62,120.72,92.389
1.9054e+05,3.4809e+05,3.3227e+05,3.7543e+05,2.4485e+05,4.1446e+05,3.0172e+05,3.7882e+05,3.204e+05,2.7153e+05
0.19739,0.23062,0.25551,0.26567,0.20416,0.27881,0.23086,0.23888,0.24789,0.21536
129.49,293.94,124.33,336.18,270.13,308.49,285.96,298.73,295.02,266.92
