1512.5,1612.5,1417.7,1325.8,1582,1429.8,1484.2,1510.6
912.09,1026.1,1116.5,1135.3,1004,1026.3,1089.1,1047.2
1292,1210,1122,1056,1086,1076,1142,1090
202,210,232,236,186,276,262,160
0.84365,0.82645,0.79323,0.77652,0.82873,0.74349,0.77058,0.85321
2740,3031,2690,2669,2602,2827,3052,2949
3.6053,4.7065,6.642,4.6907,5.4096,5.6767,5.3732,5.238
2,2,3,3,2,3,3,2
1370,1515.5,896.67,889.67,1301,942.33,1017.3,1474.5
1.0379,1.0159,1.0156,1.0172,1.0235,1.0638,1.0085,1.0377
1.1317,1.1828,1.2555,1.1142,1.1131,1.2024,1.2161,1.0667
3.0393,2.887,2.7764,2.7249,2.8932,2.7618,2.9688,2.9384
6,6,6,5,6,5,5,5
12,10,11,9,11,11,9,9
24.03,27,20.409,21.508,21.5,23.031,23.5,23.469
24.03,27,20.409,21.508,21.5,23.031,23.5,23.469
5.9033,6.2971,5.0934,5.5102,5.273,6.0496,5.8662,5.9432
-0.0025284,0.010204,0.0087015,0.0086126,0.0095371,0.0085013,0.0066188,0.009777
0.23281,0.17165,0.14585,0.16481,0.14705,0.1756,0.17398,0.18597
1.0819,0.45902,0.48844,0.40136,0.34903,0.36248,0.41,0.40322
-0.9719,-0.3634,-0.30081,-0.41747,-0.26232,-0.39767,-0.43781,-0.39805
-1.9813,1.3544,-2.5859,-2.4623,3.8475,-1.873,-1.6865,-4.5055
-0.23777,-0.35573,0.37151,0.31641,-0.074194,0.18312,0.039476,0.2131
728.97,720.36,643.41,670.89,639.89,675.88,723.11,735.23
241.59,131.68,123.51,133.47,156.45,138.49,132.91,118.11
1023,1023,890,966,996,990,1023,1023
0,458,250,200,190,172,514,512
98.597,89.776,60.822,68.217,76.83,65.016,88.47,103.7
2.7016e+05,2.7211e+05,1.6361e+05,1.8207e+05,1.9991e+05,1.838e+05,2.7001e+05,3.0582e+05
0.12973,0.1394,0.15018,0.11989,0.15973,0.13055,0.15576,0.1842
1164.9,1121.4,597.42,468.13,1014.1,651.27,788.28,937.82
