1408.8,1394.1,1304.2,1445,1225.7,1269.1,1439.2,1431.9
624.66,631.66,587.79,635.52,764.08,664.8,683.23,646.49
2430,2290,2412,2464,2430,2614,3062,3826
350,320,402,364,200,384,362,606
0.85597,0.86026,0.83333,0.85227,0.9177,0.8531,0.88178,0.84161
2582,2235,2404,2327,2623,2332,2505,2490
2.6374,2.2151,2.2765,2.0795,2.3336,2.1162,2.2168,2.2016
3,3,4,3,3,3,3,4
860.67,745,601,775.67,874.33,777.33,835,622.5
0.96446,0.95848,0.9657,0.96113,0.96064,0.97172,0.97957,0.94739
0.96103,0.98072,1.0099,0.97144,1.0162,0.96965,1.0298,1.0245
4.5093,4.9692,5.201,5.3328,4.7507,5.0534,5.0876,5.7209
15,16,18,22,20,18,26,34
21,21,21,23,22,22,26,33
21.887,14.313,16.227,15.822,31.522,21.513,19.238,14.321
21.887,14.313,16.227,15.822,31.522,21.513,19.238,14.321
3.9358,3.6952,3.8805,3.9287,5.0158,3.7701,3.7629,2.9535
0.0046907,0.0033085,0.00064933,0.0023004,0.0022836,0.0054427,0.003367,-3.8345e-05
0.32363,0.13729,0.16876,0.14371,0.56337,0.31003,0.1286,0.10142
2.1887,0.30412,0.36586,0.38191,3.1522,2.1513,0.37934,0.28021
-1.2003,-0.47849,-0.90803,-0.47604,-1.9597,-1.1601,-0.57612,-0.67233
-15.352,-18.85,-19.388,-15.676,-15.237,-19.469,-15.293,-18.629
0.62945,0.54315,0.41251,0.67932,0.75253,0.58904,0.52558,0.1993
767.57,800.92,799.71,839.34,760.06,890.42,932.8,878.17
208.66,142.91,148.5,149.44,248.19,177.37,138.49,156.15
1023,1023,1023,1023,1023,1023,1023,1023
0,252,286,328,0,6,206,362
251.84,273.35,257,291.2,225.17,266.14,288.89,280.58
6.5025e+05,6.1093e+05,6.1782e+05,6.7762e+05,5.9063e+05,6.2063e+05,7.2367e+05,6.9864e+05
0.25724,0.27091,0.24337,0.26023,0.20033,0.2415,0.25566,0.24808
713.84,713.36,800.95,793.34,701.7,720.54,653.75,843.98
