1188.3,1160.7,1135.6,1400.9,1145.5,1064.8,1155.9,1196.8,1102.6,1156.5
881.58,913.04,939.14,936.07,929.73,956.49,988.29,935.22,940.33,973.87
1600,1400,1350,1230,1050,1222,1151,1391,1293,1038
300,270,170,230,60,222,101,161,253,178
0.8125,0.80714,0.87407,0.81301,0.94286,0.81833,0.91225,0.88426,0.80433,0.82852
2378,1964,1853,2006,1853,2006,1924,1944,2011,1832
3.7273,3.4216,2.9089,2.5075,2.7091,2.9327,2.6141,2.5579,2.495,2.5658
3,3,3,3,2,2,2,2,3,3
792.67,654.67,617.67,668.67,926.5,1003,962,972,670.33,610.67
1.0402,1.0063,1.0367,1.0244,1.0136,1.0114,1.0272,0.99881,1.0363,1.0102
0.98738,0.97243,0.96411,1.0225,0.97659,1.0193,0.97795,1.0102,0.95913,1.0268
4.561,4.7467,5.2109,4.6646,5.2863,4.6437,5.2996,5.396,4.911,5.1289
14,15,15,14,12,10,12,11,13,12
15,13,16,11,11,11,11,15,13,11
60.022,28.747,28.375,55.751,28.692,27.809,29.387,28.551,28.82,28.375
60.022,28.747,28.375,55.751,28.692,27.809,29.387,28.551,28.82,28.375
8.5918,6.3429,6.2351,8.0667,7.1561,6.4907,7.5054,7.1422,6.9391,7.829
0.0075079,0.0026463,-0.00031714,0.02183,0.0062095,0.0085851,0.0027797,0.010424,0.005486,0.01654
0.81151,0.26747,0.27202,0.89268,0.62634,0.3052,0.70954,0.61719,0.33614,0.73967
6.0022,0.6783,0.68114,5.5751,2.4671,0.71248,2.6566,2.8551,0.85288,2.5324
-2.5334,-0.76994,-0.76875,-3.0645,-2.4171,-0.75788,-1.5669,-2.8551,-0.82133,-1.5081
-20.445,-20.453,-21.778,-20.056,-14.648,-17.002,-15.909,-12.54,-25.139,-18.025
0.23653,0.69159,0.39831,1.1819,0.48033,0.251,1.0884,0.48277,0.32188,1.4265
773.83,850.5,807.82,838.96,799.48,841.38,771.37,774.8,805.94,768.92
150.13,138.47,162.02,160,178.06,157,302.08,244.16,114.16,177.12
1014,1023,984,1023,1023,1023,1023,1023,946,1004
304,390,132,354,212,212,0,0,342,102
140.99,154.58,140.29,190.42,247.37,176.11,233.33,204.22,161.72,259.73
3.3528e+05,3.0359e+05,2.5995e+05,3.8198e+05,4.5838e+05,3.5327e+05,4.4892e+05,3.97e+05,3.2521e+05,4.7583e+05
0.22099,0.2693,0.22023,0.23802,0.36165,0.25746,0.31702,0.26871,0.20064,0.36377
422.03,244.61,326.39,265.19,119.33,375.1,352.93,222.16,216.53,386.2
