1740.8,1852.4,1845.5,1609.3,1798,1682.8,1788.9,1711.8,1865,1673.4
701.44,847.22,756.58,860.44,728.33,765.04,770.93,777.42,838.81,868.72
4937,4026,5047,6058,6269,3644,5477,5177,5909,3876
787,736,847,1128,829,514,757,707,1089,656
0.84059,0.81719,0.83218,0.8138,0.86776,0.85895,0.86179,0.86343,0.8157,0.83075
1576,1694,1618,1699,1862,1613,1766,1674,2225,1643
1.6281,1.4117,1.7014,1.5587,1.7083,1.3704,1.4428,1.1983,1.6679,1.5485
4,4,4,6,4,4,4,4,5,4
394,423.5,404.5,283.17,465.5,403.25,441.5,418.5,445,410.75
1.0777,1.0225,1.146,1.1169,0.96744,1.0456,0.91581,1.0857,1.0767,1.1376
0.94516,0.96141,0.95245,0.92893,0.96176,1.0049,0.96882,0.94443,0.98881,0.97065
5.5405,5.5269,5.4579,5.8421,5.81,5.812,6.4364,6.9177,5.5009,5.6437
24,20,22,30,26,15,25,26,24,20
27,28,29,35,33,26,31,33,28,24
7.3082,7.0711,5.9908,8.1154,7.4673,7.6164,6.597,7.6164,6.9871,7.6655
7.3082,7.0711,5.9908,8.1154,7.4673,7.6164,6.597,7.6164,6.9871,7.6655
1.3562,1.4787,1.2458,1.4779,1.3073,1.5635,1.4348,1.4706,1.4445,1.5606
-0.00014983,-0.00083517,0.0002842,0.00030153,-0.00018761,-0.00053278,8.4731e-05,-0.00043896,-0.0001031,-0.00098302
0.054298,0.062278,0.055088,0.053109,0.067695,0.074156,0.058537,0.061233,0.056838,0.066098
0.1352,0.17,0.18,0.13416,0.65054,0.28251,0.17311,0.15727,0.13416,0.13
-0.20647,-0.29,-0.26159,-0.2119,-0.33813,-0.50753,-0.25718,-0.27625,-0.25528,-0.27447
-9.5334,-11.569,-7.6098,-6.9264,-8.4925,-1.832,-12.907,-7.3839,-8.7308,-7.8579
0.27924,0.4692,0.28925,0.20737,0.27444,0.40874,0.30595,0.32581,0.33392,0.36382
840.43,813.8,901.66,837.25,904.17,781.66,840.34,892.42,919.54,763.48
183,188.44,181.29,206.77,188.46,173.87,168.73,192.72,202.93,151.62
1023,1023,1023,1023,1023,1023,1023,1023,1023,990
20,20,58,1,50,1,64,20,1,52
230.16,298.5,228.97,290.8,236.94,365.18,322.41,323.37,293.75,282.6
3.6273e+05,5.0566e+05,3.7047e+05,4.9407e+05,4.4119e+05,5.8904e+05,5.6938e+05,5.4132e+05,6.5358e+05,4.643e+05
0.23777,0.24875,0.24076,0.26679,0.21738,0.31027,0.26341,0.23147,0.2202,0.26635
515.27,585.45,549.09,356.91,603.94,533.17,580.99,572.29,592.57,604.87
