1383.5,1478.8,1272.4,1456.4,1365.9,1304.5,1187.9,1215.1
791.75,832.42,961.39,950.64,787.09,977.95,875.91,846.91
1884,1600,1695,2382,2102,2218,2154,2184
154,110,165,162,172,228,214,184
0.91826,0.93125,0.90265,0.93199,0.91817,0.8972,0.90065,0.91575
567,572,664,756,714,704,627,730
0.69914,0.77717,0.86122,0.9,0.76527,0.78309,0.74026,0.87425
2,2,2,2,2,3,2,2
283.5,286,332,378,357,234.67,313.5,365
1.0386,1.0522,1.0187,1.0316,1.0666,1.0245,1.0531,1.0557
0.98251,0.98651,0.99243,0.97009,0.98551,0.98989,0.98281,0.98954
7.5605,6.8338,6.1948,6.9062,6.6544,7.6449,8.1277,7.265
9,9,8,9,8,9,9,8
9,9,8,11,9,11,11,11
8.6023,8.3433,6.1685,10.508,6.7357,11.643,7.7666,8.2377
8.6023,8.3433,6.1685,10.508,6.7357,11.643,7.7666,8.2377
1.734,1.8622,1.7208,1.7397,1.6857,1.9392,1.6902,1.7218
-1.9528e-05,0.00035174,-0.0010489,0.00033156,0.0002367,0.00088753,-0.00034616,-0.0017862
0.072391,0.073608,0.065878,0.1297,0.064037,0.17176,0.063179,0.065213
0.1965,0.18962,0.17612,1.0508,0.18578,1.1643,0.1581,0.16577
-0.21639,-0.2444,-0.22083,-0.57811,-0.18624,-0.6419,-0.16917,-0.25777
25.66,28.263,30.728,20.981,12.61,19.927,23.973,22.766
0.31995,0.36273,0.41885,0.3039,0.37974,0.25021,0.33022,0.36029
289.43,296.97,293.45,263.36,274.08,175.78,220.84,231.77
143.64,138.04,110.29,140.01,135.28,142.21,126.05,125.68
544,496,490,502,476,422,426,416
28,46,2,0,22,0,1,1
210.01,153.85,202.68,204.16,146.67,170.36,193.21,149.45
1.1908e+05,88004,1.3458e+05,1.5435e+05,1.0472e+05,1.1993e+05,1.2114e+05,1.091e+05
0.25896,0.20904,0.26287,0.24305,0.1572,0.1895,0.22811,0.17898
333.24,215.36,463.38,479.96,355.07,257.8,666.84,695.09
