1665.7,1553,1460.4,1513.8,1595,1524.4,1571.6,1663.9,1594.8,1609.4
729.89,730.28,761.33,762.16,711.68,735.79,760.85,741.36,761.66,717.01
9055,9519,8149,8197,8488,7634,7779,7290,8727,7320
2595,2739,2129,2117,2088,2034,2269,2010,2217,1860
0.71342,0.71226,0.73874,0.74173,0.75401,0.73356,0.70832,0.72428,0.74596,0.7459
2939,2878,2970,3001,2914,3011,2919,2986,3010,3072
2.8814,2.8523,3.3296,3.1757,2.9053,3.4372,3.1867,3.0657,2.9337,2.9425
11,12,11,11,11,9,11,11,11,11
267.18,239.83,270,272.82,264.91,334.56,265.36,271.45,273.64,279.27
1.0086,1.0109,0.9987,1.0195,1.0146,1.0161,1.0025,1.0037,1.0143,0.99665
1.0618,1.0769,1.0471,1.0695,1.0188,1.0651,1.0372,1.0517,1.0322,1.0568
7.9756,7.8034,7.3117,7.5438,8.4133,7.7593,8.4256,8.2492,8.519,8.2654
40,38,38,39,42,38,41,38,42,41
45,46,43,44,46,44,44,44,46,44
9.6747,10.834,10.834,10.259,12.417,9.9925,11.823,11.936,9.2779,12.513
9.6747,10.834,10.834,10.259,12.417,9.9925,11.823,11.936,9.2779,12.513
1.7757,1.6935,1.7912,1.8013,1.9856,1.9748,2.1228,2.1701,1.8294,2.2708
-0.0013329,-0.00075446,-0.00037514,-0.0011791,-0.00095204,0.00019007,-0.00070698,-0.0010291,-0.00081528,-0.0014451
0.064821,0.063285,0.063764,0.065552,0.073251,0.074151,0.080624,0.080629,0.067259,0.082938
0.19209,0.20308,0.19824,0.19126,0.19979,0.27478,0.25806,0.19928,0.19208,0.22763
-0.47064,-0.44692,-0.30947,-0.48621,-0.54526,-0.23314,-0.47774,-0.54373,-0.34877,-0.6386
-19.074,-17.572,-18.576,-14.697,-19.084,-18.589,-18.797,-17.065,-20.599,-19.565
0.30691,0.2983,0.24567,0.31567,0.22651,0.38401,0.26077,0.2864,0.20159,0.33077
536.75,657.25,639.78,604.41,613.1,642.54,608.96,609.66,652.78,700.43
111.97,137.36,119.13,140.08,125.58,131.33,121.02,113.41,120.46,141.47
856,964,1012,930,1023,1000,1023,1023,960,1023
1,16,1,1,68,1,4,32,32,1
544.03,489.9,401.94,436.56,492.63,435.41,476.73,486.81,555.41,540.42
1.5989e+06,1.4099e+06,1.1938e+06,1.3101e+06,1.4355e+06,1.311e+06,1.3916e+06,1.4536e+06,1.6718e+06,1.6602e+06
0.53337,0.48553,0.4506,0.46197,0.49116,0.49704,0.52044,0.49981,0.54133,0.51764
567.04,530.37,599.27,597.79,603.37,625.76,651.09,672.83,639.27,661
