1553.8,1382.8,1253,1396.4,1366.3,1297.7,1382,1442.3,1714.7,1629.7
890.17,911.81,894.72,921.23,934.17,871.55,904.95,885.22,808.84,825.14
1890,1960,1690,1790,1690,1860,1690,1710,1770,1920
0,0,60,0,0,0,0,0,0,0
1,1,0.9645,1,1,1,1,1,1,1
1061,791,1225,980,1148,1306,1245,1026,1006,1179
3.1577,2.1321,2.6401,2.9167,3.1889,3.0802,2.6211,3.2675,3.1049,3.2301
1,1,2,1,1,1,1,1,1,1
1061,791,612.5,980,1148,1306,1245,1026,1006,1179
0.99393,0.99524,1.0047,0.99372,1.0045,1.0082,0.997,1.0035,0.99641,0.99672
1.0079,0.99949,0.99264,0.98411,0.99141,0.9782,0.97326,0.98173,0.98663,0.98825
4.2514,5.7141,4.2151,4.6852,3.966,3.7888,4.3863,3.9577,4.281,4.1051
14,12,14,12,12,12,12,12,10,14
18,17,15,16,15,16,16,16,16,17
5.2953,4.8052,5.9908,5.2953,5.4406,4.9336,7.1113,4.6271,4.6,5.016
5.2953,4.8052,5.9908,5.2953,5.4406,4.9336,7.1113,4.6271,4.6,5.016
0.95887,0.98065,1.2892,1.1028,1.0622,1.0689,1.2931,0.95379,0.99596,1.0001
0.00087586,0.0011857,0.0011732,0.0014713,0.0011564,0.00073174,0.001209,0.0014369,0.00068182,4.5448e-05
0.061545,0.06249,0.074491,0.066705,0.068647,0.06309,0.076733,0.06352,0.065891,0.064784
0.14734,0.12355,0.16704,0.13682,0.17537,0.12863,0.18356,0.16677,0.1352,0.14965
-0.16405,-0.15556,-0.16525,-0.17054,-0.17635,-0.1483,-0.18231,-0.13682,-0.17676,-0.17784
-5.0408,2.9011,-0.45451,0.60452,-0.090324,2.7336,4.608,-4.4371,-0.058311,2.8932
0.51534,0.34388,0.67998,0.4419,0.60118,0.55968,0.52249,0.52222,0.51356,0.5526
313.38,200.3,280,285.82,307.85,326.56,425.78,382.64,400.63,401.47
80.376,67.024,90.758,84.32,117.03,82.942,69.551,104.68,82.969,113.31
534,344,472,448,558,472,612,544,586,670
84,36,52,18,56,138,186,84,108,84
78.096,121.85,94.521,90.426,86.583,93.002,165.51,72.967,78.365,84.839
82860,96383,1.1579e+05,88618,99397,1.2146e+05,2.0606e+05,74864,78836,1.0003e+05
0.23243,0.32844,0.20371,0.26913,0.24051,0.21934,0.34845,0.23238,0.24187,0.23244
0,0,277.88,0,0,0,0,0,0,0
