1375.1,1513.4,1644.2,1576.5,1539.2,1507.4,1445.4,1303,1489.9,1482
864.43,771.18,778.1,810.28,796.32,819.08,811.69,850.04,759.1,727.12
3790,3430,3710,3920,3510,4060,4440,4240,3940,3770
1150,840,860,1000,760,980,1020,1070,1060,460
0.69657,0.7551,0.76819,0.7449,0.78348,0.75862,0.77027,0.74764,0.73096,0.87798
969,1001,1179,1118,1276,1128,1112,1077,995,1031
3.2736,2.8277,3.5619,3.3776,3.19,4.1319,3.1954,2.9426,3.241,3.1723
4,4,4,4,4,3,3,4,4,3
242.25,250.25,294.75,279.5,319,376,370.67,269.25,248.75,343.67
0.99429,1.0086,1.0055,0.99838,1.0049,1.0001,0.99714,1.0042,1.0026,1.0134
1.0147,1.0128,1.0142,1.0109,1.0056,1.0048,0.99717,0.99836,1.0048,1.0032
6.1492,6.257,5.8175,5.517,5.78,5.4232,5.9994,6.3304,6.113,6.2884
14,18,18,17,21,19,21,20,18,21
22,20,23,22,22,27,29,23,23,23
10.27,9.2195,10.717,9.2195,10.3,12.7,10.735,7.7156,7.6,7.6236
10.27,9.2195,10.717,9.2195,10.3,12.7,10.735,7.7156,7.6,7.6236
1.7258,1.6157,1.76,1.6152,1.9865,1.6595,1.4685,1.4718,1.409,1.5138
0.0022508,0.0020842,0.0015438,0.0016205,0.0025469,0.0007163,0.001794,0.00052835,0.0016457,-0.0002326
0.056491,0.056233,0.057587,0.051928,0.058949,0.11696,0.093465,0.078453,0.064482,0.082731
0.21,0.16,0.19599,0.21587,0.16569,1.27,1.0735,0.77156,0.53151,0.53907
-0.20527,-0.21579,-0.21968,-0.15939,-0.1447,-0.79461,-0.53596,-0.41881,-0.32894,-0.56321
-1.4288,7.2246,3.1188,-2.7461,0.28503,-1.2153,-5.0233,-1.836,1.4465,4.6941
0.25451,0.31138,0.3244,0.33131,0.33145,0.23643,0.22628,0.21872,0.2792,0.2139
640.73,638.86,699.96,682.34,714.28,823.65,783.06,826.16,897.89,837.27
112.97,160.09,149.58,144.76,143.44,274.14,230.04,198.94,169.48,303.84
868,914,972,904,988,1023,1023,1023,1023,1023
154,132,182,102,90,0,0,0,108,0
165.93,196.31,174.42,163.14,198.97,161.46,194.84,223.77,189.71,188.9
1.6078e+05,1.965e+05,2.0564e+05,1.8239e+05,2.5388e+05,1.8213e+05,2.1666e+05,2.41e+05,1.8876e+05,1.9476e+05
0.56056,0.55454,0.52695,0.49286,0.49742,0.59143,0.55988,0.61141,0.61796,0.58124
176.41,250.59,239.99,242.27,259.05,229.88,253.3,164.69,186.71,188.72
