1565.5,1727.7,1856.9,1619.2,1747.7,1895.7,1798.6,1818.9
875.04,926.42,920.92,905.96,921.56,856.17,863.99,869.22
2580,2550,2440,2470,2530,2540,2670,2680
0,0,0,0,0,0,0,0
1,1,1,1,1,1,1,1
1541,1740,2016,1715,1867,1919,1786,1735
2.2333,2.1914,2.8039,3.2854,2.8767,2.9253,3.0478,2.8536
1,1,1,1,1,1,1,1
1541,1740,2016,1715,1867,1919,1786,1735
0.97372,0.97089,0.96712,0.97458,0.97581,0.97094,0.96763,0.97032
0.99511,0.9897,1.0139,0.97287,1.0062,0.99807,0.98904,0.98467
4.7586,4.5937,4.3184,4.4156,4.5577,4.3035,4.6749,4.6504
19,25,23,23,25,26,26,27
22,22,20,21,21,21,20,23
11.7,12.672,15.911,11.427,13.314,13.345,11.216,9.7
11.7,12.672,15.911,11.427,13.314,13.345,11.216,9.7
2.1777,2.6379,3.1146,2.4392,2.8454,2.5573,2.2695,2.1542
0.0028106,0.0020106,0.0010904,0.0046452,0.0016443,0.0024962,0.0011654,0.00081211
0.10886,0.21705,0.15749,0.12458,0.13256,0.12449,0.11976,0.11143
0.31189,1.2672,0.61007,0.50223,0.5129,0.3448,0.39393,0.33183
-0.41136,-0.88427,-0.61493,-0.5,-0.45333,-0.42167,-0.36305,-0.35424
-8.7656,-12.802,-12.753,-9.2588,-12.806,-8.6978,-17.944,-18.311
0.37597,0.40039,0.40164,0.4753,0.29842,0.51417,0.32846,0.34067
832.42,836.41,803.44,782.77,696.55,810.69,835.09,843.32
99.019,137.27,136.8,130.42,124.7,133.98,112.72,122.23
1023,1023,1023,1002,892,1023,1023,1023
176,0,0,36,28,1,180,220
93.632,120.98,137.61,92.227,121.05,106.37,115.67,115.67
1.4429e+05,2.1051e+05,2.7743e+05,1.5817e+05,2.26e+05,2.0412e+05,2.0658e+05,2.0068e+05
0.1357,0.15237,0.1914,0.17668,0.18651,0.16214,0.19738,0.19024
0,0,0,0,0,0,0,0
