914.32,914.36,1091.2,1048.7,1001,882.73,1018.7,974.47,1110.5,1076.4
1042,1172.6,1117.4,1194.9,1277.9,1319.3,1322.8,1410.9,1299.8,1150
3627,2134,2304,2167,2094,3352,2117,2386,1979,2056
1637,344,494,437,364,1442,417,606,249,236
0.54866,0.8388,0.78559,0.79834,0.82617,0.56981,0.80302,0.74602,0.87418,0.88521
501,551,694,464,495,643,535,603,780,546
1.6006,1.6399,1.9605,1.5065,1.4431,1.6789,1.442,1.5541,1.9212,1.5167
2,2,2,2,2,2,2,2,2,2
250.5,275.5,347,232,247.5,321.5,267.5,301.5,390,273
0.99826,0.99333,0.98807,0.99545,1.0012,0.996,0.99809,0.99839,1.0007,0.99391
0.9998,0.95472,0.94658,0.97349,0.97006,0.95056,0.98156,0.97398,0.94508,0.96526
5.9707,5.7851,4.8186,5.9867,6.0621,4.8739,5.2852,4.7482,3.6659,4.8679
18,17,17,17,17,15,17,17,17,18
18,17,17,17,18,18,18,18,17,17
3.3121,3.7162,3.6401,3.8079,3.6688,3.6401,3.5355,3.8079,3.6401,3.3121
3.3121,3.7162,3.6401,3.8079,3.6688,3.6401,3.5355,3.8079,3.6401,3.3121
0.90899,0.89678,0.90946,0.80329,0.91445,0.90313,0.87664,0.85896,0.8025,0.76583
0.001188,0.00088204,0.0016699,0.0010145,0.0018591,0.0018553,0.0014063,0.0011445,0.0010645,0.00058076
0.055925,0.057353,0.055644,0.055987,0.057959,0.057586,0.056502,0.055795,0.051727,0.052386
0.12,0.11913,0.12537,0.13682,0.12956,0.14416,0.13601,0.12682,0.1161,0.13601
-0.13723,-0.13978,-0.13,-0.15591,-0.1208,-0.17,-0.13968,-0.12,-0.12,-0.13682
-29.006,-38.487,-35.015,-31.476,-36.113,-26.597,-24.195,-23.556,-30.623,-30.36
0.19433,0.23976,0.2575,0.20939,0.22132,0.26093,0.26949,0.27204,0.34402,0.23126
508.9,504.2,502.24,474.07,509.28,472.49,510.31,507.88,533.07,493.55
92.27,82.64,89.405,85.922,88.297,90.092,83.787,85.722,92.389,82.531
606,646,594,598,594,578,620,616,644,594
96,194,128,116,24,16,1,158,92,16
56.152,54.302,44.505,49.647,51.158,36.564,38.532,29.734,29.151,36.403
28132,29921,30886,23036,25323,23511,20615,17930,22738,19876
0.1794,0.16161,0.12572,0.16119,0.14915,0.095467,0.10386,0.076634,0.0718,0.10112
199.18,247.7,302.83,186.39,197.52,203.65,173.53,200.42,252.87,227.18
