1743.8,1862.2,1882.9,1885.9,1593.2,1682.2,1649.9,1849.3,1931.1,1909.2
1217,1147.5,1253.3,1242,1113.1,1187.3,1211.4,1230.9,1245.5,1239.1
5780,4526,4530,4470,5228,4660,5334,4522,4812,5072
1560,1336,1240,1250,1578,1410,2174,1372,1342,1692
0.7301,0.70482,0.72627,0.72036,0.69816,0.69742,0.59243,0.69659,0.72111,0.6664
2735,2812,2893,2939,2404,2618,2648,2873,2909,2781
3.711,3.7,3.4855,3.7825,3.5146,3.925,4.3481,3.9628,4.2467,4.4354
7,7,7,7,7,7,8,7,7,7
390.71,401.71,413.29,419.86,343.43,374,331,410.43,415.57,397.29
0.97357,0.95479,0.94771,0.95271,0.97819,0.96144,0.96079,0.95284,0.95815,0.96503
1.0155,1.0542,1.0365,1.019,1.0187,1.0506,1.0307,1.0492,1.0116,1.0584
5.9453,5.7516,6.4975,5.942,5.4385,5.2068,4.8289,6.0411,4.9961,5.254
38,32,38,34,36,31,32,34,33,38
45,34,34,35,37,36,39,34,35,37
31.504,24.205,25.453,27.233,24.154,15.208,34.077,28.577,22.239,19.602
31.504,24.205,25.453,27.233,24.154,15.208,34.077,28.577,22.239,19.602
3.4089,3.6798,4.1972,3.8506,2.9356,2.757,3.4032,4.0307,3.5189,3.0455
0.0072955,0.0088283,0.0038371,0.010061,0.0046904,0.0070264,0.010133,0.012594,0.010023,0.010799
0.22083,0.14488,0.27389,0.15852,0.20836,0.11222,0.29026,0.14768,0.24166,0.11296
3.1504,0.60665,2.2484,0.83053,2.4154,0.37581,3.4077,0.6338,2.2239,0.5222
-1.0936,-0.4851,-2.2484,-0.37623,-1.8163,-0.30768,-2.0952,-0.5313,-1.227,-0.42407
-14.309,-20.457,-21.004,-26.561,-14.177,-15.42,-12.94,-16.634,-13.708,-17.175
0.65113,1.0145,1.2243,1.1351,0.84793,1.01,1.1361,1.387,1.0669,0.96268
546.51,717.98,724.02,720.79,656.44,708.37,689.56,747,597.77,686.29
259.76,142.76,164.99,142.49,206.95,150.82,192.43,133.5,263.02,149.31
904,966,990,932,958,926,954,990,908,912
0,28,0,142,0,102,0,208,0,12
260.43,265.03,304.74,321.68,197.01,199.39,173.33,302.67,236.9,239.43
7.1226e+05,7.4525e+05,8.8161e+05,9.4542e+05,4.7361e+05,5.22e+05,4.5897e+05,8.6958e+05,6.8915e+05,6.6585e+05
0.35336,0.34872,0.36716,0.414,0.28802,0.29893,0.28461,0.41748,0.34585,0.38186
474.66,454.55,592.39,474.54,349.55,418.32,374.43,625.83,443.63,481.83
