1160.9,1163.1,1213.3,1887.5,838.61,2269.8,2026.9,1103.9,2293.2,1148.5
842.62,1104.2,1120.6,433.5,527.72,1233.9,683.3,1326.9,417.24,1049.2
2556,1750,1630,1750,1650,1490,1570,1500,1550,1590
1266,430,400,440,500,380,450,350,420,330
0.50469,0.75429,0.7546,0.74857,0.69697,0.74497,0.71338,0.76667,0.72903,0.79245
1347,1291,1505,1326,1138,1097,1204,1281,995,1291
3.4627,3.0448,3.4205,3.7458,2.803,2.9176,2.6288,2.8658,3.071,2.684
4,4,4,4,4,4,4,4,4,4
336.75,322.75,376.25,331.5,284.5,274.25,301,320.25,248.75,322.75
0.98113,0.99619,0.99371,0.99825,0.97709,0.9945,0.99225,1.0011,0.98596,1.0059
0.97685,1.0003,0.99073,1.0566,0.97997,1.0219,1.009,1.0464,1.0209,1.0639
4.1433,4.5559,4.0963,4.4117,4.8028,4.5267,4.6219,4.386,4.9982,4.4773
9,9,9,10,9,13,9,9,9,11
13,10,12,11,10,11,10,10,10,12
14.722,13.27,14.101,12.856,11.569,11.924,13.124,13.023,11.861,13.124
14.722,13.27,14.101,12.856,11.569,11.924,13.124,13.023,11.861,13.124
3.2945,3.3524,3.5363,3.3676,2.8952,3.1123,3.3435,3.3514,2.8214,3.1262
0.0054547,0.0038261,0.0038248,0.0017487,0.0015912,0.0024338,0.00072313,0.00057674,-0.0019955,-0.0012732
0.086425,0.096998,0.10581,0.096636,0.095038,0.098395,0.10803,0.1065,0.097148,0.10367
0.26683,0.26489,0.25981,0.2586,0.26718,0.26655,0.30471,0.26857,0.32386,0.26507
-0.21523,-0.31575,-0.26575,-0.24503,-0.25696,-0.25824,-0.28373,-0.26309,-0.26472,-0.27288
7.6133,-0.71123,-4.1262,-6.9531,-1.9402,-0.47061,0.5444,6.2414,0.72846,7.7292
0.578,0.656,0.81868,0.49148,0.59181,0.59702,0.62732,0.80552,0.44726,0.77713
547.31,585.21,613.67,582.53,618.56,663.29,618.88,664.35,586.79,614.72
193.3,169.19,180.29,196.63,197.1,149.47,184.46,158.55,194.82,175.22
844,902,908,868,902,884,874,920,856,866
84,94,28,12,1,220,98,176,98,56
100.07,130.64,105.19,98.415,115.9,99,109.76,110.93,115.59,117.65
1.3479e+05,1.6865e+05,1.5831e+05,1.305e+05,1.3189e+05,1.086e+05,1.3216e+05,1.421e+05,1.1501e+05,1.5188e+05
0.25724,0.3081,0.23907,0.27801,0.28546,0.2633,0.23966,0.24817,0.35675,0.24459
249.29,235.92,270.3,250.77,280.97,206.42,249.26,237.95,213.78,229.72
