1391.6,1466.4,1498.9,1394.9,1660.3,1597.4,1504.1,1483.3
659.61,615.85,629.8,648.53,609.88,607.42,660.59,665.02
2000,2130,1890,1800,1870,1740,2010,1990
0,0,0,90,0,0,0,0
1,1,1,0.95,1,1,1,1
1883,1991,2046,2133,2026,2199,2056,2067
1.8461,2.0696,1.9068,1.9062,1.6954,1.8054,1.9378,1.8005
1,1,1,2,1,1,1,1
1883,1991,2046,1066.5,2026,2199,2056,2067
0.97067,0.96933,0.93954,0.95964,0.94599,0.95806,0.96054,0.9235
1.1492,1.1339,1.0874,1.112,1.0568,1.1591,1.0895,1.0772
5.3335,4.8866,4.9456,4.6784,4.7268,4.6779,4.7058,5.0141
16,16,14,13,17,12,14,15
17,15,17,14,14,15,17,16
15.498,13.354,14.51,16.556,15.022,18.488,13.904,13.888
15.498,13.354,14.51,16.556,15.022,18.488,13.904,13.888
3.6097,3.513,3.7866,4.1629,3.7868,4.464,3.7442,3.8009
0.00072502,0.00035236,0.00053616,0.0044745,0.0010492,-0.0010194,0.0008832,0.0006837
0.11906,0.10102,0.12136,0.16447,0.12093,0.14092,0.10671,0.11984
0.24771,0.2221,0.24095,0.73553,0.29667,0.30541,0.22996,0.25472
-0.25177,-0.28603,-0.3054,-0.45617,-0.31118,-0.36674,-0.25977,-0.34651
-26.221,-20.089,-23.911,-29.821,-24.125,-24.779,-9.6478,-22.466
0.62,0.5939,0.63175,0.45788,0.65241,0.70402,0.6199,0.61055
549.38,463.04,479.13,541.04,617.91,635.34,616.21,576.59
144.16,105.1,115.74,153.84,96.204,93.909,101.27,122.01
810,602,748,828,770,788,760,778
54,90,102,0,220,354,286,44
371.38,337.97,373.53,311.33,352.97,371.57,371.81,367.68
6.9931e+05,6.7291e+05,7.6424e+05,6.6406e+05,7.1512e+05,8.1709e+05,7.6444e+05,7.5999e+05
0.3641,0.35132,0.34811,0.27822,0.29537,0.30507,0.35043,0.32028
0,0,0,553.28,0,0,0,0
