583.13,786,915.82,923.74,1087.1,834.72,1060.4,1521.4,1116.1,1889.1
775.35,1119.8,1181.5,1206.1,1228.3,1288.5,1355.6,1330.3,1360.7,1111.2
2050,2080,2222,2790,2508,2241,2173,2310,2279,2322
430,390,742,1110,808,591,633,520,629,812
0.79024,0.8125,0.66607,0.60215,0.67783,0.73628,0.7087,0.77489,0.724,0.6503
612,674,704,729,740,668,592,735,776,689
1.5733,1.5934,1.7868,1.5711,1.9023,1.4034,1.5457,1.7376,2.126,1.799
4,3,5,5,5,5,5,5,5,5
153,224.67,140.8,145.8,148,133.6,118.4,147,155.2,137.8
0.99077,1,1.0054,1.0029,0.99683,1.0058,0.9924,0.99052,0.99459,0.99585
1.0654,1.0637,1.022,1.008,1.0165,1.0483,1.0433,1.0037,1.0525,1.0224
5.7212,6.2423,5.5183,6.3551,5.2906,6.1978,5.8466,5.6895,4.8739,5.272
18,18,18,19,18,18,16,20,20,18
19,19,19,23,21,21,19,23,21,17
4.36,4.8384,5.608,5.5082,5.0567,4.9649,4.245,4.7265,4.6755,4.4011
4.36,4.8384,5.608,5.5082,5.0567,4.9649,4.245,4.7265,4.6755,4.4011
0.94235,1.1861,1.2736,1.2252,1.027,1.2042,1.0224,0.98386,1.0087,0.9596
-0.002327,-0.0023404,-0.0017157,-0.00078582,-0.00188,-0.0022905,-0.0027459,-0.0016608,-0.0020816,-0.0011052
0.05816,0.068138,0.067779,0.067703,0.056958,0.071511,0.06022,0.06203,0.061845,0.05693
0.15504,0.18521,0.14473,0.18005,0.16155,0.19961,0.1562,0.13398,0.1571,0.13398
-0.20229,-0.17878,-0.18624,-0.17,-0.13625,-0.18,-0.16311,-0.15591,-0.1955,-0.15018
-13.799,-12.671,-17.097,-24.853,-10.462,-17.411,-7.0079,-18.671,-14.771,-13.046
0.3095,0.35296,0.33539,0.26313,0.33013,0.28969,0.35368,0.3485,0.36713,0.32254
602.37,588.83,646.65,567.55,545.63,536.73,501.48,569.91,554.81,479.63
139.87,184.69,153.21,114.29,93.989,139.81,155.15,141.69,116.19,120.47
798,808,816,788,678,684,728,728,730,668
92,1,44,130,58,26,12,1,36,52
104.08,124.92,93.049,108.67,65.544,94.386,61.743,84.976,68.511,62.739
63700,84195,65506,79219,48503,63050,36552,62457,53165,43227
0.26757,0.29532,0.23616,0.2342,0.16849,0.19829,0.16121,0.20089,0.1877,0.16381
248.92,387.05,205.19,249.81,261.54,218.35,219.69,245.73,242.3,243
