376.51,407.94,391,314.51,405.93,401.02,441.18,437.43,417.77,457.72
226.1,250.14,259.44,231.16,224.58,239.09,232.75,246.04,244.27,241.92
1680,1610,1550,1600,1590,1510,1610,1580,1510,1540
360,400,430,380,320,330,320,350,300,270
0.78571,0.75155,0.72258,0.7625,0.79874,0.78146,0.80124,0.77848,0.80132,0.82468
674,704,592,597,724,781,745,755,673,750
2.277,2.1662,1.9668,1.9073,2.2696,2.5947,2.6799,2.3302,2.3207,2.4917
3,3,3,3,3,3,3,3,3,3
224.67,234.67,197.33,199,241.33,260.33,248.33,251.67,224.33,250
0.97593,0.99018,0.99105,0.98458,0.98148,0.96153,0.96883,0.98472,0.98967,0.99023
1.1883,1.1022,1.1016,1.081,1.0868,1.1222,1.0999,1.1331,1.135,1.1216
3.056,3.2692,3.558,3.6196,3.4708,2.9368,3.2545,3.3531,3.4049,2.9392
13,11,10,9,9,9,10,8,8,8
12,9,9,9,11,11,10,8,12,11
5.6321,5.6321,5.2393,5.7271,6.3151,6.229,6.2968,6.2169,5.707,5.7315
5.6321,5.6321,5.2393,5.7271,6.3151,6.229,6.2968,6.2169,5.707,5.7315
1.1445,1.2484,1.2643,1.2528,1.5318,1.3741,1.4769,1.4447,1.2836,1.2375
0.00085838,0.0017378,0.002204,0.00263,0.0021567,0.00098936,-4.3291e-05,0.00050836,0.0017984,0.00023688
0.054637,0.051896,0.05824,0.055182,0.063297,0.060682,0.055851,0.055437,0.056373,0.05134
0.13,0.15881,0.15,0.15727,0.16,0.16497,0.16,0.15796,0.1416,0.12
-0.15,-0.12,-0.16575,-0.11575,-0.16683,-0.16,-0.14594,-0.21497,-0.11683,-0.10616
-5.329,-6.5248,-3.158,-1.3628,-6.0351,-2.0459,-1.4622,-4.7013,0.51298,-2.8522
0.36241,0.34649,0.31384,0.20947,0.31481,0.42763,0.37355,0.36371,0.3385,0.40535
463.32,487.34,525.95,522.8,490.37,563.21,553.08,591.14,574.71,580.74
134.55,116.27,155.46,148.93,156.85,151.44,176.81,150.15,160.53,158.22
822,784,828,828,814,854,850,862,866,908
56,144,58,84,44,62,18,52,90,48
36.84,50.297,51.048,50.739,43.673,40.02,41.982,48.323,40.461,37.766
24830,35409,30220,30291,31619,31255,31277,36484,27230,28325
0.12446,0.15476,0.16959,0.16211,0.13691,0.13296,0.15102,0.14914,0.13952,0.12547
80.393,119.56,116.8,135.76,132.05,138.07,107.63,131.69,133.68,121.8
