1870.7,1790.1,1735.6,1741,1983.5,2153.7,1910.4,1869.4,2015.7,2002.3
699.74,751.31,857.81,835.88,929.67,827.93,932.38,843.24,888.21,927.86
2580,2850,2930,3000,2970,3590,3640,3550,3300,3282
310,560,760,560,460,710,520,570,430,362
0.87984,0.80351,0.74061,0.81333,0.84512,0.80223,0.85714,0.83944,0.8697,0.8897
1888,2103,1827,1786,1654,1654,1792,1542,1771,1755
2.1979,2.5368,2.479,2.2465,2.2442,2.1763,2.24,1.7972,2.0641,2.2941
3,6,7,7,6,5,5,4,5,4
629.33,350.5,261,255.14,275.67,330.8,358.4,385.5,354.2,438.75
1.029,1.0189,1.0085,1.041,0.96753,1.0253,0.99852,1.017,1.0096,1.0078
1.011,1.0093,0.98298,0.97997,1.0019,0.99731,1.0072,0.9799,1.0098,1.0224
4.3801,4.6433,4.4444,4.9311,5.0993,5.2063,5.6755,5.8306,4.9946,5.0231
20,24,23,21,29,25,36,30,29,27
30,32,32,35,32,36,34,32,34,36
14.396,15.357,11.258,12.672,12.125,19.35,20.48,19.909,14.986,13.888
14.396,15.357,11.258,12.672,12.125,19.35,20.48,19.909,14.986,13.888
2.6094,2.8206,2.268,2.3554,2.3827,2.3018,2.4511,2.6212,2.42,2.4935
0.001768,-0.00066476,0.0012538,0.00061817,0.0018026,0.0025327,0.0012706,0.00025769,0.0017289,0.0022688
0.11096,0.11127,0.089492,0.083549,0.16569,0.17407,0.21837,0.27485,0.1989,0.1945
0.31016,0.35358,0.44065,0.2504,1.2125,1.935,2.048,1.9909,1.4986,1.3888
-0.47693,-0.65596,-0.28381,-0.34627,-0.82299,-1.0802,-1.1617,-1.2303,-1.0948,-0.88318
-11.556,-7.3913,-8.9231,-2.7011,-3.8965,-10.391,-9.4126,-8.507,-6.9148,-2.5575
1.1377,1.149,1.0963,0.94994,0.8187,0.74597,0.77496,0.77249,0.66647,0.66533
543.69,430.46,468.11,412.49,596.46,590.19,593.18,610.56,596.18,622.56
173.73,139.9,131.72,152.69,190.64,167.57,228.86,165.66,214.17,173.8
850,746,724,730,918,866,912,912,914,948
62,110,36,18,0,0,0,0,0,0
159.59,166.08,141.8,181.07,167.62,135.29,185.44,205.86,193.77,194.79
3.013e+05,3.4926e+05,2.5907e+05,3.2339e+05,2.7725e+05,2.2377e+05,3.323e+05,3.1744e+05,3.4317e+05,3.4186e+05
0.18578,0.20033,0.1924,0.22776,0.22744,0.17802,0.2318,0.23993,0.22584,0.25463
537.32,444.31,286.58,275.22,223.48,295.95,387.65,435.85,304.2,392.59
