1307.8,1089.1,1138,1093.3,1187.3,1115.9,1268.1,1196,1277.4,1340.1
630.29,762.82,748.78,774.68,783.44,782.29,735.78,767.3,798.17,772.96
2164,2387,1948,1988,1922,1954,1964,1946,1832,1954
504,637,368,488,462,524,464,406,352,464
0.7671,0.73314,0.81109,0.75453,0.75963,0.73183,0.76375,0.79137,0.80786,0.76254
980,1184,1598,1363,1474,1230,1220,1260,1348,1444
1.8956,1.5121,2.2072,2.0074,2.1178,1.7521,1.8769,1.7949,1.4356,1.9305
2,2,2,2,2,2,2,2,2,2
490,592,799,681.5,737,615,610,630,674,722
1.0265,1.0197,1.0184,1.0249,1.0158,1.0152,1.0147,1.0192,1.0336,1.0149
0.99987,1.0037,1.0048,0.97862,0.9956,0.9578,0.97403,1.008,0.98071,0.99697
4.8384,5.2965,4.4659,4.5555,4.4255,4.7855,4.8822,4.9211,4.7635,4.5187
16,22,20,20,20,18,20,18,17,18
19,23,20,20,20,18,20,23,20,20
15.981,13.346,17.493,21.126,19.483,15.312,15.347,17.4,16.686,16.943
15.981,13.346,17.493,21.126,19.483,15.312,15.347,17.4,16.686,16.943
2.8203,3.2063,4.1261,4.43,4.4183,3.8078,3.4997,3.7549,4.0955,3.8242
0.009471,0.0078573,0.010301,0.014826,0.015284,0.010497,0.0083672,0.010445,0.0073158,0.0084098
0.09173,0.10934,0.12365,0.14013,0.16285,0.12951,0.1217,0.12872,0.13557,0.12119
0.38708,0.33366,0.32512,0.76324,0.96985,0.31094,0.34879,0.36658,0.36945,0.40437
-0.20985,-0.32469,-0.33683,-0.30479,-0.39006,-0.35615,-0.33971,-0.33115,-0.37155,-0.33997
-20.101,-22.759,-26.437,-22.222,-24.119,-27.777,-25.648,-17.501,-16.49,-21.417
1.0956,1.2235,1.7633,1.4785,1.6508,1.3952,1.4581,1.4996,1.607,1.7439
537.76,552.11,540.69,572.83,562.47,567.41,574.13,592.64,570.96,548.12
113.76,114.31,125.81,119.24,127.33,128.27,165.02,116.97,117.7,136.55
734,816,822,816,818,808,776,804,792,788
62,110,6,12,48,92,18,138,172,64
94.992,117.28,107.67,96.867,111.31,130.29,119.12,101.86,143.4,94.388
93092,1.3886e+05,1.7206e+05,1.3203e+05,1.6408e+05,1.6025e+05,1.4533e+05,1.2835e+05,1.933e+05,1.363e+05
0.18374,0.14978,0.14872,0.14266,0.15994,0.1856,0.18327,0.1451,0.15271,0.12619
873.08,996.36,1266,903.18,988.29,883.65,1030,1122.1,1077.1,1260.7
