1117.1,1267.8,1263.7,622.71,1169.4,1240.8,1197.6,1078.1,799.31,1238.4
696.33,864.35,855.81,573.86,749.69,734.86,742.37,747.22,663.69,686.35
1790,1700,1690,1710,1770,1640,1680,1610,1730,1660
190,210,190,240,370,170,140,270,220,240
0.89385,0.87647,0.88757,0.85965,0.79096,0.89634,0.91667,0.8323,0.87283,0.85542
653,745,796,724,729,709,602,678,715,602
1.789,1.9201,2.0783,1.6876,1.6309,1.6299,2,1.6456,2.128,1.9545
3,4,4,4,5,3,3,4,4,4
217.67,186.25,199,181,145.8,236.33,200.67,169.5,178.75,150.5
0.95882,0.96429,0.96283,0.9521,0.96878,0.96675,0.96852,0.95465,0.9595,0.96127
1.0045,0.98137,0.98308,0.98075,0.98451,0.98642,0.98158,1.0073,0.9838,0.98541
4.59,4.7873,4.8323,4.9209,4.7916,4.8652,5.1711,5.0671,4.7666,5.0669
15,18,19,15,17,18,16,12,14,17
17,17,19,17,19,17,17,17,19,18
4.0817,5.022,6.5765,5.412,5.3935,6.4815,6.0926,5.5758,5.4378,5.143
4.0817,5.022,6.5765,5.412,5.3935,6.4815,6.0926,5.5758,5.4378,5.143
0.98917,1.2915,1.4485,1.1788,1.2064,1.3556,1.395,1.3597,1.489,1.1978
0.0021344,0.0023818,0.0020208,0.0012427,0.0022862,0.0009356,0.00023267,0.001354,0.0018273,0.00085297
0.055484,0.072859,0.076579,0.07104,0.070303,0.068106,0.072852,0.067866,0.068874,0.06246
0.11903,0.16,0.19806,0.22355,0.15797,0.15,0.16082,0.18145,0.18688,0.14861
-0.13917,-0.18681,-0.22751,-0.18931,-0.24723,-0.15459,-0.23428,-0.27405,-0.18428,-0.25884
-9.3428,-22.118,-8.2051,-7.3685,-15.493,-14.714,-15.553,-11.69,-14.588,-14.442
0.3503,0.5136,0.32298,0.25963,0.44525,0.42906,0.34762,0.50661,0.49623,0.44363
530.94,543.59,575.79,589.85,585.43,565.88,503.68,560.88,604.53,586.64
151.42,127.49,156.46,164.46,147.05,180.44,136.05,154.28,132.56,134.13
808,728,794,830,778,794,782,820,794,828
106,184,80,1,134,36,200,134,124,200
56.772,79.357,93.672,67.154,63.963,73.19,82.925,77.639,72.979,75.384
37072,59121,74563,48619,46629,51892,49921,52639,52180,45381
0.15554,0.20453,0.24458,0.15654,0.14309,0.16825,0.2755,0.18844,0.2172,0.24475
135.39,152.1,199.6,215.53,202.86,214.43,147.08,199.53,172.33,181.29
