1200.2,1281.2,1146.9,1258,1049.8,1388.1,1495.2,1308.3,1401.3,1273.1
723.92,907.99,853.89,877.83,939.77,862.48,859.42,862.78,886.79,879.79
2101,2312,2256,2228,2070,2226,2501,2363,2037,1971
201,262,246,238,240,266,261,253,267,281
0.90433,0.88668,0.89096,0.89318,0.88406,0.8805,0.89564,0.89293,0.86892,0.85743
1098,1317,1276,1322,1071,1270,1725,1536,1520,1434
1.9129,2.0107,1.9481,1.8994,1.4896,1.6345,1.9188,1.8641,1.8074,1.9807
3,3,3,3,3,3,3,3,4,4
366,439,425.33,440.67,357,423.33,575,512,380,358.5
0.99266,1.0001,1.0033,0.98006,0.99214,0.98273,1.0017,0.99174,1.0028,0.98724
1.0334,1.0344,1.0524,1.0414,1.0342,1.0026,1.0374,1.0434,1.0534,1.0347
4.3038,4.8052,4.6571,4.6729,5.2321,4.7449,4.693,4.8869,4.6478,4.4161
16,17,15,15,16,17,18,17,18,13
21,21,21,21,19,19,21,21,19,19
5.5714,6.0902,5.7697,6.597,6.4195,5.8138,11.229,7.7233,13.2,6.4777
5.5714,6.0902,5.7697,6.597,6.4195,5.8138,11.229,7.7233,13.2,6.4777
1.26,1.4918,1.4371,1.5766,1.589,1.4907,1.7693,1.7453,2.1148,1.4137
0.00016187,-0.0012841,-0.00096903,-0.0011446,-0.0027949,-0.0015431,-0.0023382,0.00012624,-0.0059205,-0.0029523
0.067206,0.077981,0.075734,0.077291,0.073734,0.075027,0.13275,0.084778,0.20504,0.083327
0.16677,0.18428,0.18593,0.17537,0.17271,0.20567,1.1229,0.19977,1.32,0.19237
-0.18238,-0.32971,-0.22977,-0.22672,-0.24503,-0.24773,-0.62085,-0.29129,-0.79764,-0.24839
-16.645,-27.211,-22.772,-17.287,-21.985,-17.55,-25.003,-27.209,-9.8471,-9.0148
0.3897,0.26281,0.30929,0.40994,0.3283,0.35404,0.39949,0.38263,0.57609,0.61669
580.79,621.01,592.73,565.36,538.6,566.78,552.24,612.27,628.35,609.43
163.46,139.03,136.65,152.62,148.88,144.5,198.22,149.39,207.62,195.22
942,894,902,844,866,904,934,918,1002,978
174,124,198,2,128,108,0,12,0,2
82.259,116.32,106.03,112.31,120.19,111.84,169.09,135.86,84.31,85.45
90320,1.5319e+05,1.3529e+05,1.4847e+05,1.2873e+05,1.4204e+05,2.9169e+05,2.0868e+05,1.2815e+05,1.2254e+05
0.14331,0.17758,0.16188,0.16136,0.16717,0.14394,0.18809,0.16488,0.10025,0.11802
270.45,465.21,424.99,377.06,383.03,438.28,560.64,507.09,430.26,369.64
