1847.9,1889.8,1926.5,1769.4,1776.2,1778.5,1818.1,1724.8,1798.6,1800.7
1096.8,1129,1188.1,1065.8,1115.7,1138.6,1085.7,1106.8,1134.8,1140.3
4340,4334,4180,3980,4000,3920,3950,3390,4022,3610
560,764,520,540,570,510,520,570,662,570
0.87097,0.82372,0.8756,0.86432,0.8575,0.8699,0.86835,0.83186,0.83541,0.84211
1919,1954,1807,1852,1929,1929,1980,1664,1935,1980
3.719,3.6252,3.3902,3.8989,3.5788,3.8735,3.4495,3.4168,3.8778,3.75
4,5,4,4,4,4,4,5,5,4
479.75,390.8,451.75,463,482.25,482.25,495,332.8,387,495
1.0025,1.0038,1.0008,1.0076,0.99614,1.0023,1.0026,0.99856,0.99782,0.99999
0.94229,0.9368,0.93046,0.94192,0.93049,0.95581,0.94295,0.96488,0.96447,0.94032
6.0478,6.259,6.2756,5.8145,6.1073,5.8751,6.0838,6.3059,5.6829,5.4673
39,39,37,37,38,34,33,31,38,31
38,38,38,33,35,34,33,33,36,32
8.7207,8.5802,8.1835,8.1835,8.3762,8.2,8.1835,8.9644,7.2173,10.7
8.7207,8.5802,8.1835,8.1835,8.3762,8.2,8.1835,8.9644,7.2173,10.7
1.6745,1.7661,1.6413,1.6162,1.743,1.8081,1.8151,1.7678,1.5976,1.8442
-0.00091339,-0.00016615,-0.0018515,-0.0012843,-0.0015023,-0.0024101,-0.002093,-0.00068391,0.00085283,0.0013285
0.096489,0.1027,0.098035,0.097746,0.10559,0.10026,0.10721,0.11323,0.099769,0.10441
0.20771,0.23556,0.27701,0.19921,0.24206,0.24835,0.19986,0.24946,0.25292,0.27931
-0.35441,-0.33564,-0.36782,-0.4812,-0.37456,-0.45222,-0.48449,-0.51824,-0.41842,-0.32952
-23.952,-18.565,-22.448,-18.689,-23.382,-22.987,-22.068,-21.489,-22.391,-21.59
0.043197,-0.092266,0.0228,0.045867,0.028563,0.0036047,-0.0088923,-0.12458,0.042162,0.047067
555.61,480.09,513.89,512.14,521.68,499.65,502.2,494.12,511.52,497.18
93.485,108.1,119.83,103.75,108.84,104.61,118.5,112.13,122.08,132.9
722,668,754,760,724,700,684,690,728,724
124,26,62,1,90,96,6,62,16,58
138.71,125.14,134.59,127.3,145.43,137.3,150.38,133.71,133.69,129.66
2.6619e+05,2.4452e+05,2.432e+05,2.3575e+05,2.8054e+05,2.6485e+05,2.9775e+05,2.2249e+05,2.5869e+05,2.5673e+05
0.26882,0.23217,0.25251,0.26799,0.26982,0.2757,0.26198,0.27456,0.26792,0.24557
434.82,447.54,445.37,439.43,515.55,485.7,472.53,436.16,409.94,451.43
