1194.4,1207.6,1316.7,1278.9,1490.3,1364.4,1495.8,1698.5
838.37,878.08,871.62,904.72,875.17,860.2,856.69,816.78
5560,4720,4560,4660,3740,3530,3650,3670
1720,1620,1500,1510,1050,1120,1030,1070
0.69065,0.65678,0.67105,0.67597,0.71925,0.68272,0.71781,0.70845
745,720,602,704,740,710,781,827
2.6799,2.88,2.408,2.8852,2.7715,2.3986,2.9251,2.7939
9,9,9,9,9,9,9,9
82.778,80,66.889,78.222,82.222,78.889,86.778,91.889
0.99582,0.99911,0.9932,0.99061,0.99412,0.99266,0.99658,0.99663
0.99858,1.0006,0.98237,1.0108,1.001,0.99485,0.99269,0.999
5.8315,5.9906,6.4463,5.7771,5.8341,5.6645,5.5073,5.4474
22,21,21,19,22,22,21,23
25,21,21,21,21,21,21,23
2.0591,2.5495,2.6,2.2672,3.1575,3.1016,2.571,3.0676
2.0591,2.5495,2.6,2.2672,3.1575,3.1016,2.571,3.0676
0.45168,0.53026,0.51739,0.50405,0.62139,0.58978,0.54404,0.61146
0.00013481,0.000477,0.00032314,0.00043257,-7.625e-05,0.00028824,-0.00046661,0.00031816
0.039183,0.040115,0.040887,0.040902,0.045616,0.0506,0.044238,0.045951
0.1118,0.12,0.13515,0.1219,0.1219,0.18601,0.1062,0.1352
-0.10514,-0.12647,-0.096205,-0.094205,-0.19122,-0.15506,-0.15323,-0.17949
-8.9238,-17.015,-11.421,-6.8339,-17.382,-15.482,-16.34,-16.183
0.092092,0.072363,0.075829,0.070292,0.11329,0.065628,0.11791,0.062397
483.31,527.68,495.12,561.3,537.6,470.69,463.91,416.42
165.42,171.71,167.44,177.59,155.56,141.81,156.33,145.66
734,842,766,826,838,784,794,730
16,64,62,76,1,48,90,6
95.07,83.989,87.513,90.551,99.938,82.66,89.053,87.935
70827,60472,52683,63748,73954,58689,69550,72722
0.34198,0.33595,0.35005,0.37111,0.3743,0.27926,0.33353,0.29708
164.33,172.99,149.38,160.92,177.62,181.19,174.68,186.59
