1065.1,1241.2,1285.7,1331.5,1304.9,1339.3,1328.5,1365,1404.2,1415.9
752.72,768.12,807.3,789.97,778.96,757.35,777.47,757.89,799.93,824.54
3254,3504,3586,3584,3196,3180,3348,3500,3190,3130
584,494,546,514,416,390,428,400,420,320
0.82053,0.85902,0.84774,0.85658,0.86984,0.87736,0.87216,0.88571,0.86834,0.89776
1347,1311,1270,1434,1178,1123,1291,1168,1011,914
2.1902,1.6387,1.4049,1.5741,1.4725,1.4233,1.5369,1.4089,1.43,1.3363
4,4,4,4,4,4,4,4,4,4
336.75,327.75,317.5,358.5,294.5,280.75,322.75,292,252.75,228.5
1.0295,1.0229,1.0179,1.0235,1.049,1.0313,1.0621,1.0505,1.0435,1.034
1.0123,1.0087,0.99148,1.0091,1.0068,0.97089,0.98338,1.0101,0.96924,0.97706
6.3015,7.1279,7.493,6.6235,6.9163,7.1521,7.5404,7.6791,8.1449,8.7234
24,23,23,24,22,20,22,23,23,23
24,25,23,25,23,25,26,27,23,24
10.492,11.231,9.64,9.3776,10.286,8.8837,12.613,12.171,11.449,10.791
10.492,11.231,9.64,9.3776,10.286,8.8837,12.613,12.171,11.449,10.791
1.8356,1.7832,1.7329,1.6859,1.7206,1.5629,2.2155,1.7793,1.8289,1.8566
-0.0019974,-0.0018605,-0.0012302,-0.0010302,-0.0016708,-0.0024829,-0.0011682,-0.0013671,-0.0017572,-0.0016655
0.069747,0.071742,0.068442,0.067334,0.072502,0.069126,0.079267,0.071704,0.06944,0.070086
0.23318,0.2088,0.23201,0.18009,0.20394,0.2,0.22671,0.30225,0.1973,0.19405
-0.23927,-0.25782,-0.31764,-0.23667,-0.20589,-0.36621,-0.27414,-0.27759,-0.24363,-0.23957
-10.462,-15.485,-6.3207,-5.1884,-10.47,-1.0093,-6.6407,-6.4046,-9.5108,-10.427
0.53475,0.44782,0.50597,0.51143,0.45222,0.48505,0.49677,0.38355,0.4022,0.26979
587.77,569.88,608.15,616,586.91,601.04,642.27,607.78,591.67,574.37
121.68,132.7,114.02,130.98,112.1,114.84,125.15,113.53,112.72,115.7
854,782,742,790,712,758,804,754,730,684
104,48,132,6,32,54,1,114,80,70
146.62,157.46,181.84,176.95,155.9,169.42,231.1,212.18,209.78,260.55
1.975e+05,2.0643e+05,2.3094e+05,2.5375e+05,1.8365e+05,1.9025e+05,2.9835e+05,2.4783e+05,2.1209e+05,2.3815e+05
0.2384,0.19683,0.20116,0.19424,0.19487,0.21472,0.27512,0.25595,0.29672,0.38093
638.38,498.36,553.51,527.7,474.48,489.16,532.99,482.64,462.37,362.1
