1405.3,1615.1,1408.9,1498,1625.4,1613.3,1510.2,1378.5,1513.4,1167.6
1030.5,1073.1,1023.6,1017.3,1011.8,1033.3,1024.4,953.94,1000.4,987.59
3110,3050,2650,2770,2420,2520,2930,2640,2870,2710
0,0,0,0,0,0,0,0,0,0
1,1,1,1,1,1,1,1,1,1
1873,1434,1644,1909,1587,1883,2144,2072,1919,1526
1.6996,1.4891,1.6573,1.7514,1.4401,1.6163,1.8579,1.8922,1.6967,1.6046
1,1,1,1,1,1,1,1,1,1
1873,1434,1644,1909,1587,1883,2144,2072,1919,1526
0.98477,0.98534,0.98374,0.9899,0.9867,0.97616,0.98812,0.97806,0.99539,0.98105
1.0827,0.96962,0.96984,0.99601,0.97206,0.98045,0.9971,0.9564,0.96065,1.0105
5.3509,5.6549,4.9638,4.7407,4.9898,5.1831,5.1187,4.8544,5.2392,5.1298
27,25,19,21,19,19,24,23,21,23
27,29,26,26,24,24,23,23,27,24
8.3762,9.3134,10.028,10.448,9.9126,10.689,12.662,10.837,11.552,9.0521
8.3762,9.3134,10.028,10.448,9.9126,10.689,12.662,10.837,11.552,9.0521
2.0229,1.8921,2.0243,2.1174,2.1679,2.3071,2.3551,2.2651,2.2548,1.8372
0.0014964,0.00085526,0.00087121,0.00044982,0.00062241,0.00070458,0.00091381,0.00027337,0.00045455,0.001209
0.088356,0.086085,0.091219,0.090426,0.09545,0.1005,0.1021,0.10081,0.095095,0.083948
0.2703,0.29228,0.25311,0.35459,0.26658,0.24024,0.39284,0.29104,0.32199,0.23537
-0.23087,-0.22479,-0.23428,-0.25726,-0.28575,-0.20127,-0.29672,-0.2209,-0.24601,-0.27287
-25.072,-32.262,-27.861,-30.562,-27.857,-33.503,-33.695,-27.553,-28.637,-27.488
0.60225,0.47016,0.62038,0.68917,0.65579,0.72897,0.72287,0.77879,0.65993,0.54982
652.26,678.62,599.41,520.4,590.84,576.21,574.34,544.35,538.66,587.92
113.41,110.81,66.574,99.66,103.38,112.36,123.47,94.619,116.58,136.73
848,862,790,724,752,760,788,708,742,828
48,310,12,134,1,100,72,100,110,142
233.85,142.24,165.03,183.85,173.67,250.64,265.02,203.47,238.94,145.61
4.38e+05,2.0397e+05,2.7132e+05,3.5096e+05,2.7562e+05,4.7196e+05,5.6821e+05,4.216e+05,4.5852e+05,2.222e+05
0.2122,0.1477,0.16637,0.16867,0.1576,0.21515,0.22966,0.18582,0.21126,0.15311
0,0,0,0,0,0,0,0,0,0
