1441.2,1499.8,1598,1610,1822.6,1971.8,1826.8,1861.6
848.55,691.7,880.34,887.55,781.66,762.09,799.63,832.94
2181,1642,1851,2051,1671,1791,2021,1721
321,452,321,531,131,261,421,101
0.85282,0.72473,0.82658,0.7411,0.9216,0.85427,0.79169,0.94131
740,525,612,484,602,566,597,500
1.678,1.256,1.1591,0.9272,1.1046,1.2864,1.0401,0.8881
3,3,3,3,2,3,4,2
246.67,175,204,161.33,301,188.67,149.25,250
1.0255,1.021,1.0167,1.015,1.0289,1.0351,1.0191,1.0206
0.99511,0.99409,0.98968,1.0102,1.0022,1.0077,0.99439,1.0097
5.06,5.3541,5.5541,6.0489,5.263,5.8116,6.6213,6.5976
14,13,12,16,12,12,13,14
19,16,17,18,15,15,18,15
9.1679,6.3159,12.88,5.5714,6.1855,6.8447,8.8006,6.1855
9.1679,6.3159,12.88,5.5714,6.1855,6.8447,8.8006,6.1855
1.684,1.4448,1.7811,1.2673,1.2987,1.4167,1.7386,1.3674
0.0034193,0.0053387,0.0076165,0.0027417,0.0036013,0.0021808,0.0046787,0.0024643
0.050434,0.064664,0.067956,0.055337,0.053263,0.058545,0.083363,0.057197
0.1444,0.26714,0.31648,0.23036,0.15518,0.19041,0.57617,0.14991
-0.14985,-0.15616,-0.2165,-0.14084,-0.13,-0.14909,-0.46951,-0.12708
-5.6595,-13.578,-16.112,-10.148,-12.844,-14.648,-15.046,-15.16
0.34225,0.51038,0.30474,0.30114,0.33184,0.36285,0.35695,0.32203
452.9,492.6,542.18,483.95,546.97,487.05,498.27,515.2
159.99,151.49,165.37,131.84,148.44,141.74,154.91,185.96
746,746,810,664,728,682,798,764
24,1,64,64,44,90,26,12
140.32,151.92,191.85,178.09,183.6,212.32,269.99,231.87
1.0384e+05,79760,1.1741e+05,86194,1.1053e+05,1.2017e+05,1.6118e+05,1.1593e+05
0.31818,0.36346,0.36336,0.34116,0.33688,0.48254,0.47037,0.41184
212.96,198.38,228.77,174.45,242.17,229.25,146.8,227.18
