1424.3,1452.2,1402.3,1575.8,1568.2,1656.3,1697.2,1758.8,1532,1615.1
687.66,660.62,644.95,697.01,674.25,696.6,692.63,799.55,790.53,708.91
5194,4892,4586,5382,4512,5522,4696,5152,4484,4480
1184,812,566,1082,662,852,876,1112,754,580
0.77204,0.83401,0.87658,0.79896,0.85328,0.84571,0.81346,0.78416,0.83185,0.87054
934,1138,980,1169,1062,1077,1143,1240,1036,1016
2.0129,1.8534,2.5587,2.8034,2.6886,2.6141,2.4956,2.2963,2.3492,2.695
10,9,5,9,7,9,10,9,8,7
93.4,126.44,196,129.89,151.71,119.67,114.3,137.78,129.5,145.14
1.0009,0.99857,1.0127,0.98996,0.99751,1.0021,0.99548,0.99709,1.0126,1.0004
1.0039,0.99951,0.99457,1.0033,0.9995,0.99281,0.99905,0.99905,0.99589,0.9922
7.4504,6.9524,7.2626,6.4192,7.1151,7.1673,6.7991,6.9682,6.9145,7.0866
42,44,47,48,42,49,44,51,44,46
49,45,45,50,46,51,44,47,40,44
5.5714,5.9203,5.6321,5.143,6.1351,5.6321,5.412,6.0166,5.3151,4.8384
5.5714,5.9203,5.6321,5.143,6.1351,5.6321,5.412,6.0166,5.3151,4.8384
1.0244,1.1397,1.0033,0.98919,1.056,1.0638,1.0619,1.168,0.99712,0.88233
-3.3329e-05,-0.00036577,0.00090194,0.00012502,-0.00031093,0.0004012,-0.00022198,-0.0003213,0.00013821,-0.00016986
0.058892,0.059076,0.061666,0.055941,0.064003,0.060416,0.063299,0.066722,0.063622,0.056474
0.19515,0.17071,0.19845,0.17428,0.18151,0.18458,0.18,0.1831,0.17,0.15787
-0.19515,-0.1833,-0.22716,-0.17636,-0.23511,-0.20526,-0.21145,-0.17537,-0.18,-0.17
-1.0818,0.087273,0.70735,-3.0815,-8.1568,-8.3573,-7.1329,-0.57876,-1.8508,-4.1141
0.22669,0.31885,0.25506,0.26792,0.26522,0.26184,0.28535,0.28018,0.23951,0.27264
703.34,781.1,804.32,816.31,791.39,803.22,804.58,817.02,763.97,806.15
184.69,195.34,173.43,197.41,178.33,168.24,158.48,165.36,164.58,176.67
990,1023,1023,1023,1023,1023,1023,1023,1023,1023
2,86,1,98,62,72,72,134,2,58
127.53,142.32,136.64,125.88,119.66,136.32,117.03,137.18,119.51,134.83
1.1911e+05,1.6196e+05,1.3391e+05,1.4715e+05,1.2708e+05,1.4682e+05,1.3377e+05,1.701e+05,1.2381e+05,1.3699e+05
0.27484,0.23179,0.35676,0.30187,0.30295,0.33088,0.25553,0.25404,0.271,0.35764
103.36,126.61,138.4,112.58,142.32,117.96,150.11,158.69,144.07,170.61
