1380.5,1405.7,1365.8,1449.6,1414,1656.5,1320.2,1257.6,1519,1432.9
1004.9,893.85,944.68,1000.1,967.79,1111,937.38,913.14,977.64,966.47
1950,2180,2140,1940,2060,2060,2110,2080,2030,2110
60,180,40,110,50,0,60,70,0,0
0.96923,0.91743,0.98131,0.9433,0.97573,1,0.97156,0.96635,1,1
1194,1317,1413,1153,1219,1388,1270,1102,1322,1163
2.2614,2.8693,2.5368,2.048,2.6616,2.3486,2.8798,2.4989,2.5326,2.1577
2,2,2,3,2,1,2,2,1,1
597,658.5,706.5,384.33,609.5,1388,635,551,1322,1163
0.97806,0.9902,0.97561,0.98246,0.98323,0.98062,0.97641,0.97324,0.97872,0.98108
0.99508,0.98644,0.99277,0.98134,0.98292,0.98959,0.96427,0.9823,0.9596,0.96147
4.1734,4.2443,3.6951,3.8483,3.9369,3.8047,3.5219,4.2383,3.515,4.2362
25,28,27,25,25,26,26,27,25,26
24,26,25,24,24,24,24,25,24,24
8.8414,10.819,8.8865,8.8414,8.1835,10.8,7.311,7.7156,8.4172,10.042
8.8414,10.819,8.8865,8.8414,8.1835,10.8,7.311,7.7156,8.4172,10.042
1.6391,2.0837,1.5357,1.7046,1.5559,2.0017,1.4792,1.5287,1.5926,1.7744
0.00077036,0.00018601,0.0012574,0.00081578,0.00056678,0.0004878,0.00060657,0.0003834,1.0992e-18,-0.00033729
0.088878,0.10269,0.086021,0.087937,0.086385,0.1253,0.077738,0.092144,0.09141,0.091209
0.20721,0.2558,0.30389,0.34378,0.25145,0.7209,0.19931,0.27019,0.46228,0.32696
-0.30765,-0.33497,-0.22945,-0.21683,-0.26033,-0.38849,-0.19369,-0.28636,-0.28308,-0.27731
-24.597,-16.349,-13.6,-16.673,-18.181,-15.462,-11.939,-16.307,-11.602,-20.05
0.40237,0.41211,0.48424,0.3979,0.43535,0.50534,0.4,0.34272,0.46256,0.39668
761.58,701.47,734.58,708.62,765.14,693,764.27,858.73,680.22,679.05
181.83,146.11,182.66,141.29,148.3,242.32,176.2,192.38,185.73,205.64
944,868,938,862,936,908,978,1023,918,918
12,58,52,28,32,0,102,186,0,0
103.77,109.63,87.584,91.678,95.148,115.6,76.956,91.388,88.474,117.85
1.239e+05,1.4438e+05,1.2376e+05,1.057e+05,1.1599e+05,1.6045e+05,97734,1.0071e+05,1.1696e+05,1.3705e+05
0.19653,0.23885,0.15724,0.16284,0.20775,0.1956,0.1745,0.20723,0.16949,0.21864
142.3,240.83,127.86,106.69,127.86,0,147.47,171.4,0,0
