1868.7,1843.9,1828.5,1856.3,1829,1667.3,1684.6,1869.1
1260.6,1094.3,1145.7,1176.9,1103.6,1167.5,1195.8,1128.3
5880,5250,5350,5220,5402,5850,5220,4930
1470,1530,1150,1010,1422,1270,980,810
0.75,0.70857,0.78505,0.80651,0.73676,0.78291,0.81226,0.8357
1786,1562,1649,1536,1388,1459,1301,1521
1.9266,1.6425,1.4155,1.4884,1.3675,1.4708,1.225,1.352
3,3,3,3,4,3,3,3
595.33,520.67,549.67,512,347,486.33,433.67,507
0.97568,0.9787,0.96773,0.97484,0.96805,0.96917,0.98162,0.97995
1.0763,1.0241,1.0247,1.0281,1.0281,1.043,1.0162,1.0289
8.1913,8.5974,8.8603,9.015,9.0037,9.5378,11.036,9.6593
33,33,34,38,34,35,36,35
38,35,33,38,35,38,36,35
15.528,19.091,16.585,15.216,16.362,13.059,14.053,14.266
15.528,19.091,16.585,15.216,16.362,13.059,14.053,14.266
2.4627,2.888,2.8158,2.5312,2.5803,2.0819,2.3773,2.5276
0.0004561,0.00086595,0.0001915,-0.00029034,0.00022557,-0.00025342,0.00038494,0.00097884
0.088835,0.11629,0.10586,0.099692,0.10406,0.080599,0.093299,0.094303
0.27586,0.56707,0.44384,0.33532,0.34112,0.23897,0.32147,0.28044
-0.41799,-0.70575,-0.51355,-0.47123,-0.78549,-0.37643,-0.44462,-0.40225
-13.459,-21.998,-20.911,-20.1,-23.587,-23.544,-23.289,-22.66
0.42948,0.41234,0.42569,0.36689,0.37092,0.36628,0.36111,0.31696
651.16,606.51,646.23,618.9,610.54,560.95,621.31,581.45
110.1,145.59,110.35,106.6,110.32,102.88,100.55,114.81
814,816,808,796,794,728,786,794
110,32,90,12,1,18,58,138
194.96,215.07,254.09,229.18,221.11,255.6,322.1,272.88
3.4819e+05,3.3593e+05,4.1899e+05,3.5201e+05,3.069e+05,3.7292e+05,4.1906e+05,4.1505e+05
0.21031,0.22615,0.2181,0.22207,0.21784,0.25766,0.3033,0.24256
842.19,651.04,746.61,694.95,418.37,721.94,633.45,600.6
