1736.5,1624.4,991.28,1263.4,1439.4,1831.9,1711.4,1577.9
686.79,692.1,1041.9,890.45,776.26,804.1,780.6,671.08
3750,3790,3860,4930,4380,3980,4380,3620
400,0,340,620,550,350,510,360
0.89333,1,0.91192,0.87424,0.87443,0.91206,0.88356,0.90055
1577,1969,1434,1445,1689,1791,1796,1669
5.1368,4.4649,3.9944,4.3656,3.9835,4.1172,4.7639,4.1621
3,1,3,3,3,3,3,3
525.67,1969,478,481.67,563,597,598.67,556.33
0.99805,0.9931,0.99005,0.99212,1.0007,0.9847,1.005,0.99061
1.0041,1.0785,0.95896,1.0425,1.0307,0.95609,1.0645,0.99998
4.2869,4.2774,4.5304,4.9771,4.652,4.5772,4.9443,4.6953
31,34,38,39,36,35,37,33
31,34,36,38,33,33,35,31
5.8523,13.96,5.4562,4.6098,5.3907,6.162,5.3907,5.8412
5.8523,13.96,5.4562,4.6098,5.3907,6.162,5.3907,5.8412
1.1896,1.5004,1.0607,0.87565,1.0967,1.2564,1.1949,1.2747
0.000777,-9.1437e-06,0.00056718,-0.00013354,8.6587e-06,0.00066634,0.00067328,0.0010435
0.060096,0.13836,0.06278,0.051346,0.055185,0.062434,0.060101,0.061693
0.17759,1.396,0.41,0.18707,0.15463,0.16277,0.19979,0.19977
-0.21488,-0.91896,-0.2328,-0.19416,-0.17396,-0.19423,-0.19166,-0.15
-16.854,-14.44,-17.28,-22.133,-21.231,-20.394,-23.446,-20.195
0.33384,0.43879,0.37006,0.24557,0.35174,0.32163,0.30894,0.38926
365.4,304.96,378.32,446.16,427.4,426.72,508.75,383.01
113.95,173.06,111.93,139.71,121.54,109.89,132.96,92.833
524,568,570,670,618,588,684,558
58,0,0,52,48,108,84,90
89.25,93.149,83.851,86.432,97.915,109.39,106.34,97.432
1.4075e+05,1.8341e+05,1.2024e+05,1.2489e+05,1.6538e+05,1.9592e+05,1.9099e+05,1.6261e+05
0.29072,0.21122,0.23357,0.26113,0.23093,0.25148,0.28207,0.24297
204.36,0,186.52,298.63,358.09,260.67,275.13,273.4
