705.23,782.77,1336.7,1893.8,1842.9,1968.6,1802.9,1989.5,864.48,907.35
281.74,467.96,816.66,836.01,900.21,870.77,874.71,901.04,472.13,582.47
1590,1600,1520,1490,1500,1450,1500,1480,2130,1530
0,0,0,0,0,0,0,0,0,0
1,1,1,1,1,1,1,1,1,1
1133,1250,1276,1194,1071,1179,985,1051,1173,1235
2.7975,2.7293,2.823,2.9409,2.1463,2.1167,2.0693,1.8701,2.2955,2.0279
1,1,1,1,1,1,1,1,1,1
1133,1250,1276,1194,1071,1179,985,1051,1173,1235
1.0345,1.0115,1.0231,1.0156,1.0136,1.0081,1.0137,1.0318,0.98234,1.0138
0.98173,1.0114,0.95191,0.97685,0.97515,0.97936,0.98215,0.98354,1.1014,0.97582
3.9029,3.8669,3.9272,3.8857,4.2579,4.136,4.2969,4.5512,4.2339,3.869
12,12,12,10,10,10,8,10,15,10
12,14,13,14,10,14,15,15,16,13
13.762,18.065,23.654,14.106,13.599,13.599,12.439,13.777,15.212,14.501
13.762,18.065,23.654,14.106,13.599,13.599,12.439,13.777,15.212,14.501
2.8692,3.5258,3.5293,3.2546,2.9353,3.0071,2.7608,2.9792,3.141,3.1273
0.00049432,0.00031447,0.00077231,0.00081081,0.00052418,0.0011806,0.00012149,0.00065446,0.00023585,-1.2554e-18
0.095154,0.2431,0.31125,0.10561,0.097162,0.098925,0.095033,0.10238,0.13775,0.10471
0.28632,1.8065,2.3654,0.29049,0.2816,0.2478,0.27643,0.24172,1.1449,0.26479
-0.30776,-1.2308,-1.6256,-0.30767,-0.2858,-0.24645,-0.30079,-0.30221,-0.67543,-0.3003
-15.962,-15.393,-14.411,-11.76,-15.48,-20.04,-11.662,-20.116,-14.05,-19.846
0.36604,0.3925,0.34276,0.47584,0.34,0.42897,0.282,0.34122,0.28028,0.43399
728.96,567.64,570.71,678.87,649.17,628.29,633.5,667.4,575.88,639.35
80.051,179.36,166.91,79.117,92.452,129.51,88.323,76.952,158.34,170.61
906,820,734,764,788,790,770,784,770,788
272,0,0,144,206,80,256,314,0,0
67.662,61.55,67.67,65.976,99.898,99.654,73.765,110.72,87.639,81.528
76661,76938,86347,78776,1.0699e+05,1.1749e+05,72659,1.1637e+05,1.028e+05,1.0069e+05
0.16707,0.13439,0.14971,0.1625,0.2002,0.17891,0.15497,0.19701,0.17151,0.13387
0,0,0,0,0,0,0,0,0,0
