1021.3,886.68,1031.9,703.4,733.16,866.45,798.6,769.7,761.03,968.14
970.52,1022.6,1019.4,1067.6,1134.5,1048,1115.6,852.92,812.53,754.85
2890,2560,2570,2410,2400,2410,2340,2560,2400,2960
0,0,0,0,0,0,0,0,0,0
1,1,1,1,1,1,1,1,1,1
2108,1878,2291,1913,1827,1995,2041,2174,2138,2082
1.6743,1.7135,1.8551,1.7096,1.8215,1.7639,1.9777,2.0055,2.0037,2.0883
1,1,1,1,1,1,1,1,1,1
2108,1878,2291,1913,1827,1995,2041,2174,2138,2082
0.99552,1.0066,1.0119,1.0062,0.99715,0.99184,1.0085,1.0087,1.0152,1.0546
1.0306,0.98761,0.98081,0.9946,1.007,0.99632,1.0476,1.0321,1.0266,1.0401
6.147,6.4208,6.6785,6.4321,6.5314,6.8134,6.1471,5.8227,6.2115,6.4302
15,17,17,17,17,17,17,16,17,19
17,17,16,17,18,17,16,16,18,20
15.081,15.687,19.602,15.687,14.783,16.634,16.831,16.362,17.301,16.006
15.081,15.687,19.602,15.687,14.783,16.634,16.831,16.362,17.301,16.006
2.8867,3.047,3.715,3.1711,3.0303,3.4236,3.3382,3.1819,3.3345,3.1768
6.2856e-05,0.00022903,-3.9063e-05,2.0528e-18,-3.6321e-05,0.00021481,0.00021459,-0.00022204,0.00058703,0.0024013
0.086251,0.098881,0.19558,0.10575,0.1069,0.11953,0.11697,0.10375,0.1162,0.10209
0.26007,0.31659,1.6488,0.25798,0.26722,0.26828,0.26948,0.25294,0.26677,0.58523
-0.27384,-0.31355,-0.83755,-0.25152,-0.27443,-0.34599,-0.34347,-0.30392,-0.30358,-0.34399
-32.369,-31.524,-31.979,-36.466,-36.633,-35.119,-36.968,-35.628,-34.377,-33.941
0.51038,0.56992,0.73268,0.63112,0.59292,0.66473,0.75897,0.74336,0.75708,0.49797
713.59,672.03,664.27,628.45,642.5,645.14,593.97,681.42,736.74,648.79
99.562,93.872,85.502,74.152,93.251,76.114,97.878,73.625,75.773,216.2
942,826,820,728,820,758,758,804,878,820
104,76,284,282,218,296,260,328,404,0
324.46,336.37,434.5,315.46,304.66,330.35,254.52,258.34,280.79,268.36
6.8397e+05,6.3169e+05,9.9543e+05,6.0348e+05,5.5662e+05,6.5905e+05,5.1948e+05,5.6163e+05,6.0033e+05,5.5872e+05
0.25771,0.3069,0.35182,0.28191,0.30375,0.29209,0.24663,0.23832,0.26316,0.26917
0,0,0,0,0,0,0,0,0,0
