972.15,1030.1,921.88,1039.8,1050.7,1143.4,1094.5,1038.5,1208.1,1054.6
1381.6,1187.4,1414.5,1436.2,1542.9,1671.9,1386.2,1384.1,1277.9,1163.8
2070,2638,3160,2120,2670,2470,3150,2700,1750,2710
100,538,760,130,500,390,750,400,110,420
0.95169,0.79606,0.75949,0.93868,0.81273,0.84211,0.7619,0.85185,0.93714,0.84502
1439,1158,1219,1005,1030,979,1010,1132,985,1199
2.2555,1.8009,1.8276,1.5344,1.377,1.3731,1.31,1.538,1.4401,1.4784
2,4,7,2,4,3,7,4,2,4
719.5,289.5,174.14,502.5,257.5,326.33,144.29,283,492.5,299.75
1.0279,1.0188,1.0281,1.0202,1.0212,1.017,1.0314,1.0227,1.0269,1.0363
1.0261,0.94485,0.91075,0.9889,0.97427,0.96755,0.94394,0.96759,1.0196,0.95297
4.233,6.1931,6.1124,5.9483,7.2083,6.7132,8.1933,6.2649,6.076,6.7768
11,18,22,17,22,15,23,16,11,17
22,22,25,20,24,22,27,24,19,23
10.993,11.687,11.189,10.568,12.872,11.538,12.171,12.732,10.481,11.302
10.993,11.687,11.189,10.568,12.872,11.538,12.171,12.732,10.481,11.302
2.2155,2.2856,2.1794,2.1932,2.3794,2.2618,2.3404,2.3138,2.4755,2.3692
0.0012219,-0.00040495,-0.0015656,0.0014935,0.00034537,-0.00050701,-0.00093186,-0.00049533,-6.6341e-05,-0.0018872
0.093991,0.097165,0.083128,0.10347,0.16329,0.08934,0.096027,0.090493,0.12147,0.093635
0.19665,0.30332,0.24428,0.24355,1.2872,0.23428,0.24,0.23099,0.29698,0.23537
-0.3653,-0.37822,-0.24786,-0.30321,-0.7,-0.24,-0.26559,-0.27843,-0.37947,-0.24973
-8.8087,-13.081,-0.47721,-12.663,-14.687,-4.8756,-8.4626,-2.7065,-19.159,-12.434
0.87121,0.60293,0.57148,0.62592,0.4831,0.595,0.46272,0.54933,0.81901,0.5879
665.83,572.79,661.69,710.18,661.08,662.47,674.6,690.98,611.86,635.68
156.18,135.77,142.35,131.86,175.56,132.08,144.71,138.33,115.51,133.28
932,944,918,976,1002,946,970,994,742,948
58,52,42,210,0,114,56,100,0,192
66.067,82.885,88.042,102.4,140.15,140.29,129.71,104.38,80.739,117
95070,95980,1.0732e+05,1.0291e+05,1.4436e+05,1.3734e+05,1.3101e+05,1.1816e+05,79528,1.4029e+05
0.10355,0.1289,0.132,0.15633,0.18737,0.19676,0.16824,0.14182,0.11804,0.14427
465.3,417.49,255.19,308.81,332.11,386.52,241.97,309.92,440.96,396.71
