547.32,1297.7,1079.6,1505.7,1462,1603.3,1624.8,1391.8,1595.5,1528.7
553.11,743.4,599.25,710.27,801.56,858.15,913.61,898.25,971.41,875.98
1692,1332,1692,1712,1622,1602,1592,1482,1513,1512
372,272,342,302,262,322,382,262,303,412
0.78014,0.7958,0.79787,0.8236,0.83847,0.799,0.76005,0.82321,0.79974,0.72751
368,368,403,352,419,398,408,495,454,408
2.1149,1.9892,2.2389,1.6,1.806,2.0203,1.9522,2.25,2.0636,2.0711
3,3,3,3,3,3,3,3,3,3
122.67,122.67,134.33,117.33,139.67,132.67,136,165,151.33,136
0.96719,0.98206,0.97862,0.98078,0.98238,0.99121,0.99509,0.98924,0.98703,0.98289
1.052,1.0082,0.99759,1.0175,1.003,1.0137,1.0116,1.013,1.0026,1.0115
4.4414,4.3459,4.6509,5.4022,4.6398,4.8543,4.9055,4.113,4.5716,4.7329
5,6,6,5,8,4,6,5,5,7
14,12,13,14,14,13,14,13,12,13
5.2393,5.707,5.8052,4.5398,5.8822,5.8523,6.3063,7.4632,5.8822,7.1169
5.2393,5.707,5.8052,4.5398,5.8822,5.8523,6.3063,7.4632,5.8822,7.1169
1.1491,1.2674,1.2538,0.99897,1.3375,1.2769,1.3514,1.5644,1.3718,1.4947
9.6313e-05,-0.00014114,0.0014534,2.9634e-05,0.0018918,0.0015472,0.0015922,0.0027684,-0.0008436,0.00025043
0.05376,0.056057,0.052778,0.053688,0.063324,0.059969,0.057219,0.065617,0.05979,0.067926
0.1701,0.16155,0.16,0.1253,0.2084,0.16762,0.1464,0.21,0.17947,0.19499
-0.16497,-0.16297,-0.15881,-0.14753,-0.16587,-0.20561,-0.15676,-0.18231,-0.18,-0.15785
8.9481,3.549,14.139,4.7357,8.102,9.8402,6.7382,4.7379,4.429,8.0974
0.18933,0.17844,0.15632,0.1495,0.12235,0.16431,0.17346,0.12581,0.15884,0.28385
319.16,373.77,272.81,265.73,269.53,295.58,301.41,278.14,352.63,369.19
98.237,106.61,95.886,106.25,117.22,147.15,132.95,118.15,162.59,112.75
558,500,452,430,456,536,562,486,574,528
52,1,1,1,1,1,1,1,2,1
33.688,41.294,42.845,55.542,54.121,44.125,65.124,51.42,47.313,36.337
12397,15196,17267,19551,22677,17562,26571,25453,21480,14825
0.19361,0.22321,0.23803,0.25246,0.23328,0.22399,0.3116,0.23373,0.21506,0.18445
153.73,150.54,127.82,121.36,106.9,123.96,136.15,103.08,119.84,190.57
