1665.7,1417.7,1406,1516.4,1470.4,1314,1423.1,1484,1610.6,1559.2
780.7,795.88,697.77,750.57,800.03,851.6,838.12,803.65,797.18,794.33
4209,3342,3366,3124,3297,3402,3052,3410,3264,3328
1049,712,556,564,787,982,622,840,904,818
0.75077,0.78695,0.83482,0.81946,0.7613,0.71135,0.7962,0.75367,0.72304,0.75421
2633,2537,2490,2730,2526,2720,2588,2531,2791,2715
1.8848,1.6959,1.7597,1.9956,1.8465,1.9796,1.7922,1.8583,1.9724,1.7803
6,4,3,3,5,7,3,5,7,5
438.83,634.25,830,910,505.2,388.57,862.67,506.2,398.71,543
1.0001,0.98925,0.97852,0.99514,0.99009,1.0102,0.99152,0.99247,0.97948,0.9923
1.1476,1.1936,1.187,1.2098,1.2204,1.2684,1.2263,1.2773,1.2379,1.2316
5.2803,5.1286,5.0636,4.6007,5.0498,4.9328,4.7221,5.1311,4.98,5.8692
22,16,16,16,19,20,16,16,18,16
25,17,17,17,20,22,14,21,22,20
25.739,24.062,25.67,25.405,23.837,21.723,21.336,22.511,26.156,25.408
25.739,24.062,25.67,25.405,23.837,21.723,21.336,22.511,26.156,25.408
3.465,3.7738,3.6037,3.519,3.4243,2.4988,3.2276,3.3883,3.8477,4.0033
-0.0021521,-0.00037823,0.00050829,-0.0010832,-0.0012365,-0.0032884,-0.0021766,-0.00143,0.001298,-0.0016035
0.11222,0.17673,0.1156,0.11211,0.11739,0.12636,0.11215,0.13403,0.1488,0.13177
0.54454,1.4714,0.50425,0.50476,0.40756,0.8322,0.46553,1.2104,1.2204,0.70371
-0.6091,-0.57641,-0.54394,-0.48846,-0.65186,-0.69676,-0.40031,-0.47943,-0.53315,-0.52029
-3.82,-4.897,-5.2118,-9.2118,-1.4679,1.7427,-6.09,-5.5152,-1.3605,-6.2967
1.232,1.2978,1.2499,1.5735,1.4393,1.2453,1.4865,1.4272,1.6239,1.2844
622.14,519.1,559.89,536.32,491.27,470.27,524.59,446.66,515.91,525.31
140.45,129.41,103.54,130.63,130.29,144.84,95.762,112.43,137.16,105.52
1023,1023,866,1023,866,796,852,868,958,908
18,1,148,92,92,48,216,100,1,54
268.18,221.1,269.86,282.32,291.3,171.3,280.08,277.73,289.77,374.34
7.0612e+05,5.6093e+05,6.7195e+05,7.7074e+05,7.3581e+05,4.6593e+05,7.2484e+05,7.0293e+05,8.0876e+05,1.0163e+06
0.19197,0.14779,0.19071,0.20638,0.21294,0.12467,0.19396,0.20391,0.20479,0.24547
693.04,752.55,1029.4,1282.8,722.4,773.33,1108.3,743.29,594.47,926.98
