1071.9,1130.5,1274.3,1220.1,1169.1,1239.9,1076.7,1208.8,1312.7,1339.5
935.37,962.01,961.64,905.29,937.64,853.67,887.1,881.79,872.72,896.09
2120,2190,2076,2204,1950,2412,2410,2380,2564,2424
220,330,286,304,190,332,300,260,554,324
0.89623,0.84932,0.86224,0.86207,0.90256,0.86235,0.87552,0.89076,0.78393,0.86634
1097,1327,1215,1336,1215,1255,1087,1174,1169,1076
1.9313,2.1369,2.2542,2.4787,2.6185,2.577,2.2552,2.6989,2.4559,2.4399
2,3,2,2,2,2,2,2,2,2
548.5,442.33,607.5,668,607.5,627.5,543.5,587,584.5,538
0.97982,0.97051,0.98785,0.97372,0.99127,0.99884,0.98782,0.99604,0.97828,0.99887
0.99066,1.0073,0.96569,0.94812,0.96832,0.94692,0.95262,0.95974,0.96805,0.97151
3.9905,3.6519,3.3089,3.3563,3.4481,3.5991,3.7581,3.5007,3.3414,3.7779
17,19,18,16,18,21,19,22,20,19
17,17,17,17,15,17,17,17,17,16
5.8138,6.871,5.9908,6.4195,5.4406,6.3159,5.608,5.3235,5.9034,5.412
5.8138,6.871,5.9908,6.4195,5.4406,6.3159,5.608,5.3235,5.9034,5.412
1.2342,1.3857,1.2596,1.3212,1.06,1.2015,0.99335,1.0135,1.0372,1.0492
0.0012474,0.0026717,0.0015929,0.0036449,0.0031396,0.0020116,0.0017914,0.0015734,0.0025065,0.0018713
0.063361,0.066066,0.063598,0.06435,0.059817,0.062458,0.053382,0.059059,0.053583,0.054243
0.15396,0.19391,0.16428,0.17856,0.24978,0.20518,0.13723,0.13917,0.15613,0.13
-0.2,-0.13636,-0.15576,-0.14637,-0.17063,-0.13121,-0.14752,-0.1565,-0.14502,-0.1408
-21.508,-18.951,-16.726,-16.665,-15.635,-15.822,-14.74,-10.675,-14.305,-17.918
0.37339,0.42125,0.5294,0.52352,0.51615,0.40714,0.38231,0.44319,0.41961,0.3637
506.81,505.49,494.85,561.27,502.03,529.34,496.58,573.83,529.33,548.34
102.24,126.97,137.81,100.61,119,99.282,103.62,96.304,96.275,81.227
618,734,670,740,624,658,650,662,644,666
62,114,124,238,56,90,52,216,100,180
107.54,104.42,56.558,71.909,61.136,69.285,54.725,55.225,50.366,44.948
1.1797e+05,1.3856e+05,68718,96071,74280,86953,59487,64834,58877,48365
0.18932,0.16814,0.10493,0.13341,0.13176,0.14227,0.11354,0.12695,0.10581,0.10192
319.46,288.93,318.6,383.02,324.92,331.84,299.46,253.69,348.38,286.79
