1431.7,1368.7,1373.7,1387.6,1354.2,1337.2,1390.2,1441.9,1399.1,1422.1
942.67,985.88,1060.3,1001.5,1016.2,1011,944.72,956.56,991.39,962.81
2410,2510,2710,2700,2690,2670,2630,2650,2670,2710
360,330,350,360,350,370,420,280,310,350
0.85062,0.86853,0.87085,0.86667,0.86989,0.86142,0.8403,0.89434,0.8839,0.87085
1480,1643,1444,1551,1454,1378,1306,1531,1577,1791
2.2024,2.5552,1.8876,2.1907,1.9891,1.9033,1.8014,2.1293,2.0915,2.5513
2,2,2,2,2,2,3,2,2,2
740,821.5,722,775.5,727,689,435.33,765.5,788.5,895.5
1.0309,1.0313,1.0271,1.0327,1.0281,1.0361,1.0379,1.0361,1.0386,1.0426
1.0043,1.0266,0.99462,0.98017,1.0027,0.9816,1.006,0.98847,0.977,1.0019
5.0584,4.6307,5.3484,5.6949,5.6886,5.3336,5.7159,5.4428,5.4504,4.5045
18,20,22,22,20,20,20,22,20,20
20,20,21,22,22,21,21,22,22,20
15.347,14.35,13.904,14.401,15.472,13.497,13.904,14.251,15.406,11.264
15.347,14.35,13.904,14.401,15.472,13.497,13.904,14.251,15.406,11.264
3.069,2.8553,2.7026,2.8922,2.8666,2.5982,2.5391,2.7217,2.825,2.5004
0.0020672,0.0065623,0.0039116,0.0043932,0.0057743,0.0034613,0.0049109,0.0030918,0.0046987,0.0048241
0.17204,0.18391,0.13773,0.15468,0.17671,0.13574,0.13291,0.083779,0.13194,0.12181
1.1898,1.3025,1.1566,1.2304,1.303,1.2304,0.96675,0.25176,1.0085,0.94154
-0.68774,-0.72448,-0.58669,-0.576,-0.64863,-0.65054,-0.58926,-0.30552,-0.61898,-0.53843
-20.022,-27.604,-28.471,-27.82,-28.263,-28.655,-29.93,-27.923,-27.522,-25.534
1.0939,1.0534,0.84693,0.99481,0.91487,0.89736,0.86211,0.96342,1.001,1.0904
583.19,578.95,579.63,559.86,539.02,570.53,611.89,620.72,628.74,609.34
125.37,133.86,120.1,123.22,122.38,103.86,108.91,116.39,123.25,108.3
754,758,730,778,730,760,776,788,794,770
170,0,22,100,106,282,116,64,70,90
142.26,121.9,143.96,179.24,152.01,161.1,156.86,179.88,158.18,110.77
2.1055e+05,2.0028e+05,2.0788e+05,2.7801e+05,2.2102e+05,2.2199e+05,2.0486e+05,2.754e+05,2.4945e+05,1.9838e+05
0.2117,0.18958,0.18819,0.25317,0.20795,0.22251,0.21636,0.25019,0.20979,0.15779
1009.1,892.1,853.64,1066.3,879.77,957.53,451.1,976.41,1004.6,850
