1726.5,1784.6,1919.2,1804.5,1809.2,1686.8,2052.5,1814.9
477.09,1103.8,1221,1514.5,1554.2,1481,1475.6,1408.3
2740,2700,2570,2410,2540,2500,2460,2580
390,360,300,300,310,330,390,440
0.85766,0.86667,0.88327,0.87552,0.87795,0.868,0.84146,0.82946
1745,1934,1954,1781,1689,1684,1577,1414
2.3518,1.7376,1.6135,1.409,1.2776,1.252,1.1929,1.2075
4,5,4,4,4,4,5,5
436.25,386.8,488.5,445.25,422.25,421,315.4,282.8
1.0231,1.0139,1.0218,1.0155,1.0299,1.0279,1.0264,1.0285
0.99097,1.0377,1.0011,1.0138,1,1.0137,0.99245,0.99012
4.0138,4.4336,4.3092,4.6818,5.0313,4.6995,5.2732,5.5025
14,18,13,15,15,15,14,18
23,18,21,21,20,18,21,21
7.0178,16.3,9.3134,11.045,11.011,10.412,10.607,11.643
7.0178,16.3,9.3134,11.045,11.011,10.412,10.607,11.643
1.4493,2.1222,2.0584,2.3238,2.2944,2.3053,2.4958,2.2455
-0.0012549,-0.0011852,-0.00062715,-0.00012836,-0.00071899,-0.00068947,-0.002211,-0.0015318
0.07097,0.19386,0.090928,0.099978,0.094586,0.093806,0.1063,0.089879
0.18,1.63,0.23,0.29856,0.2839,0.23401,0.2687,0.29945
-0.24059,-0.98223,-0.40795,-0.3557,-0.4504,-0.44521,-0.6107,-0.30517
-6.6175,-13.713,-5.1775,-10.178,-4.5,-12.461,-4.7329,-7.6765
0.66717,0.7052,0.70844,0.67985,0.61265,0.61885,0.64739,0.56241
478.69,381.46,487.39,504.56,472.75,451.33,450.58,432.91
118.31,147.95,108.63,111.7,107.01,101.88,116.71,108.27
644,624,662,682,632,592,668,650
200,0,38,90,1,96,54,114
56.228,85.15,73.134,109.81,77.025,130.99,99.662,107.32
98118,1.6468e+05,1.429e+05,1.9556e+05,1.3009e+05,2.2058e+05,1.5717e+05,1.5175e+05
0.075779,0.076505,0.060392,0.086872,0.058264,0.097389,0.075387,0.091648
335.73,309.61,354.97,358.58,389.5,361.71,379.85,340.04
