980.53,1078.9,1152.2,948.2,1007.6,971.17,1089,1048.4,1107,1146.3
733.55,736.24,688.76,684.69,696.32,764.25,710.8,747.9,733.03,735.51
6049,7572,6770,6590,6270,6400,5740,7030,5870,5970
2159,2952,2340,1870,1740,2250,1750,2690,1760,1570
0.64308,0.61014,0.65436,0.71624,0.72249,0.64844,0.69512,0.61735,0.70017,0.73702
1148,1067,959,1025,944,913,954,1015,817,750
2.0211,1.9759,1.9896,2.1579,2.1119,1.9934,2.1931,2.1596,1.9314,1.773
4,4,4,4,4,4,4,4,4,4
287,266.75,239.75,256.25,236,228.25,238.5,253.75,204.25,187.5
0.99919,0.98151,0.98673,0.98324,0.9932,0.98991,0.97905,0.98302,0.98955,0.98521
0.99197,1.0071,1.0063,0.96484,0.99373,0.99131,0.99159,1.0155,1.0005,1.0003
7.4651,7.6837,7.5196,7.1879,7.3566,7.4941,6.8862,7.328,7.5961,8.4382
22,23,21,23,21,21,21,21,23,22
18,18,18,18,18,18,18,18,18,18
6.8819,5.8523,4.4385,4.9406,4.9041,5.2173,4.7539,4.639,4.639,4.639
6.8819,5.8523,4.4385,4.9406,4.9041,5.2173,4.7539,4.639,4.639,4.639
1.55,1.1451,0.99884,0.96182,1.0041,1.0583,0.96111,0.99567,0.95937,0.94816
0.00021825,0.00050481,0.00035784,0.00010097,0.00064562,0.00095873,-0.00018564,-0.0004186,0.00081173,0.00083899
0.05098,0.044264,0.04252,0.040555,0.040801,0.043962,0.047017,0.044489,0.041155,0.043415
0.15573,0.19013,0.22652,0.1248,0.12088,0.12237,0.15465,0.11575,0.1253,0.13
-0.17192,-0.16,-0.1184,-0.1118,-0.1319,-0.1118,-0.12083,-0.16476,-0.12083,-0.12083
-12.195,-7.9258,-4.988,-4.5223,-5.5417,-1.8591,-7.9078,-10.449,-8.693,-4.8428
0.31039,0.23265,0.19479,0.20733,0.21118,0.20201,0.28868,0.2377,0.18256,0.18614
304.16,265.64,216.2,235.13,259.51,255.52,293.82,351.28,315.65,305.2
79.764,102.38,65.61,63.639,83.167,76.969,77.937,69.593,92.532,83.828
498,422,314,346,416,350,410,468,520,446
56,1,6,1,26,1,6,1,46,26
289.41,243.81,226.96,220.18,209.67,214.1,196.59,208.03,205.2,212.32
3.3225e+05,2.6014e+05,2.1766e+05,2.2569e+05,1.9793e+05,1.9547e+05,1.8755e+05,2.1115e+05,1.6765e+05,1.5924e+05
0.50953,0.4515,0.47088,0.46354,0.46905,0.46746,0.45193,0.44261,0.4851,0.50195
472.76,470.94,499.92,473.15,506.46,451.52,451.92,496.93,393.78,409.16
