2527.3,2533.2,2540.4,2550.6,2551.5,2562.7,2545.6,2552,2592.2,2568.6
1978.8,1903.1,1829.9,1845.9,1882.4,1816.8,1843.9,1821,1798.6,1853.4
9261,8732,11266,9640,10273,9619,8447,10138,8270,8194
2311,2592,3136,2260,3333,2229,1487,2568,1560,1624
0.75046,0.70316,0.72164,0.76556,0.67556,0.76827,0.82396,0.7467,0.81137,0.80181
995,893,1036,842,995,857,898,914,1025,836
0.60012,0.58789,0.58597,0.54183,0.66511,0.56197,0.53966,0.55495,0.6033,0.52612
3,4,5,4,4,4,4,4,4,4
331.67,223.25,207.2,210.5,248.75,214.25,224.5,228.5,256.25,209
1.0059,1.0006,0.99601,0.99769,0.99364,0.98653,0.9899,0.981,0.98519,0.97873
0.99526,1,0.9944,0.99522,0.99523,0.99616,0.9971,0.99654,0.99708,0.99763
10.37,10.271,9.9519,11.784,9.1992,10.896,10.957,10.331,9.0783,10.743
24,28,27,29,23,26,23,23,23,27
26,23,24,23,21,23,27,28,23,24
7.6792,9.5718,6.3246,7.0711,8.4172,5.2953,5.412,4.7297,6.9,8.1615
7.6792,9.5718,6.3246,7.0711,8.4172,5.2953,5.412,4.7297,6.9,8.1615
1.3561,1.321,1.0052,1.0842,1.0862,0.90471,0.95052,0.90377,1.0699,1.0012
0.0011713,0.0017799,0.00052843,0.00045716,0.00040436,0.00044382,0.0004106,0.00057613,0.00074166,0.00040278
0.046285,0.048167,0.045598,0.045052,0.045505,0.044749,0.044093,0.040895,0.047911,0.046584
0.12195,0.16076,0.20616,0.1562,0.21435,0.1352,0.12956,0.13,0.18634,0.13401
-0.1776,-0.12999,-0.18304,-0.18506,-0.17386,-0.13515,-0.12,-0.12428,-0.18355,-0.17631
-12.134,-8.1986,-9.0336,-17.377,-12.763,-9.9528,-15.235,-12.823,-15.248,-16.85
0.13905,0.12259,0.10617,0.077498,0.11222,0.087719,0.090552,0.095515,0.11265,0.090169
660.02,567.76,605.4,597.58,518.36,586.78,604.35,600.59,598.75,570.42
154.92,118.3,118.4,103.84,130.76,127.01,99.605,121.87,97.197,102.8
808,772,876,768,740,816,720,772,704,666
1,116,1,84,1,22,2,48,24,26
402.78,418.11,394.53,410.61,331.92,443.63,450.32,423.6,354.15,430.66
4.0076e+05,3.7338e+05,4.0874e+05,3.4573e+05,3.3026e+05,3.8019e+05,4.0439e+05,3.8717e+05,3.6301e+05,3.6003e+05
0.24293,0.27526,0.22315,0.26423,0.22187,0.2909,0.27062,0.2572,0.20845,0.27102
105.6,118.13,146.73,212.09,138.94,142.83,160.79,133.06,136.07,144.04
