1464.5,1133.7,1654.6,1197.5,1182.7,1113,1048.2,1208.6,955.02,953.94
1494.7,661.04,1856.3,778.39,763.83,750.2,862.89,752.1,955.23,933.74
2760,1030,900,940,890,940,890,880,900,870
0,0,0,0,0,0,0,0,0,0
1,1,1,1,1,1,1,1,1,1
715,1210,1363,1174,1138,1322,1016,1143,928,853
2.7395,3.2095,1.7655,3.6803,2.8883,3.0816,3.0695,2.6643,2.9091,2.3306
1,1,1,1,1,1,1,1,1,1
715,1210,1363,1174,1138,1322,1016,1143,928,853
0.9929,0.98964,0.98416,0.98633,0.97364,0.96508,0.98418,0.98127,0.98735,0.98099
1.0236,1.0024,1.0839,1.0341,1.0075,1.0297,1.0127,1.0183,1.0338,1.0016
2.4484,2.2871,3.5972,2.1199,2.4513,2.3241,2.4438,2.4757,2.3047,2.6839
4,4,7,5,4,5,5,4,5,7
6,6,7,7,6,6,7,7,7,7
2.0881,8.7207,14.835,8.2873,9.3744,10.358,8.8645,9.2195,7.6942,7.7233
2.0881,8.7207,14.835,8.2873,9.3744,10.358,8.8645,9.2195,7.6942,7.7233
0.3667,2.0917,3.7548,2.1924,2.2116,2.558,2.0549,2.2754,1.8653,1.8645
-0.0004,0.0004902,0.002879,-2.7979e-18,-0.00068182,0.00010753,0.00068182,0.0002517,0.0011236,0.0017442
0.036364,0.06013,0.19875,0.058699,0.065391,0.069522,0.062153,0.073572,0.059062,0.066922
0.084853,0.12428,0.47294,0.15253,0.15929,0.2,0.13853,0.21,0.15021,0.18355
-0.084853,-0.14563,-0.54675,-0.16304,-0.12648,-0.19883,-0.16714,-0.16575,-0.16,-0.13133
-0.41945,12.605,-12.471,10.132,4.0134,7.0552,6.722,4.2736,7.136,0.46093
0.25906,1.1748,1.44,1.2319,1.1292,1.3404,1.0258,1.2818,0.98111,0.93793
233.46,674.27,776.97,705.54,763.36,676.02,778.11,746.09,751.25,787
66.596,126.19,119.35,127.95,123.21,147.65,141.11,135.13,135.31,159.06
344,792,994,816,872,840,892,848,904,932
36,70,328,188,152,102,114,214,76,26
20.208,60.433,131.41,42.582,57.871,63.7,49.273,65.097,40.96,58.737
14449,73123,1.7911e+05,49992,65857,84212,50061,74406,38011,50103
0.077426,0.1603,0.17022,0.13349,0.14688,0.14849,0.14886,0.15174,0.1284,0.16048
0,0,0,0,0,0,0,0,0,0
