1539.9,1575.9,1256.7,1253.1,1608.3,1355,1258.6,1221.2,1045,937.05
639.3,1378.8,1110.3,1166.8,1236.6,1303.4,899.27,898.65,827.88,766.79
2620,5490,9696,8081,3375,3976,3239,3458,2864,2547
440,3280,6676,5671,1295,1806,1439,1488,1304,1067
0.83206,0.40255,0.31147,0.29823,0.6163,0.54577,0.55573,0.56969,0.54469,0.58108
1062,1863,1383,1603,1174,1367,1556,1343,1296,1301
4.069,3.0048,1.8765,1.3096,7.4777,3.735,4.631,5.7888,6.75,5.204
6,5,11,7,6,6,6,6,6,6
177,372.6,125.73,229,195.67,227.83,259.33,223.83,216,216.83
0.97885,0.99768,0.98299,1.0061,0.99222,0.98202,0.97603,0.98365,0.99409,0.9706
0.97496,1.0007,0.99731,1.0584,1.0001,1.0165,1.0043,1.0143,1.0371,1.0144
3.1349,3.7456,6.0796,5.7421,2.3136,2.5251,2.2531,2.2703,2.1715,1.9801
20,20,23,21,11,15,10,8,10,7
24,21,34,22,19,19,19,20,19,17
4.0249,8.5983,6.5765,12.125,3.6497,3.1575,4.272,4.1304,5.1245,5.2393
4.0249,8.5983,6.5765,12.125,3.6497,3.1575,4.272,4.1304,5.1245,5.2393
0.85457,1.859,1.2626,2.3384,0.62212,0.61962,0.88329,0.80212,0.86779,1.0333
0.00061385,0.0033892,0.0026586,0.00042612,0.0018121,0.0011399,0.0026258,0.0027274,0.0038532,0.0047338
0.053365,0.077312,0.068273,0.10293,0.041195,0.040652,0.046298,0.041493,0.049253,0.046941
0.13416,0.26421,0.1908,0.4,0.11616,0.1,0.13,0.11,0.15095,0.1367
-0.15524,-0.22229,-0.20359,-0.35,-0.11662,-0.10791,-0.12863,-0.10318,-0.11,-0.12
-18.931,-18.337,1.4874,3.1466,-0.83628,4.3479,1.5005,5.4757,2.3192,15.333
0.31717,0.50348,0.68501,0.68487,0.47694,0.47152,0.55645,0.46022,0.45773,0.58204
647.01,394.27,672.08,515.46,298.79,326.82,620.2,624.17,587,604.18
157.73,115.56,166.27,226.48,139.92,150.08,155.59,185.21,158.73,180.27
832,644,960,848,562,562,850,854,858,884
26,70,92,0,1,1,1,12,18,1
42.951,132.33,103.09,205.57,30.109,48.176,44.72,36.596,31.202,26.208
45614,2.4654e+05,1.4258e+05,3.2953e+05,35348,65856,69585,49148,40437,34096
0.16456,0.21344,0.13988,0.16795,0.19178,0.13163,0.1331,0.15774,0.16251,0.10483
95.898,237.47,218.5,340.3,82.919,126.28,124.34,98.238,120.97,100.59
