1083.7,1966.1,2233.3,1248.4,1909.6,1651,1659.1,1632.3,1726.5,1314.3
840.26,1261.6,788.49,887.73,991.95,1162,1069.5,995.51,1050.8,695
12312,10335,4663,4269,5462,5968,4722,5414,5181,5001
2032,2295,753,479,882,808,402,684,441,601
0.83496,0.77794,0.83852,0.8878,0.83852,0.86461,0.91487,0.87366,0.91488,0.87982
1546,1209,1684,1643,1663,1608,1806,1612,1582,1348
3.7074,3.4741,6.9016,7.6419,6.2285,6.931,6.9195,5.3555,4.9592,5.1648
3,4,3,3,3,3,2,3,3,3
515.33,302.25,561.33,547.67,554.33,536,903,537.33,527.33,449.33
0.98512,0.98709,0.98987,0.99245,0.99765,0.99829,0.98709,0.99162,0.99163,0.99113
1.0094,1.0033,1.0213,1.0244,1.0431,1.001,1.0189,0.99738,1.0096,1.0253
5.3425,6.0802,3.9477,3.7053,4.3388,4.4045,3.9886,4.5798,4.7413,4.9627
27,25,15,16,19,21,17,20,19,16
23,28,28,24,27,28,26,26,27,28
15.472,5.7315,15.991,14.413,12.358,11.216,16.002,11.715,12.814,13.345
15.472,5.7315,15.991,14.413,12.358,11.216,16.002,11.715,12.814,13.345
1.337,0.85748,2.762,2.5275,2.1579,1.8675,2.6987,2.0701,2.1013,2.071
0.0006105,0.00015224,0.00063441,0.00021687,0.00043036,0.00049436,0.00081184,0.00065447,0.0002002,0.00032342
0.045391,0.040391,0.064776,0.059338,0.051423,0.04624,0.060836,0.050564,0.053577,0.055752
0.30568,0.11,0.30886,0.3,0.19454,0.14989,0.2561,0.23564,0.25706,0.29317
-0.19951,-0.12088,-0.28279,-0.29443,-0.24692,-0.15559,-0.26472,-0.25175,-0.26,-0.25952
2.651,-0.59558,0.31513,4.6247,0.97537,2.9832,4.3616,4.882,6.8066,6.0334
0.14933,0.1196,0.26425,0.2974,0.21376,0.25226,0.34153,0.27991,0.28622,0.26124
382.74,506.13,506.03,564.48,670.22,690.6,759.34,713.43,740.96,730.85
95.072,129.47,128.29,125.9,121.73,144.41,121,134.1,136.09,131.9
534,728,840,858,870,970,916,920,938,912
1,1,26,20,24,94,38,126,70,40
117.22,124.52,102.62,93.265,122.15,98.135,106.01,123.87,111.23,107.25
1.8122e+05,1.5054e+05,1.7282e+05,1.5323e+05,2.0314e+05,1.578e+05,1.9145e+05,1.9969e+05,1.7597e+05,1.4457e+05
0.28109,0.35781,0.42059,0.43379,0.4575,0.423,0.40616,0.41154,0.34869,0.41092
173.74,212.68,137.98,131.51,121.35,101.81,163.62,140.91,165.66,114.46
