970.5,1518,1216.4,1101.7,1345.7,3396.4,1803.3,1756.7,1489.7,1180.8
769.36,1182.8,976.52,960.07,978.19,1522.8,856.42,2558,1170.9,932.41
2380,4980,2590,4150,3920,4120,23000,7760,10330,1790
0,0,0,0,0,20,0,0,0,0
1,1,1,1,1,0.99515,1,1,1,1
1307,939,1474,1266,1373,1220,939,918,970,1036
2.6511,2.0502,2.23,1.5162,1.6443,1.2682,1.7617,1.6162,1.7047,1.5556
1,1,1,1,1,2,1,1,1,1
1307,939,1474,1266,1373,610,939,918,970,1036
0.9787,0.99241,0.97575,0.969,0.97695,0.97352,0.99934,0.99314,0.97652,0.97168
0.99371,1.0482,1.0184,1.0054,1.0027,0.98508,1.0285,1.0196,1.0318,0.91578
4.1542,4.7467,4.5868,4.973,4.4473,5.474,6.0182,5.7792,5.0388,3.9955
6,8,6,8,8,9,9,6,9,7
12,10,9,7,7,11,16,11,15,7
6.7268,3.1,12.31,6.7,5.7,30.196,1.1662,1.8682,1.3,4.9396
6.7268,3.1,12.31,6.7,5.7,30.196,1.1662,1.8682,1.3,4.9396
1.4281,0.6021,2.002,0.88798,1.1263,1.8681,0.28676,0.34857,0.29406,1.1357
0.0014768,2.7923e-20,0.0037605,0.0014297,0.0013125,-0.00022666,2.1749e-05,-1.7907e-20,7.5681e-05,0.0001017
0.043441,0.038155,0.051127,0.041119,0.042617,0.18862,0.043943,0.040991,0.041266,0.042118
0.14048,0.11155,0.17337,0.10437,0.11497,3.0196,0.11662,0.12,0.13,0.085082
-0.10409,-0.098985,-0.14764,-0.11,-0.11,-1.4801,-0.1,-0.13,-0.1,-0.1
11.3,1.7692,-4.1383,-6.9355,-12.565,4.7919,0.68731,-6.7185,1.8073,13.654
0.33445,0.12711,0.42355,0.1441,0.15893,0.18552,0.030174,0.090722,0.07212,-0.20279
806.15,473.29,634.66,620.39,538.03,631.38,621.91,343.42,475.59,760.86
88.824,138.04,96.294,61.404,89.665,95.665,161.89,133.06,158.87,131.41
866,690,790,668,644,734,880,504,672,948
62,58,138,138,94,102,0,0,26,172
251.32,122.04,289.4,325.98,279.91,300.35,233.26,238.46,142.03,200.71
3.2847e+05,1.146e+05,4.2658e+05,4.127e+05,3.8431e+05,3.6643e+05,2.1903e+05,2.1891e+05,1.3777e+05,2.0794e+05
0.50978,0.26646,0.43782,0.3904,0.33522,0.31222,0.43763,0.41983,0.24961,0.30137
0,0,0,0,0,30.232,0,0,0,0
