1284.9,1258.2,1318.6,1338.3,2633,2019.9,1725.9,1639.8,1656.7,1688
1183.2,1197.8,1198.1,1231.1,1215.1,669.47,816.07,859.79,926.66,896.12
5548,6518,17470,16960,14844,6620,6408,5560,5944,6371
1238,918,0,0,4554,3090,1678,510,934,1371
0.77686,0.85916,1,1,0.69321,0.53323,0.73814,0.90827,0.84287,0.78481
1327,1342,1414,1363,1179,1266,1455,1225,1510,1413
2.0799,2.1857,2.5662,3.3083,2.233,2.4023,2.0069,2.0315,2.1884,2.9014
2,2,1,1,4,4,2,2,3,3
663.5,671,1414,1363,294.75,316.5,727.5,612.5,503.33,471
0.98376,0.97538,0.9865,0.98015,0.98951,0.97787,0.99739,0.99643,0.97093,0.96527
1.0811,1.0765,1.0497,1.0463,1.0114,1.0189,1.0079,0.98955,1.0226,1.0376
5.6671,5.7132,5.1695,4.0761,5.1917,4.5239,5.349,5.4604,5.0399,5.1165
12,14,15,14,15,14,12,19,19,16
12,12,17,16,20,19,13,13,16,14
7.7162,5.7315,1.3,1.2,7.7929,8.2873,6.2,6.7268,5.8249,6.7268
7.7162,5.7315,1.3,1.2,7.7929,8.2873,6.2,6.7268,5.8249,6.7268
1.401,0.93571,0.30523,0.30841,0.77144,1.1925,1.1957,1.1515,1.1418,1.1486
0.0011212,0.00071904,2.8637e-05,1.6375e-20,0.0002822,0.00051034,0.00073749,0.0003639,0.00083193,0.00043603
0.048606,0.044032,0.041774,0.045276,0.041297,0.046564,0.042032,0.041562,0.048396,0.044327
0.14338,0.15218,0.1,0.1,0.16437,0.1672,0.1253,0.14209,0.16,0.18535
-0.19669,-0.12083,-0.11,-0.1,-0.13755,-0.1184,-0.16763,-0.11841,-0.16763,-0.11401
-15.001,-13.832,1.4778,-1.8505,3.8407,2.3864,-4.336,5.3318,-7.3239,-5.8954
0.41309,0.37013,0.071551,0.080071,0.1697,0.46583,0.49707,0.37349,0.38899,0.41999
292.39,280.94,464.66,452.47,632.25,583.09,708.9,681.28,777.31,741.57
82.283,60.598,127.3,93.621,126.92,126.33,127.31,141.36,140.26,151.63
618,466,700,608,816,724,848,828,924,906
12,44,56,48,38,76,58,122,20,28
212.51,233.23,171.67,82.071,184.76,126.27,298.16,189.96,149.88,131.22
2.82e+05,3.13e+05,2.4274e+05,1.1186e+05,2.1783e+05,1.5986e+05,4.3382e+05,2.327e+05,2.2632e+05,1.8541e+05
0.33308,0.37986,0.31156,0.1992,0.34992,0.23961,0.41126,0.31502,0.21722,0.26944
947.34,989.8,0,0,373.42,374.76,1196.3,1002.2,541.34,635.35
