1104.6,788.33,767.36,1138.3,1012.7,959.1,1608.1,742.87,736.23,1000.7
926.57,469.33,760.88,866.64,977.67,843.88,1042.2,597.45,364.47,539.93
5110,2750,2550,5530,3380,3040,11320,7280,8570,19120
0,0,0,0,0,0,0,0,0,0
1,1,1,1,1,1,1,1,1,1
1536,1291,1317,1368,1138,1455,1393,1102,1001,1306
2.1363,3.2684,2.5523,2.5666,2.845,2.9513,2.4525,2.4653,2.3664,3.0092
1,1,1,1,1,1,1,1,1,1
1536,1291,1317,1368,1138,1455,1393,1102,1001,1306
0.98873,1.0159,1.0047,0.99733,1.0015,0.98603,1.0142,1.0172,0.99704,1.0053
1.1066,1.1248,1.1159,1.003,1.0239,1.0502,1.067,1.0239,1.0022,1.1568
3.6286,2.9197,3.0663,3.1822,3.0671,3.1384,3.5741,3.8614,4.0892,3.4706
14,17,11,23,16,12,19,18,17,15
22,19,21,26,24,22,21,23,22,29
3.7643,3.6497,4.7297,6.162,2.9614,3.6497,2.3707,2.4083,1.8,0.84853
3.7643,3.6497,4.7297,6.162,2.9614,3.6497,2.3707,2.4083,1.8,0.84853
0.70163,0.70815,0.97633,0.9358,0.70992,0.79351,0.31879,0.46306,0.41482,0.2894
0.00031138,0.00054745,0.0011115,0.00045435,0.00048861,-0.00016502,0.00014284,5.5021e-05,7.0093e-05,-4.087e-05
0.043988,0.044654,0.052186,0.056464,0.046181,0.052382,0.044308,0.03996,0.03885,0.044208
0.12,0.13,0.15248,0.6162,0.1562,0.23345,0.12045,0.085494,0.084853,0.084853
-0.13,-0.13,-0.1772,-0.39812,-0.13,-0.13345,-0.084853,-0.096205,-0.11,-0.084853
-1.2216,1.4496,-8.1986,3.3415,-0.029469,3.7305,4.036,8.4854,6.2159,2.9585
0.29863,0.46945,0.51647,0.24738,0.33521,0.47368,0.12306,0.14643,0.11085,0.068305
486.72,726.46,811.91,590.15,597.27,680,350.82,813.78,799.41,367.65
110.89,76.101,62.546,92.763,101.8,180.07,94.306,76.993,70.548,114.41
746,880,920,860,714,948,544,896,838,520
90,186,384,0,52,0,36,90,100,16
69.508,30.753,39.779,46.493,37.38,48.082,40.654,65.832,59.852,41.949
1.0676e+05,39703,52389,63603,42539,69959,56630,72547,59912,54786
0.096674,0.077857,0.077092,0.087229,0.093451,0.097528,0.071573,0.14728,0.14149,0.096658
0,0,0,0,0,0,0,0,0,0
