1163.2,1073.3,1129.8,1363.6,1142.1,1180.6,1123.5,1524.1,1144,1707.2
1010.8,1112.2,1103.4,1091.9,1029,1151,1099.5,677.92,1218.5,579.37
5194,7876,4430,5919,4549,4668,4309,3554,3748,3653
634,1436,500,1759,539,468,369,244,268,203
0.87794,0.81767,0.88713,0.70282,0.88151,0.89974,0.91437,0.93134,0.9285,0.94443
745,500,556,485,552,510,506,776,632,812
3.4651,2.008,2.2329,2.401,2.3291,2.1983,2.3535,2.6216,2.6555,2.2247
2,3,2,4,2,2,2,2,2,2
372.5,166.67,278,121.25,276,255,253,388,316,406
0.99587,1.0015,1.0033,0.99602,1.0059,0.99334,0.99909,0.99067,0.99464,1.0067
1.0105,0.96372,1.0048,0.99668,1.0015,0.99201,0.99208,1.0101,1.0004,0.99353
4.2697,5.704,5.563,5.5698,5.6345,5.0518,5.421,5.2061,4.807,5.543
13,19,11,14,16,12,12,18,13,16
17,22,18,21,19,19,19,19,18,19
6.7268,4.1304,4.7539,5.2393,5.7271,4.7539,6.1294,6.7268,6.2,7.6236
6.7268,4.1304,4.7539,5.2393,5.7271,4.7539,6.1294,6.7268,6.2,7.6236
0.96476,0.58305,0.78167,0.69806,0.92949,0.70648,0.83706,1.1335,0.93225,1.2675
0.0003987,0.00039064,-2.3482e-06,0.00041007,0.00049643,0.00018537,0.00031389,0.00099212,0.00026994,0.00092752
0.044301,0.03525,0.045824,0.042301,0.044254,0.043161,0.045482,0.050754,0.043779,0.04711
0.15835,0.14338,0.15465,0.14,0.14845,0.12088,0.15616,0.21,0.16,0.16259
-0.14815,-0.11,-0.11,-0.11933,-0.15,-0.10879,-0.16497,-0.16,-0.15,-0.14414
-4.0612,4.2415,-2.0041,-0.08661,-0.30638,-1.7555,5.1818,3.777,6.1068,2.2544
0.16445,0.081899,0.14091,0.12404,0.15682,0.11605,0.12659,0.25424,0.1924,0.2544
608.79,445.78,508.72,523.69,525.82,474.02,594.7,706.46,605.12,776.78
133.72,116.46,119.29,114.95,125.54,100.34,133.61,123.91,118.87,150.71
836,628,764,724,804,752,780,868,772,932
1,40,8,4,4,80,54,12,1,60
35.752,47.025,51.958,45.61,51.122,36.765,49.099,96.846,47.107,122.32
26635,23512,28889,22121,28219,18750,24844,75152,29772,99326
0.16629,0.18885,0.20867,0.22579,0.2157,0.15847,0.22837,0.32718,0.19793,0.33513
220.91,101.48,201.22,88.205,168.59,105.91,137.79,215.06,123.03,211.51
