1363.8,1533.2,1809.2,1649.4,617.27,1305.3,1786.9,1672.1,1397.6,1462.4
519.22,741.56,819.91,1246.8,485.54,1210.4,799.85,704.53,645.82,1190.6
2930,2995,3594,2133,1381,1712,3365,4544,4432,4009
1110,735,1074,753,401,552,1215,1034,972,1649
0.62116,0.75459,0.70117,0.64698,0.70963,0.67757,0.63893,0.77245,0.78069,0.58868
1643,1679,1633,1260,2306,2169,1378,1577,1510,1424
5.0554,4.5256,3.6614,5.431,6.8631,7.9743,4.7517,4.6935,5.0166,6.6542
3,3,3,3,2,3,3,3,3,3
547.67,559.67,544.33,420,1153,723,459.33,525.67,503.33,474.67
0.9775,0.97764,1.0086,1.0082,0.98711,0.9914,0.98889,0.97077,0.98807,0.99955
0.95758,0.94793,0.98249,1.034,1.3413,1.3962,1.0707,0.94914,0.94759,1.1432
2.4885,2.4927,2.5622,2.3282,1.4634,1.9053,2.3325,2.5427,2.6892,2.0364
12,13,17,9,6,9,9,11,11,9
13,12,15,11,12,12,9,11,11,11
6.36,6.1984,4.1881,4.272,10.756,7.225,3.6,4.1,5.1352,3.1575
6.36,6.1984,4.1881,4.272,10.756,7.225,3.6,4.1,5.1352,3.1575
1.3695,1.3702,0.87152,0.91802,2.4355,1.8022,0.62211,0.59559,0.571,0.7165
-0.00073602,0.00049802,0.001548,0.0021059,0.003182,0.0044485,0.00052491,0.0015555,0.0019293,0.0013771
0.051173,0.048467,0.048121,0.043525,0.070926,0.066721,0.048041,0.043874,0.037088,0.04505
0.1184,0.11662,0.17086,0.16178,0.13954,0.25223,0.2446,0.15811,0.16945,0.11575
-0.1307,-0.13808,-0.11399,-0.11662,-0.15954,-0.19393,-0.16,-0.094539,-0.11155,-0.11
-11.591,-9.9624,-15.905,-10.228,1.859,-2.24,-10.755,1.7338,-11.267,-13.193
0.5856,0.42397,0.36167,0.59487,1.9776,1.3993,0.48128,0.35275,0.34513,0.47419
440.99,591.1,747.04,192.87,773.92,654.71,315.05,423.24,340.99,463.16
123.46,138.68,142.07,70.818,123.38,100.94,96.62,105.72,108.03,159.49
682,788,952,294,944,794,442,672,700,798
54,164,76,1,318,176,1,62,16,38
60.501,62.707,58.372,34.884,18.541,22.749,58.817,62.763,75.61,29.406
99402,1.0528e+05,95321,43954,42756,49343,81049,98977,1.1417e+05,41875
0.18616,0.16902,0.13088,0.15036,0.055182,0.083637,0.20282,0.18679,0.2512,0.13741
447.31,519.02,474.11,422.74,356.75,632.46,279.81,318.16,339.67,343.15
