1301.1,935.94,1005,1251.9,1280,1259.4,1086.8,1102.8,1120.8,1134.4
1244,1397.4,1356.1,615.68,576.31,547.09,505.3,527.74,531.56,823.3
9150,5400,7990,5930,6030,5470,4970,6340,5560,5520
0,0,0,0,0,0,0,0,0,0
1,1,1,1,1,1,1,1,1,1
1547,1240,1592,1439,1684,1424,1367,1424,1475,1587
3.1766,2.3485,3.0853,2.6698,2.9648,2.9916,3.2703,2.507,3.1383,2.794
1,1,1,1,1,1,1,1,1,1
1547,1240,1592,1439,1684,1424,1367,1424,1475,1587
0.99943,0.99538,0.98767,0.97768,0.95785,0.98702,0.99321,0.99119,0.98196,0.99997
1.0047,0.97301,0.98905,0.95594,0.99818,0.9659,0.94503,0.95267,0.94248,0.99184
6.1076,5.9794,6.0094,6.2228,5.5682,5.5218,5.4394,7.1042,5.4464,6.1417
22,19,21,20,13,19,19,22,21,17
33,28,34,28,30,30,28,31,26,28
9.1706,8.4481,12.054,12.692,14.722,12.054,11.442,10.456,9.4831,14.578
9.1706,8.4481,12.054,12.692,14.722,12.054,11.442,10.456,9.4831,14.578
1.3523,1.4576,1.7048,1.8796,2.3276,1.9074,1.9205,1.8094,1.6684,2.1536
0.00057322,0.00063014,0.0013103,0.0016257,0.0020445,0.0015178,0.001349,0.0015557,0.00045045,0.0020216
0.043301,0.045965,0.04237,0.04345,0.049629,0.050248,0.047653,0.048478,0.045189,0.051349
0.12626,0.13,0.16,0.14804,0.21575,0.152,0.16393,0.16754,0.11,0.16575
-0.15692,-0.12207,-0.12361,-0.14451,-0.15616,-0.16972,-0.18611,-0.14848,-0.12912,-0.16
2.3534,-1.1149,-3.7955,1.4163,-2.5173,0.89277,2.4781,-1.0788,-3.8652,-2.4634
0.1612,-0.037963,-0.029412,-0.028331,-0.0466,-0.029799,-0.041046,0.099842,-0.060612,-0.071196
666.38,810.44,762.75,852.85,813.76,793.23,815.23,833.91,873.24,851.22
82.104,93.709,91.691,134.28,100.13,129.25,109.52,126.63,120.21,98.862
782,1004,904,1023,988,998,964,1012,1023,1023
82,74,40,62,94,104,48,42,34,22
144.93,221.73,162.05,174.8,191.26,145.95,134.08,160.68,135.96,185.43
2.242e+05,2.7494e+05,2.5798e+05,2.5154e+05,3.2207e+05,2.0783e+05,1.8328e+05,2.2881e+05,2.0054e+05,2.9428e+05
0.29759,0.41993,0.31405,0.32431,0.33672,0.30661,0.32076,0.28289,0.28928,0.32647
0,0,0,0,0,0,0,0,0,0
