1385.2,1385.2,1255.2,1014,1020.9,1056.7,1101,996.32,1463.1,1254.3
749.54,749.54,872.18,831.46,681.51,728.02,888.39,597.81,790.5,754.35
6251,6251,5333,6627,5761,6994,7267,6468,7310,6783
2221,2221,1103,2117,1371,2604,3057,1768,2990,1683
0.6447,0.6447,0.79317,0.68055,0.76202,0.62768,0.57933,0.72665,0.59097,0.75188
1154,1154,1251,1092,1021,1194,1108,1072,1709,1388
3.9793,3.9793,3.9216,3.1379,3.4493,3.431,4.3451,4.015,4.6065,3.7923
5,5,5,7,5,6,6,5,5,5
230.8,230.8,250.2,156,204.2,199,184.67,214.4,341.8,277.6
0.98106,0.98106,1.0035,1.0019,1.0037,1.0082,1.0035,1.0031,0.99823,0.99045
0.94524,0.94524,0.9821,0.93641,0.97412,0.93064,0.9255,0.94219,0.92605,0.92486
5.7232,5.7232,5.7358,6.2826,6.7955,5.7435,5.3186,5.4967,4.6155,6.634
23,23,23,27,22,23,28,24,20,26
23,23,25,26,21,25,20,22,21,26
7.7233,7.7233,6.691,6.7082,7.2173,6.1294,5.1,5.1352,6.7,7.2993
7.7233,7.7233,6.691,6.7082,7.2173,6.1294,5.1,5.1352,6.7,7.2993
1.4115,1.4115,1.2558,1.1744,1.3513,1.1718,0.88409,1.0563,1.2493,1.3474
0.0018687,0.0018687,-4.6538e-05,0.00086991,0.0011489,3.279e-05,0.0010299,0.00032335,0.0008678,0.0017184
0.047442,0.047442,0.045497,0.046627,0.045007,0.044173,0.043975,0.044126,0.047264,0.047238
0.16437,0.16437,0.15803,0.16,0.15796,0.1139,0.1184,0.12,0.15352,0.19706
-0.12088,-0.12088,-0.13506,-0.15835,-0.13709,-0.12,-0.1039,-0.15764,-0.11,-0.15727
6.8561,6.8561,-2.5241,1.2131,-2.3064,9.1699,5.6833,4.2854,-2.2056,-3.5506
0.28728,0.28728,0.30007,0.19229,0.19066,0.14563,0.10483,0.17558,0.20935,0.095364
479.79,479.79,484.54,438.21,484.28,471.22,472.56,571.73,550.82,523.96
98.362,98.362,103.43,108.57,109.42,113.44,116.23,113.71,123.53,126.93
640,640,638,710,590,610,670,728,714,702
80,80,52,74,24,48,48,1,52,20
61.845,61.845,82.75,83.84,87.876,86.83,67.567,62.595,62.476,107.43
71369,71369,1.0352e+05,91553,89722,1.0368e+05,74864,67102,1.0677e+05,1.4911e+05
0.21326,0.21326,0.25941,0.24092,0.29688,0.24951,0.26497,0.23444,0.1684,0.29352
250.16,250.16,202.98,188.31,244.64,211.73,149.13,144.74,372.55,255.58
