1693,1838.3,1569.8,2024.8,1861.1,2080,2129.8,1894.5,2105.9,2217.7
1196.5,1389.5,1343.2,1501.3,1592.2,1754,1658.3,1529.3,1542.8,1429.3
4240,3090,4710,3770,3680,3580,2920,3900,3870,3970
0,0,0,0,0,0,0,0,0,0
1,1,1,1,1,1,1,1,1,1
1587,1194,1153,1377,1297,1159,1138,1092,1327,1250
2.8238,2.1021,2.3971,2.326,2.1946,2.295,2.227,2.2656,2.3867,2.0358
1,1,1,1,1,1,1,1,1,1
1587,1194,1153,1377,1297,1159,1138,1092,1327,1250
1.0012,1.001,0.98087,1.0007,0.99498,1.0001,1.0146,1.0107,0.99135,0.9889
1.0701,1.0595,1.0534,1.104,0.92624,1.0545,0.99189,0.98426,0.97506,1.0162
4.734,4.9696,4.0735,5.0401,4.9268,5.6632,5.1152,5.4656,5.2104,5.7582
13,11,26,14,14,11,11,13,13,14
11,12,22,13,10,11,10,11,11,11
7.2007,8.8238,4.7011,7.7,6.2201,6.7,6.7,4.6271,7.2993,5.6321
7.2007,8.8238,4.7011,7.7,6.2201,6.7,6.7,4.6271,7.2993,5.6321
1.3768,1.8208,0.9184,1.6189,1.4312,1.3444,1.338,1.1913,1.5163,1.3266
0.00055547,0.00031235,0.00033235,0.00068069,0.0008556,0.00099262,0.0015901,0.00072467,0.0007772,0.00077012
0.045009,0.053442,0.053069,0.046781,0.046756,0.045393,0.047611,0.046161,0.047691,0.043881
0.12428,0.17088,0.47011,0.1482,0.18,0.13,0.1177,0.17463,0.11763,0.13
-0.15796,-0.17017,-0.1928,-0.11134,-0.16497,-0.10843,-0.12525,-0.12428,-0.16,-0.11497
-12.138,-7.6866,-16.951,-2.6176,-7.0505,-11.062,-14.016,-8.392,-13.561,-18.39
0.34057,0.32039,0.19724,0.33422,0.3288,0.29525,0.36712,0.25385,0.31525,0.25844
650.43,612.15,502.32,547.35,637.83,689.67,612.17,627.05,561.35,600.9
61.721,121.46,234.87,109.99,64.354,87.648,65.344,76.459,82.773,87.694
762,794,866,810,794,812,752,774,736,800
18,126,0,8,92,68,112,34,76,72
243.93,241.16,107.54,242.63,270.44,278.29,267.84,275.08,277.48,306.75
3.8711e+05,2.8794e+05,1.2399e+05,3.341e+05,3.5076e+05,3.2254e+05,3.048e+05,3.0039e+05,3.6821e+05,3.8343e+05
0.43404,0.42457,0.22357,0.40985,0.45759,0.55107,0.52415,0.57071,0.49906,0.49959
0,0,0,0,0,0,0,0,0,0
