1783.8,2334.7,2087.9,2166.4,2478.3,2270,2592,2084.7,2382,2050.3
747.85,1318.6,1503.8,1578.5,1259.6,1311.9,1436.2,1528.3,1502.6,1347.6
15816,12169,13092,12341,11346,9987,9175,9581,8566,7935
2266,2159,2262,2821,3656,2157,2375,2651,1586,1305
0.85673,0.82258,0.82722,0.77141,0.67777,0.78402,0.74114,0.72331,0.81485,0.83554
1000,1296,1117,1025,1066,1072,1011,1097,1000,898
2.9762,3.2893,3.4475,2.8955,3.1632,2.937,2.3241,2.4541,2.6525,2.4944
5,5,5,5,8,6,6,10,5,5
200,259.2,223.4,205,133.25,178.67,168.5,109.7,200,179.6
0.99567,0.99388,0.9934,0.99165,0.99242,0.99273,0.99768,1.0015,0.9964,0.99449
0.9635,1.0044,1.0041,1.0054,0.99994,0.97736,1.0073,1.0123,0.99504,1.0121
5.0094,4.1949,4.7855,5.3992,5.2428,5.0324,5.1877,5.3615,5.2613,5.5551
33,32,37,39,39,36,35,39,36,33
36,37,36,40,38,42,40,44,44,36
1.3,2.571,2.0591,2.7459,3.0676,3.544,3.3971,3.5355,3.265,3.6401
1.3,2.571,2.0591,2.7459,3.0676,3.544,3.3971,3.5355,3.265,3.6401
0.32161,0.43853,0.45219,0.51072,0.56137,0.59297,0.65041,0.69465,0.61522,0.65636
0.00014126,-6.2499e-05,0.00023702,0.00010116,0.00026649,7.9267e-05,0.00056703,0.0005133,4.9631e-05,0.00041063
0.044885,0.040474,0.037534,0.037267,0.037969,0.040501,0.040952,0.037996,0.040157,0.042283
0.11,0.11662,0.12,0.1,0.1161,0.13,0.12138,0.1172,0.11,0.12682
-0.084853,-0.13338,-0.13974,-0.12083,-0.1253,-0.13515,-0.11662,-0.13,-0.12083,-0.14416
-2.4808,-3.5496,-1.2469,-11.117,-6.7489,-9.3287,-16.231,-13.059,-12.996,-13.281
0.058165,0.096721,0.084526,0.078792,0.10426,0.09279,0.089783,0.10628,0.10242,0.10455
670.09,814.27,786.36,740.86,704.66,711.44,666.25,660.4,688.54,722.28
127.45,118.46,122.05,127.46,134.83,134.04,111.05,111.03,94.523,94.566
866,952,988,896,904,846,772,800,814,860
16,72,12,1,48,1,38,32,1,20
54.5,66.292,67.799,70.181,82.326,80.668,100.77,108.84,97.451,94.579
54500,85915,75732,71935,87759,86476,1.0188e+05,1.194e+05,97451,84932
0.1622,0.16825,0.20926,0.19825,0.24429,0.22101,0.23165,0.24349,0.25849,0.26272
120.5,129.96,110.3,136.86,93.897,139.44,128.06,103.79,121.59,107.34
