1670.2,1590.5,1895.1,1933.7,1956.6,1962.4,2149.6,1868.3,1706.6,1615
1083.9,1596.5,1700.7,1702,1666.7,1735.8,1604,1739.9,1737.5,1607.8
9550,12045,8436,10472,9769,10898,9832,7510,8933,7776
1690,1015,576,352,399,878,432,590,403,766
0.82304,0.91573,0.93172,0.96639,0.95916,0.91943,0.95606,0.92144,0.95489,0.90149
1424,1301,1393,1377,1423,1480,1327,1261,1383,1510
3.4563,3.5546,3.4825,3.0066,2.8234,3.2314,3.368,2.9394,2.9116,2.8277
3,2,2,2,2,2,2,2,2,2
474.67,650.5,696.5,688.5,711.5,740,663.5,630.5,691.5,755
1.0168,1.0028,1.0043,1.0076,0.9907,1.0049,1.0001,1.0013,0.99685,0.99281
0.98238,1.0109,1.0348,1.0432,1.1178,1.0533,1.088,1.0412,1.0065,1.0089
5.1189,5.4284,5.3719,6.2282,5.9356,5.6902,5.3786,5.7631,5.888,5.7701
23,24,24,28,25,26,21,21,23,21
25,25,26,27,26,27,25,25,26,24
7.4216,6.6272,9.2136,6.1,7.225,6.7268,6.6272,7.7,8.2,7.7233
7.4216,6.6272,9.2136,6.1,7.225,6.7268,6.6272,7.7,8.2,7.7233
0.94712,0.85073,1.1696,0.96997,1.2042,0.87725,0.84015,1.1797,1.1355,1.4037
0.00060815,2.7853e-05,0.0002463,0.00012528,0.00013291,4.6927e-05,0.00018777,0.00022796,0.00022794,1.4057e-05
0.043251,0.042266,0.044346,0.039027,0.041257,0.040668,0.041209,0.043882,0.041591,0.045782
0.18357,0.1772,0.17537,0.17,0.17534,0.14654,0.15,0.18578,0.17635,0.16677
-0.19126,-0.1571,-0.152,-0.16,-0.15283,-0.15272,-0.12,-0.22,-0.14753,-0.19776
-9.0287,-7.4613,-6.5958,-2.9436,-6.8567,-1.8088,-3.4192,-3.7466,-3.0098,-4.9641
0.14944,0.11396,0.17114,0.11728,0.15922,0.13368,0.1036,0.14327,0.1645,0.19718
334.97,853.24,822.93,863.17,864.72,909.31,913.78,888.29,908.96,836.04
86.942,97.27,84.557,95.2,80.494,107.38,92.726,108.17,91.184,95.104
650,998,976,984,980,1023,986,1006,1023,950
1,28,94,54,40,38,74,26,24,6
163.54,154.64,138,182.71,213.69,185.38,134.44,140.92,155.71,174.42
2.3288e+05,2.0118e+05,1.9224e+05,2.516e+05,3.0409e+05,2.7436e+05,1.7841e+05,1.777e+05,2.1535e+05,2.6338e+05
0.39693,0.42251,0.34501,0.39894,0.424,0.40476,0.34123,0.32849,0.32781,0.32664
103.45,294.07,406.08,328.28,385.78,198.01,180.07,357.92,355.71,384.13
