998.76,869.94,862.64,671.1,724.4,760.69,748.57,775.99,789.7,735.49
1479.2,1402,1498.7,1521.2,1587.9,1423.4,1548.9,1298.9,1366.5,1372.7
4394,3201,3210,2566,2999,2617,2821,2810,2519,3446
2054,981,1240,806,919,687,621,490,549,1606
0.53254,0.69353,0.61371,0.68589,0.69356,0.73749,0.77987,0.82562,0.78206,0.53395
872,893,781,791,730,811,836,811,776,648
3.5738,3.502,2.4952,2.8453,2.7341,2.9068,4.377,2.9173,2.6216,2.2817
3,3,3,3,3,3,3,3,3,3
290.67,297.67,260.33,263.67,243.33,270.33,278.67,270.33,258.67,216
0.99964,1.0034,0.9978,0.99624,1.0012,0.99264,0.99661,1.0004,0.99984,1.0044
1.0239,0.99544,0.97371,1.0172,0.97017,1.0114,0.9492,0.98196,0.99632,0.99118
3.5472,3.3989,3.7005,3.3912,3.4127,3.2439,3.192,3.4792,3.2501,3.9723
12,14,16,16,17,16,18,19,18,16
14,16,15,15,16,15,18,19,17,14
3.9357,4.5277,4.1437,4.245,3.6,4.639,6.229,5.1,3,4.6271
3.9357,4.5277,4.1437,4.245,3.6,4.639,6.229,5.1,3,4.6271
0.63321,0.71126,0.68721,0.76001,0.57741,0.64018,0.8227,0.73666,0.65193,0.72578
0.002513,0.0025109,0.0027231,0.0036672,0.0023184,0.0015712,0.0030319,0.0021651,0.0016629,0.0035873
0.043603,0.04533,0.042135,0.042133,0.040688,0.043354,0.05038,0.046411,0.041921,0.047789
0.19919,0.22036,0.11763,0.13324,0.15384,0.14,0.2129,0.15,0.10528,0.16
-0.12,-0.10724,-0.15216,-0.090844,-0.088661,-0.19622,-0.12088,-0.19718,-0.11923,-0.13
-6.034,-8.0079,-13.169,-7.8623,-11.732,-2.596,-6.0823,-10.544,-10.118,-15.798
0.45563,0.45716,0.48598,0.5433,0.37274,0.52887,0.4342,0.40558,0.43201,0.44448
489.87,477,543,528.64,515.76,533.15,475.83,575.88,504.4,522.19
117.39,95.693,118.84,121.21,101.49,116.1,70.291,102.96,101.63,109.48
590,560,642,612,612,620,538,658,602,596
50,82,92,40,96,40,72,74,48,84
59.276,59.859,83.427,59.73,40.71,63.806,39.132,53.65,34.7,69.447
51688,53454,65157,47246,29718,51747,32714,43510,26927,45002
0.24293,0.23474,0.26654,0.21486,0.15247,0.2287,0.20488,0.19299,0.11723,0.24453
431.9,425.13,403.11,373.41,319.6,347.76,359.02,334.43,331.84,308.4
