1126.9,1016,805.04,823.9,911.95,2056.6,1723,1875.8,1772.1,1405.7
753.19,758.49,1142.1,1100.4,1140.7,1586.5,1502.2,1360.9,1336.3,1628.9
6727,1450,5006,5736,4655,6522,5569,7211,6748,4600
1097,0,2326,1786,1425,2822,2379,2591,2438,1910
0.83693,1,0.53536,0.68863,0.69388,0.56731,0.57281,0.64069,0.63871,0.58478
2042,1163,1536,1776,2000,1505,1490,1556,1872,1479
6.524,6.2527,5.6264,6.3885,6.5147,4.3247,5.4579,5.6996,5.8683,5.6667
2,1,3,3,3,3,3,3,3,3
1021,1163,512,592,666.67,501.67,496.67,518.67,624,493
1.0017,0.99146,0.99878,0.99634,0.99453,0.9858,0.98885,1.0006,0.99423,0.99652
1.0371,1.0246,0.89879,1.0609,1.0515,0.96978,0.92982,0.99024,1,0.97652
2.2535,1.9887,2.6726,2.3754,2.1229,3.1293,3.0949,2.5466,2.7866,2.6716
18,10,11,16,13,16,14,11,17,14
16,14,13,17,15,13,15,13,20,15
2.6,4.639,6.1294,4.272,5.7271,4.4777,3.9812,2.6683,4.4385,3.7947
2.6,4.639,6.1294,4.272,5.7271,4.4777,3.9812,2.6683,4.4385,3.7947
0.50917,1.0038,1.0564,0.70111,0.78663,0.9239,0.941,0.60329,0.88671,0.92911
0.00029138,0.00042243,0.0031701,0.0019037,0.0024345,0.0014989,0.001591,0.00084589,0.00050527,0.0012652
0.039501,0.053978,0.045392,0.040369,0.038708,0.041803,0.041065,0.038847,0.041228,0.047128
0.11155,0.1482,0.1453,0.14077,0.1542,0.12824,0.12076,0.1,0.1184,0.1253
-0.11662,-0.13021,-0.1038,-0.1,-0.083381,-0.13,-0.1096,-0.11662,-0.12041,-0.12083
-2.496,-0.69145,-6.4484,-3.0452,-6.6675,-14.234,-16.201,-8.6534,-10.578,-8.0979
0.28737,0.71034,0.22444,0.20431,0.30871,0.15034,0.080872,0.15346,0.17319,0.21056
319.83,340.93,422.8,471.72,429.6,294.67,284.01,387.95,487.87,542.05
82.855,98.854,117.93,116.41,127.03,85.168,87.69,109.62,134.08,126.96
466,476,626,662,688,404,368,544,642,656
1,96,56,46,40,18,8,16,4,4
30.1,25.115,49.999,37.56,31.418,72.564,67.976,52.818,57.017,59.432
61464,29209,76799,66706,62835,1.0921e+05,1.0128e+05,82185,1.0674e+05,87900
0.096167,0.13503,0.18315,0.13511,0.10234,0.20852,0.249,0.19347,0.17874,0.22771
498.68,0,283.31,310.83,325.41,321.8,348.91,227.12,352.32,295.55
