995.1,1427.3,1432.5,1220.9,1259.7,1328.9,962.33,1035.3,1268.5,1556.9
897.81,706.24,857.59,1037.5,981.17,1060.5,834.11,861.67,863.24,862.89
7460,3950,2850,5240,7150,6110,8864,3091,2932,4941
560,170,310,210,350,0,5104,771,622,1281
0.92493,0.95696,0.89123,0.95992,0.95105,1,0.42419,0.75057,0.78786,0.74074
766,1204,985,724,612,531,501,572,439,418
2.7455,3.1436,2.7361,2.7739,3.7778,2.4813,3.6043,3.7881,3.2761,3.6034
2,2,2,2,2,1,5,2,2,2
383,602,492.5,362,306,531,100.2,286,219.5,209
0.99343,1.008,1.0034,1.0084,0.99501,0.99414,0.99045,0.99922,0.99214,0.99951
0.96394,0.98103,0.99523,0.98743,1.04,0.97964,0.98759,0.98323,0.98463,0.99248
3.9934,3.9689,3.959,4.2229,3.5501,5.4801,3.6946,3.2676,3.9601,3.215
8,14,14,7,8,18,12,11,9,10
15,23,19,19,13,20,16,12,14,16
4.639,9.7739,9.2779,2.3324,2.184,2.571,3.6,6.6272,4.639,3.6
4.639,9.7739,9.2779,2.3324,2.184,2.571,3.6,6.6272,4.639,3.6
0.65892,1.8545,1.6368,0.50264,0.39282,0.46384,0.60173,1.064,0.80192,0.51314
0.00012254,-0.00034338,-0.00033602,1.3109e-05,2.5013e-05,0.00019118,5.391e-05,1.6045e-05,1.3061e-05,-3.4245e-05
0.034423,0.054951,0.058354,0.040409,0.041912,0.039642,0.0354,0.045744,0.042118,0.036811
0.11304,0.21393,0.17947,0.1253,0.1,0.20616,0.11,0.16321,0.1,0.11
-0.1,-0.20077,-0.16867,-0.12,-0.1,-0.091886,-0.1253,-0.16401,-0.10843,-0.1
-1.1991,0.21524,-3.6667,-5.8902,-4.7378,-2.1298,-2.1006,-7.9245,-3.0985,0.80599
0.077569,0.15293,0.2434,0.087472,0.056782,0.069231,-0.0038845,-0.072346,0.010923,0.041962
760.29,988.28,946.95,882.84,414.52,910.72,607.14,649.62,725.81,740.65
124.66,83.208,116.01,157.71,130.69,201.47,192.82,82.074,56.431,74.352
874,1023,1023,1023,618,1023,804,706,772,816
60,404,66,90,26,0,1,94,146,216
48.02,44.644,41.51,69.9,20.44,48.176,10.68,19.369,28.189,21.102
36784,53751,40888,50607,12509,25581,5350.5,11079,12375,8820.5
0.17212,0.11656,0.11531,0.26781,0.12617,0.22512,0.076832,0.12827,0.21037,0.18191
139,101.64,136.53,68.411,113.72,0,106.95,439.6,291.93,161.82
