1093.2,1341.3,1497.8,509.01,616.13,711.78,809.51,675.1,643.92,721.59
728.6,905.07,883.58,417.26,259.2,424.05,349.18,411.5,368.73,311.16
2150,1290,1370,2190,3180,2920,1910,3877,2130,2160
0,190,110,0,0,0,0,97,0,0
1,0.85271,0.91971,1,1,1,1,0.97498,1,1
1128,1015,990,1225,1424,1179,1173,1270,1684,1138
2.3747,2.5761,2.5127,2.8161,3.2364,2.7872,2.2471,2.5761,3.4938,3.1178
1,2,2,1,1,1,1,2,1,1
1128,507.5,495,1225,1424,1179,1173,635,1684,1138
0.96018,1.0212,1.0151,0.98152,0.94208,1.0886,0.90469,0.95824,0.9482,0.9407
0.94147,0.99992,1.0318,0.96021,1.0361,1.0388,0.99059,0.96043,0.99105,1.0004
3.5229,2.7328,2.8983,3.0681,3.6613,3.813,3.7351,4.3902,3.5739,3.9902
9,6,8,10,17,16,12,31,13,16
9,8,13,11,15,15,9,23,11,14
6.8411,7.1,6.229,5.7271,7.7929,7.398,7.4216,6.1984,10.37,7.6942
6.8411,7.1,6.229,5.7271,7.7929,7.398,7.4216,6.1984,10.37,7.6942
1.7536,2.017,1.6454,1.397,1.6148,1.5389,1.8668,1.4439,2.2248,1.6592
0.00070093,0.0021687,0.0023564,0.00010045,0.00015773,-0.00017182,0.00037841,0.0010323,0.00042453,0.00035023
0.054508,0.078535,0.065606,0.044095,0.053679,0.054098,0.061751,0.05274,0.07295,0.066371
0.14019,0.22313,0.16587,0.11763,0.1829,0.16,0.15799,0.11933,0.20605,0.15996
-0.15898,-0.27894,-0.15422,-0.1184,-0.16714,-0.20865,-0.21352,-0.1542,-0.159,-0.2639
-1.884,-6.037,-10.557,-0.99206,-3.2049,-3.5775,-5.1428,-5.9744,-4.0845,-2.7908
0.33256,0.46093,0.46471,0.41963,0.32736,0.29212,0.44346,0.27163,0.58216,0.40648
639.62,410.59,379.11,577.91,518.85,496.01,585.61,493.09,592.34,507.29
56.455,117.8,104.98,60.127,75.729,117.18,103.79,101.32,93.529,108.94
744,642,574,632,668,712,734,682,714,620
206,72,104,80,286,12,62,146,162,108
254.07,89.185,84.799,189.38,190.48,199.85,279.54,225.25,232.31,181.57
2.8659e+05,90523,83951,2.3199e+05,2.7124e+05,2.3563e+05,3.279e+05,2.8607e+05,3.9121e+05,2.0663e+05
0.53488,0.22636,0.21523,0.43535,0.4329,0.47247,0.53551,0.4569,0.48198,0.49745
0,382.21,325.94,0,0,0,0,5,0,0
