1231.8,2058.5,1543.7,1802.2,1536.4,1622.8,1532.2,1565.5,2077,1953.1
569.7,974.47,652.17,765.89,612.3,746.45,802.01,862.21,1037.3,953.11
990,8269,7720,3994,1460,2080,4926,6040,3450,3498
0,4529,960,1254,40,160,846,2140,600,1108
1,0.45229,0.87565,0.68603,0.9726,0.92308,0.82826,0.6457,0.82609,0.68325
1327,1118,1133,1026,1312,1587,1092,944,944,1026
2.2879,5.0588,3.7517,3.3974,5.8053,5.6882,5.6875,3.5356,6.5103,6.071
1,3,2,3,2,2,2,3,2,2
1327,372.67,566.5,342,656,793.5,546,314.67,472,513
1.0006,0.99426,0.97931,0.99797,0.98886,0.99437,0.98888,1.0017,0.99137,0.99397
0.97283,0.9772,0.99895,1.0289,0.98171,1.0318,0.95272,0.97697,0.96672,0.96116
3.5141,2.9157,3.6106,3.6375,2.543,2.9195,2.5532,3.2578,2.5373,2.6382
11,20,17,19,15,16,11,12,12,14
12,16,14,20,14,18,17,13,14,15
8.7207,3.1623,1.6279,5.6223,8.2219,8.7207,2.1,2.8636,2.1,2.6
8.7207,3.1623,1.6279,5.6223,8.2219,8.7207,2.1,2.8636,2.1,2.6
1.9791,0.66571,0.38806,0.93746,1.5745,1.4161,0.40435,0.44357,0.42112,0.55431
0.0015821,0.00064094,9.1189e-05,0.0025609,-0.00023154,-0.0026262,1.4755e-05,0.00090894,0.00015814,-0.00015472
0.11073,0.045319,0.040913,0.050765,0.08958,0.075707,0.040161,0.042324,0.040057,0.042855
0.23827,0.11662,0.11662,0.16,0.25601,0.19928,0.11,0.13,0.13,0.11155
-0.2529,-0.1184,-0.13,-0.1684,-0.24668,-0.47082,-0.092078,-0.08,-0.092078,-0.11606
5.0648,-10.074,-9.2346,-22.574,-18.174,-5.8003,-1.2534,1.2035,-4.6011,-5.8603
0.9798,0.31971,0.203,0.39434,0.96311,1.0667,0.27716,0.21392,0.3673,0.4793
874.54,644.55,883.13,693.71,985.44,981.84,769.4,114.95,768.24,809.61
174.84,137.83,134.2,141.37,91.761,96.315,97.474,64.633,84.364,139.77
1023,754,1023,930,1023,1023,840,370,828,884
184,62,208,92,412,452,92,8,92,26
175.86,33.145,57.846,54.531,39.071,48.709,17.507,11.872,17.99,26.811
2.3336e+05,37056,65539,55949,51261,77302,19118,11207,16983,27508
0.3032,0.14998,0.19154,0.18057,0.17288,0.17459,0.091184,0.044465,0.12407,0.15864
0,177.56,367.04,178.06,104.56,878.28,290.91,482.08,335.17,301.63
