1742.7,1329,1814.2,1711.1,1684.9,1807.2,1761.6,1709.4,1789.8,1756
1421.3,947.64,630,1478.5,1452.7,1314.6,1367.7,1400.2,1399.1,1438.2
10505,80513,95201,6517,9510,9418,7921,6033,8670,9080
3025,39953,26881,767,1380,1428,941,713,1190,1170
0.71204,0.50377,0.71764,0.88231,0.85489,0.84838,0.8812,0.88182,0.86275,0.87115
1363,2455,1648,1260,1470,1710,1496,1505,1592,2026
2.5288,2.1073,2.7559,2.3377,2.3445,3.3529,2.7755,2.2564,2.5886,3.0931
2,9,4,2,2,2,2,2,2,2
681.5,272.78,412,630,735,855,748,752.5,796,1013
1.001,1.112,0.97523,1.0005,0.98257,0.98673,0.99291,0.99124,1.0027,0.99116
1.0269,0.99378,1.0106,1.0177,1.0039,1.0407,0.98954,0.99965,1.0148,1.0024
7.4783,10.402,8.9484,7.5327,7.5021,6.4493,6.614,6.8508,6.81,5.8297
22,74,29,26,26,25,21,24,24,27
27,79,38,32,29,29,31,28,31,26
4.8052,12.332,1,9.3557,9.7,8.2219,8.2219,12.151,11.569,13.497
4.8052,12.332,1,9.3557,9.7,8.2219,8.2219,12.151,11.569,13.497
0.76395,0.97422,0.26234,1.1742,1.2546,1.1466,1.1744,1.6637,1.4048,1.5435
0.00081467,7.7984e-05,7.1103e-06,8.5672e-05,0.00017062,0.00050396,0.00025592,0.0011093,0.00033134,0.00056644
0.042702,0.049591,0.040949,0.048014,0.045725,0.043271,0.044086,0.05137,0.047067,0.045044
0.13,0.25849,0.1,0.1701,0.20692,0.13151,0.13,0.20534,0.22066,0.16497
-0.13686,-0.37303,-0.1,-0.14866,-0.2,-0.15594,-0.14884,-0.2039,-0.25123,-0.23218
-4.6923,-5.3633,1.934,-4.8194,-8.9785,-6.7176,-5.2285,-7.6516,-7.5868,-11.142
0.14124,0.015391,-0.032619,-0.16538,-0.17913,-0.15421,-0.15624,-0.2485,-0.18874,-0.25456
722.28,254.84,310.21,765.03,818.78,829.28,789.23,739.77,783.43,802.6
158.9,112.11,129.98,137.42,127.44,131.25,112.4,107.24,104.69,111.07
924,794,582,868,1023,1023,1023,1023,1023,1023
18,1,8,48,20,26,8,38,28,50
390.07,524.54,307,429.97,465.71,285.88,326.14,440.28,398.72,302.5
5.3166e+05,1.2877e+06,5.0594e+05,5.4177e+05,6.8459e+05,4.8885e+05,4.879e+05,6.6262e+05,6.3476e+05,6.1287e+05
0.72368,0.45025,0.51339,0.79772,0.74276,0.56055,0.60507,0.66009,0.64832,0.46184
971.74,383.76,645.08,384.17,440.24,363.16,336.79,453.4,350.56,336.15
