1839.7,1774.1,937.88,1226.9,1588.1,1649.1,1571.4,1358.8,1091.3,1299.3
887.2,1006.7,978.93,1275.2,1216.3,1244.9,1261.5,1505.1,1436.5,1409.5
3625,1713,2955,2734,2194,1576,3012,2507,2574,2538
915,613,1375,1184,1004,626,1782,1157,1384,1008
0.74759,0.64215,0.53469,0.56693,0.54239,0.60279,0.40837,0.53849,0.46232,0.60284
1980,1909,1168,1408,1434,1322,1388,1148,1107,1230
9.2523,14.353,5.7537,8.6914,7.2792,6.7107,8.2619,5.3645,5.9516,5.5909
2,2,2,2,2,2,3,2,3,3
990,954.5,584,704,717,661,462.67,574,369,410
1.0418,1.0057,1.0011,0.99608,0.99134,0.98959,0.99097,0.99232,0.98927,0.98725
1.1595,1.3171,0.83884,0.91776,0.86187,1.2784,1.3002,0.84618,1.2605,1.0913
2.3768,2.2917,2.8136,2.656,2.9325,2.6977,2.9801,3.273,2.7511,3.0743
7,7,7,8,9,8,12,11,9,12
10,8,6,11,10,8,9,12,9,11
10.767,12.349,6.1,5.1,10.8,9.7185,10.218,7.7,9.7185,8.2219
10.767,12.349,6.1,5.1,10.8,9.7185,10.218,7.7,9.7185,8.2219
2.4187,3.5211,1.5183,1.2801,2.3969,2.5321,2.2068,1.7916,2.1217,1.8495
0.0015108,0.0031557,0.0014801,0.0023064,0.00012415,0.0016429,0.0019228,0.0014413,0.0032109,0.0023753
0.066981,0.078925,0.048017,0.053049,0.070753,0.067848,0.066659,0.059704,0.066975,0.060118
0.52393,0.19123,0.13,0.14,0.16587,0.1625,0.15811,0.1253,0.16551,0.15
-0.36497,-0.25384,-0.16587,-0.1471,-0.16,-0.16,-0.16,-0.12,-0.16,-0.15
18.347,8.4938,8.7188,10.762,10.766,-0.71361,1.4086,15.517,-1.4198,6.3953
0.21733,0.76053,0.63421,0.76843,0.98879,0.9964,1.0434,0.75486,0.6904,0.69625
563.12,621.52,646.11,662.92,613.42,634.25,531.4,632.31,596.89,625.9
164.03,141.18,122.76,140.79,127.93,104.35,137.6,100.26,132.39,169.15
782,764,772,788,792,800,762,750,788,844
0,58,20,86,28,194,80,46,114,34
27.905,26.466,20.864,18.335,20.708,21.737,18.904,15.287,17.637,26.088
55252,50524,24370,25816,29696,28737,26238,17549,19524,32088
0.1304,0.19899,0.10278,0.11318,0.10512,0.11034,0.11252,0.071432,0.09482,0.11858
1006.2,1095.5,1054.5,1224.1,1259.8,1040.2,698.19,1095.2,438.7,537.04
