1596.7,1577.9,1580,1535.7,1597.7,1615.3,1637.9,1567.1,1566.2,1591
813.37,828.34,843.21,815.75,835.21,826.27,831.52,820.65,810.93,831.3
5658,5404,5233,5252,5331,5852,5364,5715,4833,5396
828,944,623,722,681,872,674,655,653,1106
0.85366,0.82531,0.88095,0.86253,0.87226,0.85099,0.87435,0.88539,0.86489,0.79503
1429,1414,1465,1302,1444,1439,1449,1352,1311,1459
2.5158,2.2806,2.4747,2.2923,2.2633,2.1574,2.3561,2.0994,2.2372,2.4439
2,2,2,2,2,2,2,2,2,3
714.5,707,732.5,651,722,719.5,724.5,676,655.5,486.33
0.98708,0.99218,0.98224,0.99669,0.99432,0.99489,0.98004,0.99663,0.98322,0.99468
1.0089,1.0081,0.99432,0.97248,0.99363,0.9773,0.99332,0.97223,0.98941,0.98469
4.0306,4.1674,4.114,4.6044,4.122,4.2199,4.1428,4.3721,4.1527,4.1909
19,17,17,17,16,17,17,19,16,18
16,14,14,13,12,14,16,16,14,13
7.7233,6.7,7.2,8.7,7.6,6.1,6.7268,7.1253,6.1,7.7
7.7233,6.7,7.2,8.7,7.6,6.1,6.7268,7.1253,6.1,7.7
1.1251,1.1164,1.1116,1.2387,1.2113,1.0585,1.138,1.1127,1.0746,1.2588
0.00011894,-7.3015e-06,0.00027136,0.00031564,0.0002045,5.6759e-05,0.00017442,0.00010716,0.00031157,0.00035227
0.040278,0.041941,0.043994,0.042682,0.045291,0.040429,0.040649,0.041687,0.043225,0.041667
0.11763,0.13682,0.13,0.12083,0.11662,0.10553,0.11,0.11662,0.12,0.1118
-0.11,-0.10384,-0.1101,-0.15119,-0.11,-0.11,-0.1,-0.11,-0.11399,-0.1139
3.1211,7.0379,4.5761,2.4798,-0.13607,3.0437,4.4795,3.6639,-3.8634,0.4482
0.10302,0.11154,0.086363,0.10156,0.10642,0.10793,0.093824,0.094894,0.10052,0.11743
793.74,765.2,734.07,792.72,809.65,812.32,750.98,808.33,826.8,739.69
88.996,107.73,97.429,137.74,102.69,147.59,116.02,133.02,112.88,130.14
868,864,830,900,876,916,840,958,908,844
96,24,20,60,58,20,92,34,34,106
104.58,106.98,101.2,106.15,112.53,112.04,104.24,100.73,99.655,110.16
1.4944e+05,1.5127e+05,1.4826e+05,1.3821e+05,1.6249e+05,1.6123e+05,1.5105e+05,1.3619e+05,1.3065e+05,1.6072e+05
0.18412,0.17255,0.17095,0.18689,0.17637,0.16798,0.1695,0.15642,0.17006,0.18452
696.66,705.73,628.79,657.39,676.74,714.92,636.85,693.44,583.74,361.63
