1268.3,1327.5,1320.9,1084.6,1084.6,1666.9,1864.6,1999.7,1392.7,1702
1540.1,1593.1,1085.4,1138.3,1138.3,1723.8,1549.4,1639.9,1362.3,1613.6
5376,8582,9196,9541,9541,4771,5300,4323,4284,3985
3306,5612,3146,4601,4601,2381,2900,2323,1884,1935
0.38504,0.34607,0.65789,0.51777,0.51777,0.50094,0.45283,0.46264,0.56022,0.51443
2159,2271,1817,2266,2266,2020,1975,1898,2047,2118
5.5644,5.1614,6.1385,5.5813,5.5813,6.2154,5.2387,5.0345,5.4297,4.9953
6,9,4,5,5,5,6,7,5,5
359.83,252.33,454.25,453.2,453.2,404,329.17,271.14,409.4,423.6
0.97293,0.98,0.99827,0.99893,0.99893,1.0017,0.99498,0.99119,0.98152,0.98675
1.0752,0.94577,1.0481,1.0354,1.0354,1.0289,1.055,0.98271,1.0069,1.0173
2.0981,2.4348,2.8679,2.4965,2.4965,2.016,2.2745,2.0987,1.989,2.0127
13,14,16,8,8,11,13,9,10,12
10,20,19,13,13,14,14,13,14,13
3.7,7.1253,4.1,2.6,2.6,4.639,5.6321,4.7297,4.4385,5.6
3.7,7.1253,4.1,2.6,2.6,4.639,5.6321,4.7297,4.4385,5.6
0.89549,1.1265,0.81219,0.49099,0.49099,0.88351,1.0117,0.89837,0.91657,1.1124
0.0029497,0.002752,0.00083175,7.4514e-05,7.4514e-05,0.0024669,0.0028928,0.0019427,0.0010504,0.0025127
0.043273,0.041974,0.03731,0.038352,0.038352,0.040167,0.042039,0.042864,0.042662,0.046252
0.11279,0.1492,0.11683,0.1,0.1,0.10295,0.13305,0.12138,0.1184,0.12438
-0.11662,-0.14855,-0.11,-0.1198,-0.1198,-0.093897,-0.11158,-0.11662,-0.14824,-0.11155
6.8916,8.098,4.2515,1.6141,1.6141,5.7326,-7.7267,6.6031,9.6302,4.0263
1.1078,0.4216,0.3069,0.31717,0.31717,0.50625,0.51326,0.50082,0.57904,0.68711
419.21,401.16,636.59,619.11,619.11,422.49,373.98,395.69,605.34,601.97
118.53,127.02,146.68,170.18,170.18,106.06,131.51,129.2,123.66,98.972
642,636,844,828,828,614,642,616,796,758
1,32,42,48,48,138,102,4,72,12
38.063,34.915,73.624,27.097,27.097,24.131,43.474,32.692,31.344,24.614
82178,79291,1.3378e+05,61403,61403,48744,85861,62049,64161,52132
0.0981,0.079352,0.24873,0.066742,0.066742,0.074249,0.11531,0.086715,0.083141,0.058052
278.81,250.65,253.81,602.09,602.09,324.38,303.82,238.47,285.89,314.35
