1362.7,1249.9,1596.8,1850.5,1631.8,2079.4,1712.9,1625.6,1625.6,1482.8
609.17,605.89,1500.3,1785,1694,1594.5,1634.5,1559.4,1559.4,1345.3
10354,8803,8049,10626,8652,10882,7884,8927,8927,8391
1654,1803,929,4476,2162,4092,1644,1787,1787,1781
0.84025,0.79518,0.88458,0.57877,0.75012,0.62397,0.79148,0.79982,0.79982,0.78775
1858,1924,1899,1832,1709,2148,2041,1827,1827,1847
7.8067,9.7665,7.979,5.9481,7.0041,6.2807,8.1968,7.1647,7.1647,6.2399
4,3,2,5,3,4,3,3,3,3
464.5,641.33,949.5,366.4,569.67,537,680.33,609,609,615.67
0.99327,0.99094,0.99605,0.99521,0.99827,0.99348,0.99789,0.99338,0.99338,0.98879
0.99555,0.99803,1.0144,0.96086,1.0622,1.0445,1.0393,1.0435,1.0435,0.96643
2.812,2.7835,2.4213,3.2455,3.1659,3.0016,2.8624,3.3326,3.3326,2.983
25,25,20,30,26,23,28,28,28,26
31,25,27,33,30,29,28,31,31,26
5.1352,5.6321,2.4187,3.1,3.1,4,5.1352,5.6,5.6,3.6497
5.1352,5.6321,2.4187,3.1,3.1,4,5.1352,5.6,5.6,3.6497
0.45854,0.59525,0.49653,0.58351,0.63857,0.6654,0.70335,0.71551,0.71551,0.59333
8.4736e-05,0.00088784,5.892e-05,-0.00022367,0.00020108,0.00013838,0.00044656,0.00053518,0.00053518,0.0004592
0.044956,0.04375,0.040498,0.041112,0.040356,0.042235,0.042643,0.043148,0.043148,0.038983
0.44193,0.27653,0.11164,0.12,0.14945,0.1172,0.13599,0.13682,0.13682,0.12088
-0.1684,-0.11662,-0.11155,-0.13006,-0.12,-0.1562,-0.14201,-0.12045,-0.12045,-0.1
0.83643,0.80961,0.54721,-3.9363,-3.3804,-4.2952,-6.3035,-2.6395,-2.6395,-0.56184
0.23239,0.30699,0.25288,0.31686,0.25896,0.31964,0.32089,0.27371,0.27371,0.28457
305.08,276.02,787.95,703.58,745.89,630.31,666.07,655.23,655.23,675.65
59.983,58.294,77.47,125.69,80.567,117.07,66.437,66.771,66.771,74.416
390,406,850,828,820,724,762,794,794,796
1,1,152,4,46,4,182,8,8,32
14.628,17.442,20.514,27.422,29.997,35.245,33.598,37.492,37.492,31.293
27178,33558,38956,50237,51265,75707,68573,68498,68498,57798
0.061461,0.088537,0.086193,0.089032,0.12294,0.10306,0.13493,0.14703,0.14703,0.10572
318.85,582.45,169.5,348.1,585.14,499.77,599.54,582.87,582.87,533.7
