1035.6,1170.4,1082,1175.4,1119.9,1076.9,893.38,976.92,994.88,902.56
1351.9,1387.4,1432.7,922.99,1538.9,1546.2,1574.1,1549.8,1620.6,1524.3
5490,5430,5180,4380,4440,3450,4290,3940,4450,3990
0,0,0,0,0,0,0,0,0,0
1,1,1,1,1,1,1,1,1,1
1087,1321,1235,1490,1393,1343,1285,1358,1495,1454
3.2351,3.0793,3.1345,4.6708,4.8034,4.447,3.6925,4.8849,5.2641,5.9835
1,1,1,1,1,1,1,1,1,1
1087,1321,1235,1490,1393,1343,1285,1358,1495,1454
0.98952,0.98058,0.98964,0.98374,0.99316,0.99376,0.98743,0.99129,0.99351,0.98622
0.99856,0.95986,1.0044,1.0618,1.0415,1.0463,1.1048,1.0857,0.99109,1.0922
6.0954,5.9905,6.894,4.4118,4.6879,4.8038,5.5041,4.3809,4.2551,4.2675
22,23,23,19,24,22,19,21,22,20
22,25,24,22,24,20,22,21,23,24
6.36,8.7824,7.225,7.225,6.1294,9.7129,8.6209,7.6164,9.2,19.909
6.36,8.7824,7.225,7.225,6.1294,9.7129,8.6209,7.6164,9.2,19.909
0.99235,1.2227,1.3438,1.362,1.113,1.7053,1.345,1.3431,1.4048,1.8198
3.7793e-05,-0.0001107,0.00026942,-9.0586e-05,0.00036468,0.00045408,0.00049065,0.00015267,0.00045045,-2.5126e-05
0.043566,0.066036,0.045577,0.044098,0.043962,0.053667,0.053415,0.050177,0.049152,0.16098
0.16569,0.87824,0.16169,0.11683,0.11662,0.2061,0.30806,0.2044,0.24526,1.9909
-0.14524,-0.47376,-0.12205,-0.14,-0.12088,-0.14719,-0.19416,-0.16654,-0.14319,-1.0809
-3.2136,-8.204,-12.408,-10.69,-7.8247,-9.7507,-13.408,-13.06,-11.263,-12.359
0.13206,0.15691,0.2168,0.34018,0.31149,0.37565,0.27832,0.33934,0.33596,0.36065
627.45,564.3,611.75,555.52,757.89,601.45,689.03,752.5,743.23,750.87
111.09,112.16,122.22,126.86,111.3,85.151,88.142,116.98,88.487,121.48
780,760,810,790,876,746,838,874,824,904
64,0,84,74,16,48,4,1,176,16
112.7,139.37,172.87,104.74,92.167,82.358,110.9,110.85,79.519,104.43
1.2251e+05,1.8411e+05,2.135e+05,1.5607e+05,1.2839e+05,1.1061e+05,1.425e+05,1.5053e+05,1.1888e+05,1.5184e+05
0.33543,0.32488,0.43876,0.32835,0.31782,0.27271,0.31867,0.39874,0.28,0.42976
0,0,0,0,0,0,0,0,0,0
