1511.8,791.67,1506.9,2355.5,2130,2240.5,2240.9,2210.7,2256.1,2271.2
806.58,723.69,793.99,1032.1,1103.5,972.13,978.56,997.98,1015.9,1020.8
9178,13987,14147,13004,13260,10243,5380,4433,5670,6225
2788,1677,2407,5794,5060,3953,440,643,1160,885
0.69623,0.8801,0.82986,0.55444,0.6184,0.61408,0.91822,0.85495,0.79541,0.85783
1995,1006,1556,1347,1204,1347,1352,1225,1235,1179
2.7106,2.8908,1.9163,2.4227,1.8696,2.3715,2.7762,2.4306,2.4455,2.0119
3,2,2,2,2,3,2,2,2,2
665,503,778,673.5,602,449,676,612.5,617.5,589.5
1.0076,1.0058,1.0134,0.99586,1.022,1.0179,1.0117,1.0128,1.0166,1.0172
1.074,1.0548,1.0416,1.0011,1.0224,1.0255,1.0415,1.0315,1.0269,1.01
4.012,4.1629,5.2113,5.4824,6.1103,4.8477,4.6541,5.2517,4.9182,5.6884
16,17,16,15,16,18,20,16,18,17
17,18,18,19,19,19,18,19,18,18
6.8066,2.8231,2.8636,5.8523,3.7947,6.1465,7.0838,6.2169,7.7621,6.2169
6.8066,2.8231,2.8636,5.8523,3.7947,6.1465,7.0838,6.2169,7.7621,6.2169
0.98684,0.3778,0.44405,0.92498,0.72775,0.97692,0.97204,1.1776,1.0904,1.0375
0.0003955,-5.027e-05,2.3954e-05,8.5108e-05,-1.5576e-05,0.00016537,-2.2157e-05,0.00050641,0.0013722,0.00028366
0.043149,0.036296,0.040263,0.040864,0.041511,0.044438,0.043719,0.04884,0.041513,0.041769
0.24346,0.11,0.11,0.12083,0.1253,0.30676,0.17996,0.20817,0.12438,0.13
-0.12083,-0.099251,-0.11,-0.1475,-0.13022,-0.17676,-0.1248,-0.16372,-0.12429,-0.1172
-7.6309,3.3878,-7.6136,-13.353,-8.1656,-11.468,-12.471,-17.774,-16.461,-13.058
0.2147,0.048522,0.069644,0.079168,0.056713,0.15862,0.17136,0.15006,0.16858,0.10285
265.04,465.39,712.04,692.53,729.2,702.86,778.18,776.63,772.94,763.04
67.22,115.86,165.97,174.06,118.34,166,114.68,114.92,102.52,117.21
422,690,1023,900,880,940,984,972,898,988
1,6,8,24,40,0,10,16,166,142
214.06,77.25,319.64,193.01,265.07,179.26,141.87,189.76,165.42,238.22
4.2705e+05,77713,4.9736e+05,2.5999e+05,3.1914e+05,2.4147e+05,1.9181e+05,2.3245e+05,2.0429e+05,2.8086e+05
0.29084,0.22198,0.39364,0.34714,0.41159,0.3156,0.29131,0.3765,0.32756,0.40652
287.61,200.47,528.8,535.45,647.57,284.54,499.51,483.16,512.51,621.24
