2152.5,1998,2100.6,2344,1581.9,1990.2,2162,2563.6,2299.8,1956.7
1722.9,2951.1,2521.1,2893.7,2868.4,2778.5,2812.9,2904,2963.2,2870.3
25051,11808,14526,11644,16393,10428,8935,17530,14448,13173
3931,3048,3726,3084,2913,2318,2285,3510,2498,2693
0.84308,0.74187,0.74349,0.73514,0.8223,0.77771,0.74426,0.79977,0.8271,0.79557
3465,3235,3241,3174,2520,2929,2863,3139,2996,2730
2.8332,2.891,3.1044,3.7254,2.9543,3.3474,3.6332,2.9254,3.3326,3.2695
3,3,3,3,4,3,3,4,3,3
1155,1078.3,1080.3,1058,630,976.33,954.33,784.75,998.67,910
1.001,1.0002,0.99258,1.0052,0.99303,1.0057,1.0064,0.99433,1.0091,0.99309
1.0392,0.96135,1.0227,0.94836,0.89163,0.93701,1.0235,0.98443,0.98925,0.9534
4.9107,4.5823,5.0904,4.7321,5.3532,5.1123,4.7708,4.813,4.7265,4.832
24,22,22,27,26,25,26,24,23,28
45,22,25,24,23,23,24,22,21,26
2.5495,6.8066,5.707,11.039,7.8262,8.2219,8.2219,6.3325,4.8052,6.1294
2.5495,6.8066,5.707,11.039,7.8262,8.2219,8.2219,6.3325,4.8052,6.1294
0.41718,1.4549,1.1096,1.5819,1.0291,1.8179,1.6909,1.1328,0.92404,0.98938
0.00010445,0.00049303,0.0007536,0.00056146,0.00079264,0.00086442,0.00071274,0.00013745,0.00037812,0.00062241
0.04061,0.042459,0.05804,0.083517,0.05262,0.046755,0.045527,0.039268,0.038466,0.041779
0.16155,0.16476,0.5707,1.1039,0.78262,0.20521,0.12974,0.13416,0.11,0.1319
-0.11763,-0.14748,-0.31763,-0.56,-0.34728,-0.16546,-0.12088,-0.13,-0.129,-0.12083
1.0172,-3.3394,-5.889,-0.67532,-2.862,-0.45873,-3.5252,7.8412,1.0679,-1.6057
-0.010428,0.46375,0.36659,0.416,0.23107,0.36512,0.50118,0.2137,0.29306,0.28195
478.48,749.17,867.09,836.5,808.51,790.39,714.33,792.58,710.4,730.53
78.113,133.23,127.24,138.85,126.89,122.69,126.07,133.68,110.98,125.41
576,1000,1023,1006,998,978,952,960,884,910
44,46,94,20,0,1,20,12,32,12
211.85,174.5,212.69,175.99,197.72,190.07,168.92,197.6,147.17,146.54
7.3405e+05,5.645e+05,6.8934e+05,5.586e+05,4.9825e+05,5.5671e+05,4.8362e+05,6.2027e+05,4.4091e+05,4.0004e+05
0.17322,0.15594,0.20373,0.20657,0.23179,0.21722,0.21437,0.18416,0.1637,0.17549
594.04,1075.2,1151.4,875.1,611.94,773.28,899.71,578.11,1023.3,938.99
