1544.2,2015.4,2049.3,2126.6,2055.1,2169.1,2163.2,2258.1,2128.8,2086
1030.6,878.52,945.85,946.23,903.06,943.59,945.26,948.92,916.75,943.5
25544,5357,6323,5876,7325,8147,7556,7135,8262,6906
6894,597,1063,696,895,1827,866,745,932,656
0.73011,0.88856,0.83188,0.88155,0.87782,0.77575,0.88539,0.89559,0.88719,0.90501
1781,704,872,914,811,985,893,1000,878,821
3.6126,1.6184,1.6515,2.1918,1.6253,1.887,1.7306,2.004,1.7809,1.9976
3,3,3,3,3,4,3,3,3,3
593.67,234.67,290.67,304.67,270.33,246.25,297.67,333.33,292.67,273.67
1.0161,0.99851,0.99153,0.99028,1.0028,1.0106,1.0014,1.02,1.005,1.0034
1.0445,1.0035,0.9881,0.98871,1.0097,0.99916,1.0055,0.98448,1.0087,0.99466
3.9518,4.5875,4.433,4.0018,4.7734,4.3037,4.5883,3.9214,4.653,4.3
24,12,10,14,16,21,20,18,21,18
24,15,16,14,16,18,20,16,17,16
1.7088,2.4187,2.2672,2.0881,2.0591,2.7313,2.7731,2.1095,1.6763,2.7019
1.7088,2.4187,2.2672,2.0881,2.0591,2.7313,2.7731,2.1095,1.6763,2.7019
0.33997,0.49836,0.49176,0.45129,0.43977,0.44778,0.4286,0.42054,0.41765,0.43886
1.7077e-05,2.986e-05,6.687e-05,0.00027533,3.893e-05,8.8859e-05,0.00019194,-9.9469e-06,3.061e-05,0.00014222
0.042274,0.038873,0.040875,0.041411,0.042712,0.040576,0.040582,0.039574,0.042448,0.042733
0.084853,0.11662,0.084853,0.12088,0.1,0.11155,0.078102,0.084853,0.1,0.1
-0.11662,-0.084853,-0.10929,-0.084853,-0.1253,-0.084853,-0.1118,-0.092078,-0.084853,-0.084853
-2.4766,-2.4332,-4.7784,5.9035,5.552,-1.1281,-0.89818,-0.53524,0.5623,-3.6566
0.037035,-0.0032229,0.030147,0.023275,0.035482,0.033494,0.03791,0.029185,0.032419,0.025223
442.42,516.66,622.7,662.76,621.99,513.77,497.96,584.24,607.27,611.64
156.49,181.65,135.16,148.78,149.06,162.64,148.34,184.52,156.3,176.76
944,880,912,956,956,864,868,906,964,952
1,12,1,24,1,42,58,46,40,12
155.66,186.06,169.31,140.98,151.93,153.78,121.86,148.43,143.72,123
2.7724e+05,1.3099e+05,1.4764e+05,1.2885e+05,1.2321e+05,1.5148e+05,1.0882e+05,1.4843e+05,1.2619e+05,1.0099e+05
0.31575,0.42772,0.32066,0.33808,0.30446,0.2946,0.23615,0.29745,0.29152,0.29928
329.92,150.78,201.18,179.56,229.61,182.6,284.14,223.31,208.84,167.9
