1611.8,1492,1372.9,1591.7,1486.9,1492.6,1597.1,1564.4,1575.1,1563.6
942.34,852.08,998.5,836.62,861.12,892.7,858.1,857.38,840.12,894.15
10396,15550,11120,9847,10545,8375,8925,8943,9597,8275
2346,4610,2910,1967,1955,1345,1375,1343,1787,1355
0.77434,0.70354,0.73831,0.80024,0.8146,0.8394,0.84594,0.84983,0.8138,0.83625
2404,2603,2117,2740,2761,2649,2659,2582,2740,2664
1.911,2.0304,1.8919,1.8754,1.943,1.9769,1.8872,1.817,1.9215,1.9646
5,14,5,5,5,5,5,5,5,5
480.8,185.93,423.4,548,552.2,529.8,531.8,516.4,548,532.8
0.97792,1.0478,0.99403,1.0422,1.0296,1.0297,1.0372,1.0445,1.0276,1.021
0.94949,1.3158,0.99136,0.98359,0.96326,0.98169,0.97745,0.97122,0.97028,0.9741
6.256,6.4745,6.3536,5.5555,5.5781,5.3601,6.0201,5.927,5.7698,5.5937
27,52,31,25,27,29,26,31,29,27
31,32,31,26,24,24,25,27,24,26
6.3561,7.4027,5.608,4.4011,4.36,4.1725,9.8509,8.8284,10.625,5.412
6.3561,7.4027,5.608,4.4011,4.36,4.1725,9.8509,8.8284,10.625,5.412
1.2294,1.2048,1.0987,0.88558,0.81158,0.96105,1.186,1.0174,1.0168,1.0134
0.00061451,0.00070678,0.00033845,-9.8147e-06,-0.00012389,0.00011049,-0.00022912,-0.0002505,-0.00015152,-0.00040623
0.04494,0.0506,0.044724,0.041733,0.043932,0.043915,0.087035,0.067304,0.065256,0.045111
0.14318,0.34192,0.15535,0.12,0.13436,0.12138,0.98509,0.88284,1.0625,0.12083
-0.21459,-0.17676,-0.11025,-0.11661,-0.13682,-0.1445,-0.54406,-0.40987,-0.56303,-0.20987
-5.3283,-29.315,-3.906,-10.962,-18.159,-14.255,-14.198,-13.482,-16.517,-14.528
0.18405,0.19414,0.17866,0.3119,0.26109,0.33394,0.27616,0.27235,0.2922,0.31882
666.2,295.63,643.37,697.68,722.47,700.44,697.31,708.47,734.93,755.35
113.64,142.37,114.11,133.87,138.29,140.74,155.75,168.41,153.58,132.51
884,504,896,958,1023,998,1023,1023,1023,1023
26,1,48,1,6,54,1,1,6,54
332.74,300.87,272.54,289.83,336.37,290.33,341.67,298.03,338.84,297.11
7.999e+05,7.8317e+05,5.7698e+05,7.9413e+05,9.2873e+05,7.6908e+05,9.0851e+05,7.6951e+05,9.2842e+05,7.915e+05
0.2645,0.23469,0.24356,0.19838,0.23672,0.21666,0.24249,0.20973,0.23762,0.21911
589.5,228.79,558.42,635.2,591,515.68,604.4,559.77,578.59,589.32
