1884,1304.5,1945.4,2124.8,1962.7,2228.5,2144.4,2201.6,2075.8,1913.1
1408.9,630.23,1451.2,1417.5,1473.6,1405.6,1495.6,1563.3,1477.3,1431.6
5810,15310,6920,7450,6360,9220,6170,6740,6950,6960
0,0,0,0,0,0,0,0,0,0
1,1,1,1,1,1,1,1,1,1
664,909,689,592,643,622,602,643,592,613
2.6667,3.4828,2.895,2.6787,2.5823,2.3831,2.2547,2.4082,2.7535,2.4618
1,1,1,1,1,1,1,1,1,1
664,909,689,592,643,622,602,643,592,613
0.99938,0.98321,1.0005,0.99709,1.0003,0.99611,1.0033,1.0032,1.0048,0.99993
1.011,1.0296,0.99554,1.0062,1.0115,1.028,1.0179,1.0115,1.0233,1.005
4.8679,4.5003,5.2073,5.4662,5.5088,6.3285,5.4234,5.3539,5.2108,5.6668
20,23,24,27,24,25,22,22,23,22
17,20,21,23,21,23,22,21,21,22
2.8231,1.253,3.1575,2.6683,3.1575,2.3324,2.0881,3.7947,2.7731,3.6497
2.8231,1.253,3.1575,2.6683,3.1575,2.3324,2.0881,3.7947,2.7731,3.6497
0.40011,0.29508,0.41884,0.40842,0.44756,0.39597,0.42439,0.45316,0.42244,0.45609
-8.6207e-05,3.268e-05,0.00011303,6.7204e-05,6.5564e-20,0.00019896,-2.8161e-20,0,7.2046e-05,1.6474e-19
0.043136,0.041921,0.038951,0.036917,0.042178,0.040513,0.039725,0.041744,0.040908,0.039092
0.1,0.084853,0.12083,0.092078,0.085494,0.084853,0.083381,0.12452,0.11587,0.11001
-0.10178,-0.1,-0.12083,-0.11,-0.11913,-0.092078,-0.084853,-0.12324,-0.11662,-0.085647
-10.698,7.3069,-8.4837,-7.0389,-6.404,-9.5198,-9.7778,-3.0012,-10.631,-9.2753
0.11343,0.037361,0.098844,0.076779,0.1011,0.05705,0.095948,0.0773,0.078561,0.083477
698.24,650.18,777.02,793.01,732.25,674.91,689.8,754.89,723.37,716.96
132.6,74.608,115.4,145.66,101.79,105.74,117.65,98.317,131.64,142.86
946,826,982,984,926,892,944,980,948,998
36,56,42,4,102,60,40,136,8,42
73.353,76.512,77.43,70.446,75.497,77.888,84.37,70.903,57.159,78.516
48706,69549,53349,41704,48545,48446,50790,45591,33838,48130
0.29459,0.29315,0.32533,0.31876,0.3032,0.29842,0.31599,0.26555,0.26586,0.31533
0,0,0,0,0,0,0,0,0,0
