1356.7,1208.5,1464.3,1455.3,1662.7,1819.7,1674.3,1944.2,1702.9,1794.4
633.67,878.14,1421.4,1382.6,1542.5,1583.1,1651.4,1560.7,1509.8,1561.7
2970,1380,4525,5173,6672,7590,6132,5535,6060,5552
1480,360,905,2313,2322,2520,1902,2115,1170,1172
0.50168,0.73913,0.8,0.55287,0.65198,0.66798,0.68982,0.61789,0.80693,0.7889
1061,750,796,745,765,719,668,632,720,684
2.2866,1.928,1.5608,1.3375,1.4037,1.3934,1.3098,1.2392,1.5319,1.4553
4,5,2,3,5,4,4,4,4,3
265.25,150,398,248.33,153,179.75,167,158,180,228
1.0127,1.0303,1.0085,1.013,1.0137,1.0135,1.0049,1.0017,1.0234,1.0162
1.0211,0.98713,0.99543,0.9956,0.96074,0.97816,0.9623,1.006,0.96395,0.95785
3.0768,2.6357,4.3615,4.7474,4.8911,4.3227,4.6484,4.7078,4.3186,3.9037
12,15,18,21,23,23,22,23,25,17
15,11,22,20,26,24,22,24,24,22
6.3246,4.3463,4.717,5.14,5.2953,4.6065,4.3658,4.6,4.639,4.1
6.3246,4.3463,4.717,5.14,5.2953,4.6065,4.3658,4.6,4.639,4.1
1.2233,1.1121,0.87583,0.97896,0.91679,0.80848,0.76124,0.80812,0.81369,0.77227
0.0015233,0.00072323,0.0010217,0.0014257,0.00031141,-4.5989e-05,0.00026308,0.00061157,0.00084537,0.00045103
0.057127,0.055073,0.039758,0.045937,0.039843,0.038082,0.040574,0.041684,0.037734,0.036697
0.15201,0.12241,0.11,0.13112,0.14416,0.10582,0.10537,0.11662,0.1118,0.11321
-0.15214,-0.15591,-0.11141,-0.13,-0.11953,-0.13,-0.10572,-0.088907,-0.087251,-0.1048
-3.5972,-6.9332,-6.1761,-6.2123,-8.0094,-7.5853,-2.2052,-10.657,-7.5905,-10.723
0.27146,0.27565,0.11868,0.089891,0.041063,0.028396,0.031332,0.013468,0.015042,0.047061
705.95,644.25,660.19,641.22,630.74,686.19,629.5,627.9,706.85,700.01
139.78,178.55,137.88,124.56,123.89,120.9,120.39,135.68,118.66,119.31
1004,1023,840,772,756,816,804,780,892,840
182,62,68,82,80,10,10,2,10,8
79.995,61.047,88.476,108.86,88.108,81.892,60.339,68.384,53.259,41.986
84875,45786,70427,81101,67403,58880,40307,43219,38346,28718
0.1724,0.15693,0.17348,0.19544,0.16167,0.15871,0.11831,0.13409,0.11332,0.089332
155.57,130.25,164.76,160.82,115.2,127.14,140.62,137.21,130.26,144.26
