2077.7,2094.8,1545.9,2060.8,2399.5,2183.6,2016.3,2015.5,1887.3,2035.4
1522.6,1616.9,930.07,1573.8,1521,1531.4,1420.9,1476.5,1436.7,1505
2800,2390,3240,2210,2700,2060,2030,1720,1800,1720
0,0,0,0,0,0,0,0,0,0
1,1,1,1,1,1,1,1,1,1
311,270,694,230,316,307,306,296,306,291
1.0951,0.98901,2.5993,0.77703,1.1575,1.081,1.125,1.0423,1.1007,1.0034
1,1,1,1,1,1,1,1,1,1
311,270,694,230,316,307,306,296,306,291
0.99172,0.98903,0.97686,0.99388,0.98962,0.99548,0.98808,0.99609,0.9886,0.9919
1.0081,0.9976,0.96815,1.0039,1.0023,1.0042,1.001,1.0058,1.0024,0.99626
5.0737,6.3281,3.2128,7.1533,5.3771,5.4684,5.3564,5.7914,5.4666,5.5733
10,8,8,10,8,9,10,7,8,6
9,9,10,10,11,7,7,10,8,8
2.3537,3.1241,2.6401,2.3,3.5228,4.6065,3.048,3.265,3.3121,2.7019
2.3537,3.1241,2.6401,2.3,3.5228,4.6065,3.048,3.265,3.3121,2.7019
0.42945,0.58228,0.69072,0.59428,0.6193,0.727,0.61458,0.72216,0.72178,0.65393
0.00025344,0.00049,0.0001548,0.00022727,0.00026286,0.00086439,0.00055348,0.00038187,0.00083799,0.0005848
0.039839,0.041189,0.038448,0.04378,0.041859,0.042749,0.043079,0.048451,0.044683,0.039417
0.085494,0.12083,0.084853,0.084853,0.11,0.13416,0.13416,0.1172,0.11708,0.11
-0.084853,-0.084853,-0.12083,-0.12,-0.12138,-0.12,-0.11,-0.1172,-0.12083,-0.1
-6.2075,-1.6119,-3.2234,-2.0641,-9.7505,-14.865,-8.6054,-12.58,-9.5464,-6.8773
0.10929,0.11297,-0.051852,0.10136,0.11704,0.14903,0.15074,0.17209,0.17,0.16919
740.16,769.4,599.3,754.87,706.33,718.26,680.3,763.7,660.5,668.51
111.04,115,48.672,115.68,127.79,112.22,110.85,114.84,134.88,134.43
908,910,714,920,854,904,840,944,920,872
138,20,148,38,114,128,54,22,1,12
52.308,85.789,55.609,84.25,83.713,76.931,73.77,87.554,79.323,69.001
16268,23163,38593,19377,26453,23618,22574,25916,24273,20079
0.18418,0.31424,0.20827,0.28463,0.30664,0.27088,0.27121,0.30829,0.28534,0.23794
0,0,0,0,0,0,0,0,0,0
