1355.8,1143,1260.3,1578.3,1695.3,1467.7,1614.3,1444.4,2015.4,1960.1
869.64,901.39,884.93,828.42,678.95,1219.1,463.15,585.21,436.9,485.17
6450,30630,6200,12106,7324,7130,8538,5039,4535,3686
0,630,0,2026,1094,0,1638,519,475,396
1,0.97943,1,0.83264,0.85063,1,0.80815,0.897,0.89526,0.89257
1041,1363,1184,1894,1980,1224,1209,1271,1296,1393
2.3931,2.7647,2.1295,3.4374,3.633,2.6725,4.7412,3.6523,3.7895,3.6466
1,2,1,4,3,1,2,3,2,2
1041,681.5,1184,473.5,660,1224,604.5,423.67,648,696.5
0.99649,0.97475,0.95438,0.96378,0.92342,1.0003,0.98762,0.96447,0.92977,0.95949
1.009,0.98057,1.0047,1.1905,1.1446,1.0115,0.9706,0.98931,0.97755,0.95989
5.2251,5.1281,5.6045,6.6937,6.3926,4.7698,4.2928,4.4166,4.1368,4.3141
18,24,22,16,17,20,20,22,17,19
20,26,26,27,29,22,22,24,22,22
3.6497,0.84853,5.1,12.81,11.8,2.8636,9.7185,12.21,12.8,14.313
3.6497,0.84853,5.1,12.81,11.8,2.8636,9.7185,12.21,12.8,14.313
0.72259,0.28376,0.74702,1.5769,1.837,0.63549,1.2323,1.7318,1.7777,2.1453
-7.764e-05,2.2644e-05,0.00019003,-0.00021699,-3.5113e-05,7.7965e-20,6.9736e-05,0.00023303,0.0008808,0.001031
0.043944,0.044344,0.04796,0.04856,0.047424,0.036202,0.040569,0.075432,0.052988,0.063131
0.31064,0.084853,0.51,0.71044,0.16437,0.092171,0.33121,0.78816,0.24927,0.19883
-0.1772,-0.084853,-0.25,-0.58678,-0.32601,-0.092171,-0.22672,-0.4717,-0.20878,-0.2971
-5.8957,-0.63438,-16.581,-8.579,-14.114,-1.7004,-14.837,-17.467,-16.622,-14.993
0.047597,-0.011878,0.051935,0.33651,0.56111,-0.045021,-0.031105,-0.070971,-0.11834,-0.24101
488.87,403.66,551.19,573.03,526.68,614.22,716.82,747.07,647.46,610
115.57,143.75,91.963,90.684,96.925,177.87,126.74,110.95,134.04,121.53
740,656,700,730,728,984,868,872,820,832
90,22,176,52,168,48,52,0,60,1
176.52,91.93,158.19,211.32,185.61,139.4,85.487,101.52,94.36,102.69
1.8376e+05,1.253e+05,1.873e+05,4.0023e+05,3.6751e+05,1.7062e+05,1.0335e+05,1.2903e+05,1.2229e+05,1.4305e+05
0.4058,0.18647,0.28452,0.38351,0.34057,0.30436,0.33524,0.29172,0.27591,0.26882
0,99.69,0,1261.4,1877.6,0,31.016,89.207,135.35,250.45
