1589.1,1484.3,1206.2,895.96,1968.8,1702.9,1644.3,1441.9,1487.6,2354.6
465.9,852.83,917.01,423.01,899.1,1428,1297.8,1606,1213.6,1627.4
7910,21913,39761,7379,7744,7963,6487,5108,5508,4817
1390,10993,16851,3909,1844,3333,2547,1838,1228,967
0.82427,0.49833,0.57619,0.47025,0.76188,0.58144,0.60737,0.64017,0.77705,0.79925
1357,1627,1766,1552,1811,1567,1909,1133,1843,1679
3.1632,1.2985,3.9071,5.261,4.7285,3.334,3.9199,2.5404,3.9296,3.5273
3,6,4,8,3,4,4,3,5,4
452.33,271.17,441.5,194,603.67,391.75,477.25,377.67,368.6,419.75
0.9655,1.4851,1.0125,1.0507,1.0212,0.99411,1.0067,1.0067,1.0133,1.0084
0.97302,0.9899,1.1612,0.97875,0.98273,0.98619,0.97439,0.96947,1.012,0.97113
7.068,12.88,5.3197,4.0235,4.628,5.4151,4.8657,6.0713,5.5161,5.9129
22,48,37,26,22,24,26,20,27,25
30,66,36,28,23,29,29,27,35,29
17.9,17.9,5.1352,13.005,12.714,16.769,11.532,10.27,11.344,18.938
17.9,17.9,5.1352,13.005,12.714,16.769,11.532,10.27,11.344,18.938
1.3222,1.5848,0.46779,1.8087,1.9085,2.3099,2.2899,1.8187,2.2286,2.8896
0.00093038,0.0010866,9.524e-05,0.0051303,0.0020907,0.00046774,9.3248e-05,-5.3052e-05,0.00032349,0.00044268
0.1032,0.12042,0.037932,0.13006,0.048715,0.064428,0.066433,0.061747,0.088819,0.089799
1.79,1.79,0.11662,1.3005,0.21833,0.27601,0.21584,0.21563,0.93648,0.32256
-1.1273,-1.1273,-0.11,-0.71253,-0.17029,-0.30242,-0.21173,-0.2139,-0.41648,-0.46168
-10.503,-10.503,-0.42417,-8.8431,-11.255,-11.64,-14.367,-18.021,-13.543,-17.208
0.10791,0.22019,0.08542,0.4961,0.44136,0.45606,0.65039,0.56616,0.53449,0.58061
580.25,645.01,443.61,163.55,255.43,565.14,632.15,643.54,602.98,586.61
182.07,212.56,148.47,90.592,78.672,143.8,155.55,136.12,142.57,128.35
826,1023,862,452,568,860,860,940,824,820
0,0,0,0,26,42,12,20,6,24
192.71,725.37,128.77,62.663,91.408,138.85,133.01,180.55,168.66,214.88
2.6151e+05,1.1802e+06,2.2742e+05,97253,1.6554e+05,2.1758e+05,2.5392e+05,2.0456e+05,3.1085e+05,3.6078e+05
0.44921,0.57891,0.2849,0.21242,0.23866,0.29543,0.27312,0.40482,0.35962,0.45143
412.04,729.55,303.88,210.74,885.84,463.59,614.47,551.12,438.07,662.97
