1482.3,1515.3,1324.7,1385.3,1324.3,1726.4,1669.6,1638,1413.4,1567.6
462.67,561.16,1102,544.86,518.57,596.12,485.71,577.86,508.55,483.92
5774,5825,2818,3973,4493,5349,2809,2312,2353,2489
2124,2005,868,1513,2013,3009,1139,582,683,769
0.63214,0.65579,0.69198,0.61918,0.55197,0.43746,0.59452,0.74827,0.70973,0.69104
1832,1551,1863,1684,1664,1184,1516,2215,1663,2001
3.9483,4.4569,3.6529,4.0874,4.7816,2.8738,3.1849,4.1479,3.988,4.5374
3,3,3,3,3,3,3,3,3,3
610.67,517,621,561.33,554.67,394.67,505.33,738.33,554.33,667
1.0022,1.014,0.99763,1.0226,1.0074,1.0029,0.97036,0.97175,0.96035,0.96434
1.0824,0.98126,0.96961,1.024,0.97669,1.0338,1.0119,1.0004,1.0304,1.0355
3.5669,4.4261,3.7252,3.5911,4.1593,4.0614,3.9182,3.097,3.0053,3.1761
15,18,11,15,17,10,12,10,10,10
14,14,14,13,16,10,8,11,9,10
6.8154,9.7739,10.124,12.28,10.341,7.6792,11.851,12.332,9.2655,12.813
6.8154,9.7739,10.124,12.28,10.341,7.6792,11.851,12.332,9.2655,12.813
1.4208,1.7005,2.0964,2.0835,2.0294,1.331,2.1196,2.3808,1.6794,2.4729
0.0017103,0.0006184,0.0017986,0.00054638,3.6393e-05,0.0033906,0.0084577,0.0096029,0.0072353,0.0085131
0.059012,0.051478,0.11978,0.067827,0.078732,0.051281,0.083754,0.071217,0.057769,0.066964
0.4481,0.25427,0.96177,0.2908,0.70328,0.15576,0.36253,0.27936,0.18661,0.2213
-0.19209,-0.20352,-0.49103,-0.19824,-0.23324,-0.13683,-0.30294,-0.25149,-0.15,-0.29093
-0.14932,-7.996,-2.6635,-6.2237,-7.3428,-5.4553,-8.855,-7.66,-12.605,-9.7555
0.73221,0.74501,1.5823,1.064,1.1286,0.66764,1.2553,1.6686,1.246,1.6287
356.92,451.54,494.96,319.93,349.16,425.23,512.11,585.67,510.56,524.67
109.41,136.48,168.87,117.05,115.16,108.86,171.36,164.28,174.61,169.8
516,634,760,528,520,614,904,890,818,864
1,1,0,1,1,6,26,76,32,68
100.79,118.08,160.88,77.477,91.751,151.58,191.37,131.89,125.03,82.877
1.8465e+05,1.8314e+05,2.9972e+05,1.3047e+05,1.5267e+05,1.7947e+05,2.9011e+05,2.9213e+05,2.0792e+05,1.6584e+05
0.21723,0.33931,0.31545,0.18805,0.26365,0.36792,0.40203,0.24698,0.29983,0.18793
476.48,708.79,791.96,618.38,775.01,429.18,512.36,649.45,402.33,669.42
