1120.1,1185,1170.1,1068.9,1166.5,1160.6,1178.1,1130.5,1078.3,1095.6
625.97,635.5,618.54,651.66,638.69,667.3,620.62,634.84,617.41,616.27
4644,5178,4267,3763,4059,4587,4240,4105,4842,3709
2564,2658,1927,1823,1659,2707,1690,1685,1972,1449
0.44789,0.48667,0.54839,0.51555,0.59128,0.40985,0.60142,0.58952,0.59273,0.60933
1066,1358,1337,1184,1149,1103,1404,1159,1200,1220
2.665,2.9651,2.4759,2.5852,2.6414,2.3468,2.7209,2.466,2.381,2.4158
4,4,4,4,4,4,4,4,4,4
266.5,339.5,334.25,296,287.25,275.75,351,289.75,300,305
1.012,1.0514,1.0631,1.0299,1.0266,1.0667,1.0466,1.0639,1.0282,1.0097
0.99265,1.0061,0.99516,0.98012,0.9835,0.9624,0.97332,0.9713,0.96316,0.98507
4.9564,4.8616,5.0751,4.309,4.972,4.6121,4.3601,4.7254,4.694,4.4299
11,10,10,11,10,10,10,10,12,12
9,13,13,11,12,8,11,10,8,12
9.2655,8.7824,14.849,12.912,12.431,10.8,12.431,8.7824,10.767,10.317
9.2655,8.7824,14.849,12.912,12.431,10.8,12.431,8.7824,10.767,10.317
1.887,1.925,2.6723,2.4294,2.2387,2.1872,2.4592,1.8071,1.8244,1.9262
0.0027511,0.001565,0.0055202,0.0091901,0.0015087,0.0063118,0.0022228,0.00054425,-0.00050659,0.00081208
0.053007,0.058528,0.070453,0.061444,0.068029,0.062927,0.071563,0.054476,0.057214,0.05617
0.20859,0.16,0.2883,0.2584,0.26809,0.26233,0.3064,0.21352,0.19599,0.19566
-0.19018,-0.20245,-0.25679,-0.19612,-0.3,-0.15899,-0.2916,-0.16683,-0.25778,-0.20758
-14.209,-18.012,-18.142,-14.823,-12.194,-15.94,-14.799,-17.942,-15.745,-13.989
0.75118,0.81878,0.90851,0.74237,0.73009,0.74385,0.74287,0.63771,0.57048,0.69373
481.32,620.26,603.52,555.41,621.12,665.57,661.04,628.97,623.64,672.01
169.25,174.49,180.85,178.34,169.79,165.37,154.55,161.94,151.22,155.12
690,892,880,816,884,926,946,848,888,918
28,1,26,70,10,82,102,42,106,62
213.59,214.97,239.3,189.45,228.89,189.22,186.18,213.32,233.25,225.3
2.2769e+05,2.9193e+05,3.1995e+05,2.243e+05,2.63e+05,2.0871e+05,2.6139e+05,2.4723e+05,2.799e+05,2.7486e+05
0.53398,0.46936,0.44315,0.41364,0.52619,0.4026,0.36081,0.45387,0.4628,0.44613
379.27,560.93,573.79,366.85,460.58,366.08,518.99,405.72,436.5,401.22
