1164.6,1863.8,1554.5,1429.4,960.66,1758.9,1956.9,1763.3,1795.9,2019
1576,1552.7,1174.9,830.69,1034.5,1624.8,1591.5,1746.3,1704,1642
6053,6559,5230,6110,2920,5390,5432,7187,6246,5943
443,569,0,210,300,610,522,487,406,413
0.92681,0.91325,1,0.96563,0.89726,0.88683,0.9039,0.93224,0.935,0.93051
1939,2363,2985,2883,2674,2204,2776,2582,2383,2414
4.7063,4.4251,4.1865,6.134,5.1822,3.5837,3.9209,4.0534,3.9849,3.0175
2,2,1,2,4,2,2,2,2,2
969.5,1181.5,2985,1441.5,668.5,1102,1388,1291,1191.5,1207
0.99216,0.98951,1.0058,0.97405,0.96274,0.99555,0.984,0.99099,0.995,0.97841
1.0555,1.0528,1.0477,1.2155,1.0184,1.1088,0.93902,1.1275,1.1002,1.0496
3.5582,3.4047,2.9822,3.2533,2.5983,3.9922,4.0257,3.9741,4.0322,4.2316
16,18,21,17,11,20,20,17,17,20
20,17,24,19,16,18,19,18,16,19
5.6,6.7082,5.022,4.1437,5.4378,6.7,6.1855,6.6,5.1352,6.229
5.6,6.7082,5.022,4.1437,5.4378,6.7,6.1855,6.6,5.1352,6.229
0.70326,1.0047,1.0899,0.93026,1.402,1.2079,1.4699,1.2751,1.2558,1.2853
0.0008742,0.0010199,0.00032233,2.2378e-05,-0.00073739,0.00051291,0.00020713,0.00028269,0.00073519,0.0012311
0.041338,0.043662,0.054988,0.038627,0.048497,0.049514,0.049783,0.044181,0.04548,0.04411
0.15437,0.1562,0.5022,0.1184,0.15764,0.16,0.1562,0.16575,0.16,0.15021
-0.10178,-0.12013,-0.23536,-0.11855,-0.12088,-0.16,-0.15422,-0.15321,-0.11913,-0.12041
-8.0087,-4.293,-4.6025,-8.156,-5.3537,-16.385,-14.916,-8.9509,-13.227,-13.281
0.33202,0.41498,0.50249,0.4821,0.95025,0.47094,0.55947,0.39033,0.41993,0.45609
795.35,853.41,702.21,543.5,639.77,826.9,828.69,851.77,788.75,788.69
94.204,97.897,159,102.41,100.1,104.12,84.006,115.8,69.201,102.64
892,940,908,670,802,936,892,988,858,892
138,92,0,22,154,20,72,50,32,28
118.61,124.3,106.31,159.64,118.97,161.38,205.38,205.24,209.81,241.43
2.2998e+05,2.9373e+05,3.1735e+05,4.6024e+05,3.1813e+05,3.5569e+05,5.7013e+05,5.2994e+05,4.9997e+05,5.8281e+05
0.28788,0.23278,0.14911,0.33966,0.23057,0.26241,0.29008,0.3222,0.35084,0.30179
315.32,353.79,0,245.15,200.34,267.86,459,434.61,350.34,392.76
