1605.5,1706,1755,1355.8,1437.4,1213.9,1232.6,1286.4,1344.1,1453.1
565.58,775.52,849.34,789.61,920,941.11,749.76,739.85,875.15,806.33
3690,4600,4430,3090,2838,2650,3460,4430,7870,11570
1870,2260,2210,650,768,570,630,800,5100,7940
0.49322,0.5087,0.50113,0.78964,0.72939,0.78491,0.81792,0.81941,0.35197,0.31374
1072,1491,1011,1612,1475,1495,1149,1301,1776,2245
4.5042,4.0738,3.4155,4.4778,3.8015,3.7848,3.4196,3.9424,4.44,6.5452
4,4,5,4,4,4,4,4,5,4
268,372.75,202.2,403,368.75,373.75,287.25,325.25,355.2,561.25
0.96599,0.97932,0.97371,0.98615,0.99792,0.98654,0.98711,0.98432,0.99542,0.93566
0.98796,0.95944,1.0124,0.95341,0.99912,0.9948,1.001,0.98826,0.98915,0.94752
4.0029,3.2707,4.6005,3.9865,4.5057,4.3797,4.4347,3.9576,5.2525,3.7182
11,14,14,15,13,13,13,15,20,18
12,14,8,11,9,11,8,13,19,13
13.3,7.1253,9.2,14.313,13.314,9.7739,4.639,4.639,9.8656,13.752
13.3,7.1253,9.2,14.313,13.314,9.7739,4.639,4.639,9.8656,13.752
2.3296,1.4468,1.4437,2.446,2.417,1.8942,0.91355,0.9257,2.1525,2.3918
-0.00018058,0.0041983,0.0066855,0.003663,0.0051054,0.0012838,-0.00082185,-0.00038003,0.0019236,0.0016751
0.073303,0.054991,0.05547,0.066178,0.11218,0.062863,0.044408,0.041198,0.074901,0.1022
0.36185,0.159,0.2,0.2945,0.77,0.19277,0.11,0.1253,0.20981,1.3752
-0.26383,-0.17219,-0.11,-0.16683,-0.41489,-0.20272,-0.11375,-0.11636,-0.25563,-0.45389
-1.4518,-7.6032,-10.112,-3.6207,-8.932,-11.263,-8.4665,-8.2517,-2.2724,-5.1232
0.77716,0.49206,0.50028,0.78505,0.70441,0.89989,0.50534,0.44231,0.62286,0.68112
202.87,329.42,283.56,896.31,861.48,923.33,906.58,858.93,773.36,802.71
88.689,109.15,76.687,150.23,211.63,152.95,162.22,177.99,192.51,166.98
390,496,394,1023,1023,1023,1023,1023,1023,970
18,36,1,132,0,218,202,90,124,100
65.281,108.27,149.59,169.91,209.93,192.06,190.88,149.67,134.83,146.36
69981,1.6143e+05,1.5123e+05,2.7389e+05,3.0965e+05,2.8713e+05,2.1932e+05,1.9472e+05,2.3946e+05,3.2859e+05
0.27429,0.29583,0.50536,0.47196,0.54107,0.48622,0.5681,0.45355,0.33708,0.42672
235.67,196.53,246.57,296.83,267.34,352.1,284.84,260.39,344.86,327.69
