806.85,925.04,2257.8,1839.9,2010.4,2508.6,2527.1,2557.4,1940.9,2455.4
1202.9,1098.7,527.89,1184.4,1495.8,1390.8,1261.5,1213,1133.5,880.46
11850,3330,3440,2810,4695,3770,5106,5747,3377,4018
1210,0,470,0,505,0,296,1537,367,758
0.89789,1,0.86337,1,0.89244,1,0.94203,0.73256,0.89132,0.81135
1062,990,990,770,1077,1041,1133,1322,1209,1041
2.3496,2.7123,2.4444,1.8689,2.6925,1.4829,2.102,2.5871,2.0217,1.9494
2,1,2,1,2,1,2,3,2,3
531,990,495,770,538.5,1041,566.5,440.67,604.5,347
0.98534,0.98437,0.97532,0.97971,0.98444,0.98261,0.98452,0.97308,0.98404,0.9746
1.0631,1.0752,1.008,0.99848,0.99081,1.0013,0.96958,0.99124,0.99224,0.98961
2.8897,2.2911,3.041,2.8326,2.6982,3.7592,3.0658,2.9557,2.791,3.2188
7,8,11,6,4,9,11,15,6,14
18,15,16,15,14,15,15,15,14,22
1.3,3.5228,2.508,3.0676,4.36,5.8215,4.8384,3.6401,5.7697,5.1078
1.3,3.5228,2.508,3.0676,4.36,5.8215,4.8384,3.6401,5.7697,5.1078
0.30861,0.69078,0.61437,0.78231,0.79561,1.1476,0.84025,0.79266,1.1703,1.1373
3.9562e-05,0.0001506,0.00034205,0.00025,0.00021595,-2.2145e-19,0.00017005,0.00039779,0.00029025,0.0010588
0.046275,0.034576,0.040182,0.041686,0.042355,0.04448,0.040851,0.042425,0.041352,0.045304
0.078102,0.12083,0.10537,0.13,0.12,0.12,0.10318,0.13,0.11,0.14418
-0.084853,-0.12793,-0.12,-0.1118,-0.12,-0.14859,-0.11,-0.12,-0.090032,-0.11818
1.5183,9.1175,-1.0907,-3.3389,3.4932,-7.9637,-5.6678,-6.1125,-9.1196,-6.0321
0.068522,0.25435,0.25189,0.21423,0.22981,0.24642,0.20976,0.26011,0.32335,0.25575
330.55,847.88,442.76,896.43,752.44,768.9,738.7,729.55,670.79,647.44
71.513,103.1,134.98,105.98,71.298,53.612,126.12,111.8,71.028,72.04
442,994,596,1010,824,832,936,852,758,740
18,102,18,102,26,118,102,8,140,148
65.043,32.48,42.901,63.97,41.766,160.13,73.81,100.76,82.856,73.292
69076,32156,42471,49257,44982,1.6669e+05,83627,1.332e+05,1.0017e+05,76297
0.1439,0.088987,0.10593,0.15527,0.10442,0.2281,0.13694,0.19717,0.13856,0.13725
96.462,0,82.28,0,19.723,0,50.606,48.22,92.195,51.326
