1195.8,1049.7,1085.5,1245.5,949.3,932.02,1126.8,812.57,1843.4,982.9
874.24,604.93,908.7,802.12,628.84,532.88,767.53,1168.5,754.47,1058.4
7390,5238,3176,12128,9334,7834,3333,9559,6410,9750
0,228,376,6548,4254,1264,393,709,0,0
1,0.95647,0.88161,0.46009,0.54425,0.83865,0.88209,0.92583,1,1
2990,2520,2750,2720,2389,2480,2526,1465,1949,2251
4.1586,3.1738,3.059,2.8422,5.0938,5.0924,4.393,2.7486,2.4181,4.7894
1,2,2,3,2,2,2,2,1,1
2990,1260,1375,906.67,1194.5,1240,1263,732.5,1949,2251
0.99432,1.0733,1.0095,1.0054,1.0126,1.042,1.014,0.98137,0.95807,1.0117
1.0372,1.1029,1.052,1.2641,1.1599,1.517,0.97616,1.0343,1.0517,1.0868
2.4411,2.9752,2.7649,2.822,2.469,2.5364,2.844,3.3269,2.933,2.4758
14,24,16,12,17,15,17,17,15,13
15,27,19,17,18,20,18,20,18,18
3.6497,5.4083,12.54,3.891,6.1847,2.6,4.9396,1.6,4.1,2.3707
3.6497,5.4083,12.54,3.891,6.1847,2.6,4.9396,1.6,4.1,2.3707
0.68029,1.2502,1.452,0.7644,0.59899,0.52328,1.1511,0.34313,0.69478,0.4422
0.00037207,0.00056573,-0.0010299,1.9662e-05,0.0013283,0.0002112,0.0010002,1.222e-05,0.00015416,6.1602e-05
0.04294,0.060906,0.10776,0.044045,0.050638,0.038893,0.056071,0.041369,0.038788,0.041216
0.27459,0.27459,1.254,0.25,0.61847,0.1,0.14032,0.084853,0.1052,0.14866
-0.20881,-0.44126,-0.61799,-0.2803,-0.30414,-0.1253,-0.15414,-0.11662,-0.12083,-0.13
-3.2576,-8.6918,-3.5667,-5.6895,-2.7431,-3.0706,-6.1073,-2.9498,4.9189,-5.6998
0.39499,0.46751,0.87527,0.48369,0.46504,0.36363,0.83062,0.16816,0.29938,0.22718
837.03,457.97,822.47,687.19,550.17,551.56,618.28,645.64,618.57,680.32
352.43,412.7,134.09,100.02,197.02,162.77,98.047,135.95,55.259,136.08
1023,1023,954,984,866,760,814,886,764,814
0,0,0,192,0,42,64,12,144,0
113.56,107.29,112.16,66.323,50.039,66.102,104.87,88.8,146.75,64.664
3.3954e+05,2.7038e+05,3.0844e+05,1.804e+05,1.1954e+05,1.6393e+05,2.649e+05,1.3009e+05,2.8602e+05,1.4556e+05
0.15794,0.13513,0.12476,0.069303,0.10669,0.13573,0.18238,0.1666,0.18207,0.13758
0,1006.1,1097.2,915.6,866.91,811.01,1001.7,483.89,0,0
