1674.4,988.64,1691.5,1720.3,1552.4,1537.4,1504.4,1644.8,1767.6,1617
1213.7,695.55,1458.1,1456.6,1806.8,1326.4,1414.8,1285.6,1446.6,1387.4
2040,14390,7360,6260,4680,4550,4290,4570,4750,4530
0,0,0,0,0,0,0,0,0,0
1,1,1,1,1,1,1,1,1,1
918,1337,796,826,771,720,847,847,811,597
2.3299,4.258,2.853,2.6906,2.4633,2.6966,2.6062,2.1774,2.0224,2.332
1,1,1,1,1,1,1,1,1,1
918,1337,796,826,771,720,847,847,811,597
1.0022,1.0016,0.99898,1.0015,0.99782,1.0037,1.0019,0.99206,1.0012,1.001
1.0235,0.95906,0.97304,0.98298,1.0031,0.9843,0.99684,0.98849,0.99192,0.98448
2.5972,2.9408,3.3871,3.2771,3.472,3.4835,3.1249,3.306,3.544,3.5099
10,22,19,14,16,19,16,16,16,14
14,20,16,15,18,19,15,17,17,17
5.143,1.6155,2.571,2.1,3.1575,2.8636,3.7947,4.639,3.6497,2.3537
5.143,1.6155,2.571,2.1,3.1575,2.8636,3.7947,4.639,3.6497,2.3537
1.0237,0.31558,0.4085,0.4343,0.58414,0.47367,0.56228,0.6868,0.63755,0.43787
0.00018974,0,0.00020408,0.00024,8.9151e-20,1.1463e-19,0.00013229,0.00045791,1.1711e-19,0.00017279
0.046869,0.042198,0.041725,0.042312,0.039362,0.039002,0.041843,0.042245,0.040646,0.041115
0.12809,0.11155,0.1,0.12,0.13006,0.12138,0.11471,0.11,0.11,0.1062
-0.12072,-0.11155,-0.1,-0.11,-0.12083,-0.084853,-0.11,-0.15119,-0.1,-0.1
-9.1791,-2.2003,3.2636,0.33474,-4.6789,-7.9549,-3.1849,-6.6429,-11.101,-4.4166
0.43284,0.09041,0.081929,0.10272,0.12756,0.1189,0.15338,0.14836,0.13432,0.10044
276.49,859.86,734.8,760.56,759.97,774.44,751.42,718.49,744.17,768.83
48.349,102.72,117.03,138.04,144.85,115.25,123.89,144.16,122.3,147.01
396,948,836,860,884,890,876,884,862,872
26,110,54,36,32,50,142,62,38,76
49.815,41.941,50.771,62.473,74.645,58.648,65.399,77.573,74.363,53.229
45731,56074,40413,51603,57551,42226,55393,65704,60308,31778
0.12644,0.13357,0.18197,0.20349,0.23848,0.21965,0.20123,0.19942,0.18544,0.20792
0,0,0,0,0,0,0,0,0,0
