786.69,764.95,755.49,1458.8,1710.9,1798.2,1809.3,1747.5,1691,1967.6
654.52,658.38,520.27,1430.9,1343.3,1376.2,1387.3,1446.9,1321.2,1366.4
12587,11817,10314,12387,11109,8121,8966,7263,8068,8215
5357,3857,4404,7847,7009,3611,5446,2963,2338,4675
0.5744,0.67361,0.57301,0.36651,0.36907,0.55535,0.39259,0.59204,0.71021,0.43092
571,556,669,826,862,933,883,939,750,740
1.5146,1.4748,1.357,1.6008,1.3511,1.5628,1.6723,1.4446,1.5756,1.501
8,6,4,9,8,6,7,6,5,7
71.375,92.667,167.25,91.778,107.75,155.5,126.14,156.5,150,105.71
1.0322,1.0381,1.0525,1.0099,0.99758,0.99872,0.99714,1.0306,0.99492,0.99449
0.99112,0.98504,1.0229,0.99126,0.99459,0.97492,0.97986,0.98485,1.007,0.99184
7.074,6.6978,6.2158,6.6664,6.7805,6.6639,5.5093,6.1684,6.3872,6.1444
28,26,27,34,33,28,28,26,30,27
26,27,22,26,28,28,26,24,26,25
2.9428,2.4187,3.1575,4.4385,5.022,5.8669,3.5228,5.1884,3.8949,4.0249
2.9428,2.4187,3.1575,4.4385,5.022,5.8669,3.5228,5.1884,3.8949,4.0249
0.46554,0.41446,0.5267,0.74772,0.89788,0.9947,0.79666,0.97366,0.74462,0.82854
0.00042729,0.00030018,0.00083077,0.0011826,0.0014018,0.00094474,0.002012,0.0011363,0.00024887,0.0015418
0.043503,0.042823,0.040761,0.042907,0.043575,0.046274,0.043913,0.043444,0.040583,0.045002
0.13261,0.1,0.16005,0.12083,0.14248,0.192,0.12167,0.13682,0.12556,0.12083
-0.13,-0.13682,-0.12143,-0.12438,-0.1264,-0.1464,-0.1636,-0.12374,-0.13682,-0.11683
5.4031,6.1942,4.7374,6.816,7.7273,1.7085,9.0291,8.9677,4.4078,7.2636
0.10253,0.094688,0.14728,0.28036,0.31819,0.29173,0.3285,0.27007,0.16667,0.29184
357.44,394.47,403.12,525.51,532.39,592.37,549.57,625.94,676.6,560.98
126.75,128.43,127.18,154.95,165.32,117.6,148.52,121.63,134.44,140.71
520,574,582,828,824,816,784,920,874,848
1,1,1,1,18,4,72,62,26,8
107.7,112.65,134.49,150.1,183.64,196.87,146.05,159.56,119.96,135.56
61499,62632,89977,1.2399e+05,1.583e+05,1.8368e+05,1.2896e+05,1.4983e+05,89972,1.0031e+05
0.28569,0.2988,0.27281,0.2909,0.28783,0.32976,0.2766,0.24548,0.25202,0.27497
97.651,115.35,212.29,145.88,169.05,238.67,145.1,235.28,141.27,150.22
