1396.6,1186.8,1431.5,1576.9,1496.5,1560.8,1257.5,1789.3,1202.9,1496.2
786.51,401.41,789.01,930.43,962.85,804.61,911.05,858.08,1074.8,918.59
4560,4146,11978,13170,11564,9790,11110,15860,9809,9632
1280,336,1638,1970,1724,2970,2440,2610,1189,1342
0.7193,0.91896,0.86325,0.85042,0.85092,0.69663,0.78038,0.83544,0.87878,0.86067
1281,1388,1016,1316,1143,1684,1153,1082,893,1153
4.7978,4.3511,5.1574,5.5294,5.802,5.103,4.5039,5.33,2.7994,3.9759
12,2,3,2,2,7,6,4,2,2
106.75,694,338.67,658,571.5,240.57,192.17,270.5,446.5,576.5
1.0138,1.0199,1.0029,1.0032,0.99909,1.0098,0.99695,1.0064,0.9995,0.99467
0.99445,0.98916,0.98122,0.98568,0.9914,0.96564,0.96931,1.0087,1.0286,0.97827
4.4541,3.5028,3.4496,3.3677,3.4825,4.2555,4.2929,4.2522,5.8846,4.5752
32,25,19,23,23,41,41,30,39,28
38,27,33,35,35,32,32,37,36,36
12.7,6.2,2.5,3.6,2.6907,5.6321,2.5,9.1,3.5355,4.1
12.7,6.2,2.5,3.6,2.6907,5.6321,2.5,9.1,3.5355,4.1
1.3297,0.81286,0.37134,0.4413,0.43386,0.73531,0.41039,0.61392,0.51506,0.5306
0.0025118,0.0010476,7.6817e-05,7.1201e-05,0.00028935,0.00019756,0.00030462,0.00034312,-2.5062e-07,-7.3199e-06
0.058945,0.059645,0.035869,0.035684,0.036661,0.039444,0.037517,0.044775,0.040224,0.038439
0.35891,0.57271,0.1,0.17088,0.2184,0.11,0.1118,0.4639,0.10155,0.12
-0.18756,-0.46,-0.1,-0.15,-0.1,-0.13964,-0.1,-0.25509,-0.12088,-0.11
12.54,-2.5021,1.9639,1.1399,3.8642,-8.7668,0.59032,-0.79831,8.5456,7.9572
0.31103,0.45352,0.068879,0.12676,0.12928,0.29748,0.15262,0.11576,0.15736,0.18633
523.62,797.8,547.26,683.76,517.65,340.07,269.24,812.13,693.93,711.01
153.61,81.455,212.29,205.82,188.32,139.11,126.43,129.58,87.31,111.23
820,960,760,1023,742,662,576,952,790,832
98,220,0,0,0,1,1,0,48,52
49.409,39.116,29.175,26.169,31.509,77.361,48.526,24.482,90.83,64.698
63293,54293,29642,34439,36014,1.3028e+05,55950,26490,81111,74596
0.18505,0.12262,0.1481,0.10995,0.15994,0.23443,0.18955,0.1206,0.28473,0.2231
166.27,970.74,99.94,593.03,455.16,260.12,212.26,215.11,602.13,617.84
