945.75,851.78,915.31,966.68,859.5,866.79,905.33,897.79,937.8,851.53
408.71,423.07,442.84,439.31,427.79,427.27,428.28,462.38,441.49,409.59
6346,5450,5626,7751,6299,5664,5627,5773,5721,6307
2136,1040,1286,1781,1349,1194,1357,1703,1111,1407
0.66341,0.80917,0.77142,0.77022,0.78584,0.78919,0.75884,0.70501,0.8058,0.77691
1087,970,995,1015,964,944,939,1194,1025,904
3.0706,2.4619,2.3522,2.6093,2.557,2.3959,2.4907,2.5733,2.458,2.3239
5,4,4,5,4,4,5,5,4,5
217.4,242.5,248.75,203,241,236,187.8,238.8,256.25,180.8
1.0254,1.017,1.0257,1.0112,1.0078,1.0017,1.0225,0.97837,1.0165,0.98297
0.95682,0.98951,0.96288,0.93746,0.97542,0.97978,0.96583,0.98164,1.005,0.9731
5.9858,6.367,6.5106,6.5585,6.0029,6.3922,6.2855,6.1816,6.4961,6.0598
21,23,21,17,24,23,22,21,21,22
24,24,24,25,24,24,25,23,24,26
6.1294,6.691,7.7,6.6272,5.1,7.1253,7.1253,6.7,7.225,6.1
6.1294,6.691,7.7,6.6272,5.1,7.1253,7.1253,6.7,7.225,6.1
1.0172,1.0124,1.0897,0.95839,0.81873,1.017,1.0536,1.1807,1.0571,0.81306
0.00072324,0.00034498,0.00098792,0.00079134,0.00018615,0.00022651,0.0009782,0.00080848,0.0005187,0.00077042
0.042706,0.04243,0.043918,0.041804,0.039594,0.045992,0.045053,0.043943,0.042408,0.041252
0.13,0.13144,0.1172,0.17324,0.093897,0.13682,0.13,0.13,0.1562,0.12
-0.12083,-0.15021,-0.15594,-0.13,-0.1118,-0.14884,-0.20594,-0.17539,-0.12504,-0.16
-3.2372,-4.7715,2.269,-0.52471,-0.044976,-3.9707,-5.6928,-4.2794,-5.8905,0.12448
0.35215,0.27042,0.30713,0.22926,0.26133,0.27301,0.28526,0.36559,0.3031,0.22385
633.02,615.31,653.93,599.43,573.81,628.18,647.63,684.31,740.42,709.82
153.79,129.94,138.14,150.64,119.53,127.33,146.54,112.78,127.12,149.29
740,790,804,750,662,748,768,820,880,888
1,26,48,20,1,32,2,18,64,1
99.083,127.06,161.69,144.93,106.84,126.01,122.32,142.54,151.28,111.48
1.077e+05,1.2324e+05,1.6088e+05,1.471e+05,1.03e+05,1.1895e+05,1.1486e+05,1.702e+05,1.5506e+05,1.0078e+05
0.27989,0.32248,0.38224,0.37257,0.2834,0.31982,0.32446,0.3072,0.36277,0.28659
365.33,351.16,414.56,305.97,381.96,383.06,274.31,335.52,428.33,252.41
