1552.2,1799.2,1158.6,1864.9,2669.5,2713.9,2721.2,2447.3,2444.3,2436.7
865.96,1007.9,654.48,534.65,510.47,582.23,488.93,548.13,515,573.27
7498,11730,4326,6925,5727,4899,8811,5296,4947,4931
4748,7060,1496,3265,2017,1979,5301,837,1397,1301
0.36676,0.39812,0.65418,0.52852,0.64781,0.59604,0.39837,0.84196,0.71761,0.73616
1296,1103,1006,1005,1035,715,873,771,811,740
4.0627,4.991,1.6519,2.9822,1.5517,1.4503,1.3946,1.7972,1.8904,1.5195
8,9,7,9,8,8,7,7,7,7
162,122.56,143.71,111.67,129.38,89.375,124.71,110.14,115.86,105.71
1.0321,1.0059,0.93127,1.0417,1.0687,1.0694,1.0036,1.0357,1.0031,1.0295
0.96223,0.96635,1.0045,0.96074,0.98226,0.9938,0.99201,0.99727,0.98661,0.993
2.5898,3.3532,5.4355,3.4968,4.7503,5.2219,4.2354,4.8056,4.2818,4.8096
21,27,26,26,30,30,25,32,31,28
20,27,18,28,25,26,18,27,26,21
4.5,2.4187,5.2393,4.1437,3.5228,3.1,3.1623,2.4187,2.7731,3.1
4.5,2.4187,5.2393,4.1437,3.5228,3.1,3.1623,2.4187,2.7731,3.1
1.0361,0.55555,1.0224,0.74064,0.80695,0.60498,0.61694,0.55726,0.59193,0.63994
0.00064667,0.00043203,-0.00064105,0.0015597,-0.00018513,0.00025882,6.1425e-05,0.0013009,0.00049795,-5.4273e-05
0.048201,0.040181,0.045429,0.039485,0.047615,0.040541,0.041381,0.052122,0.041958,0.042682
0.1118,0.11662,0.12929,0.1,0.12013,0.11,0.11662,0.5,0.11662,0.11
-0.19209,-0.11662,-0.12088,-0.12929,-0.1352,-0.1,-0.15234,-0.20881,-0.12083,-0.11662
-10.444,-4.7233,7.0058,2.0648,7.0751,6.5089,13.558,10.853,6.6975,5.2239
0.23517,-0.15185,-0.37529,-0.087648,-0.28338,-0.23961,-0.22611,-0.13209,-0.21768,-0.15628
488.51,508.03,642.76,437.08,549.58,560.5,604.7,623.22,714.04,747.77
175.35,163.77,169.42,156.93,184.12,175.59,172.3,309.65,210.29,191.75
746,838,920,694,916,868,868,1023,1023,1023
52,2,42,2,24,64,36,0,1,28
30.331,13.824,131.78,36.84,104.35,118.18,75.403,98.823,87.043,129.1
39308,15248,1.3257e+05,37024,1.08e+05,84496,65826,76193,70592,95531
0.09508,0.062553,0.21639,0.10932,0.15644,0.23971,0.12045,0.23036,0.2029,0.26508
76.698,168.1,252.79,152.38,264.01,196,221.68,136.38,173.12,164.87
