1681.5,1458.1,1427.5,1230.7,1139.8,2610.5,678.24,1121.1,1121.1,1205.9
796.81,925.84,800.32,769.44,780.42,2496.1,1339.7,1281.5,751.95,366.75
4420,5000,7694,8206,9819,28402,6719,7591,8843,8960
0,0,3164,3336,2749,19812,2259,3501,4653,2280
1,1,0.58877,0.59347,0.72003,0.30244,0.66379,0.5388,0.47382,0.74554
1996,2194,2036,1668,1618,2659,1184,1235,1649,1321
7.8275,3.939,4.6168,3.9904,3.816,2.4643,4,4.1864,3.5539,4.2204
1,1,5,6,5,6,4,5,5,5
1996,2194,407.2,278,323.6,443.17,296,247,329.8,264.2
1.0107,1.0141,0.99543,1.0206,1.0219,1.0128,1.0041,0.99584,1.0101,0.99837
1.0569,0.99617,0.98278,1.0112,1.0291,1.0796,0.96467,1.0147,1.0616,1.0345
2.0715,2.1731,3.3635,3.6396,3.3185,4.436,3.1329,2.9656,3.1229,3.1087
22,23,18,14,18,30,12,8,16,12
24,19,22,18,19,27,16,19,20,19
5.1,5.7315,2.6,2.6,2.6683,11.258,3.5511,4.1437,3.1575,2.6683
5.1,5.7315,2.6,2.6,2.6683,11.258,3.5511,4.1437,3.1575,2.6683
0.81237,0.88836,0.56344,0.51033,0.4163,1.0126,0.53713,0.61092,0.61796,0.37529
-4.1049e-05,-1.3349e-18,0.00053315,0.00017402,-0.00015163,0.00022625,0.0005382,0.0023639,0.0011463,0.00023109
0.041068,0.058451,0.041579,0.041718,0.040976,0.069266,0.044921,0.044855,0.038698,0.041626
0.12083,0.38601,0.15,0.13,0.11,1.1258,0.16441,0.23324,0.11,0.13
-0.1,-0.37,-0.15492,-0.1562,-0.13,-0.80268,-0.1,-0.10584,-0.091898,-0.084853
-10.016,-18.303,0.53036,-4.0494,-4.0748,0.77898,-2.1788,2.3049,-1.182,0.71382
0.41199,0.3888,0.51877,0.33114,0.20981,0.19346,0.28834,0.30912,0.40282,0.21925
720.73,581.64,427.64,404.48,498.7,352.26,412.69,385.95,325.3,340.89
118.03,265.03,108.55,143.77,98.19,133.96,131.82,120.72,103.23,109.29
828,908,760,608,632,618,722,698,564,552
42,0,1,22,52,0,2,20,10,38
40.147,54.168,52.116,71.231,63.925,210.03,42.085,32.265,50.385,34.848
80133,1.1885e+05,1.0611e+05,1.1881e+05,1.0343e+05,5.5847e+05,49828,39848,83084,46034
0.15744,0.09725,0.11818,0.17041,0.15077,0.19465,0.14218,0.10937,0.10859,0.11133
0,0,659.76,472.35,421.74,753.71,372.5,362.69,477.71,305.07
