1480.5,1444.9,1491.5,1386.5,1280,1550.4,1182.8,1420.1,1281.9,1259.3
901.54,1595.1,1556.3,1406.5,1391.7,1437.1,1126.5,1453.5,1525.2,1419.1
14491,3581,3386,3422,3453,4336,3648,3706,3732,3800
2171,361,606,412,183,656,468,426,432,450
0.85018,0.89919,0.82103,0.8796,0.947,0.84871,0.87171,0.88505,0.88424,0.88158
1072,1148,1077,1031,1225,1332,1036,1205,1153,1011
2.5283,3.8784,4.207,3.4831,4.0563,4.5931,3.3099,3.8498,3.9085,3.1693
3,2,2,2,3,4,3,3,3,3
357.33,574,538.5,515.5,408.33,333,345.33,401.67,384.33,337
0.98296,0.99637,0.99323,0.996,0.98979,0.99447,0.98975,1.0032,0.99473,0.99701
1.0017,0.98267,1.0009,0.97463,1.0081,0.99693,0.97897,0.98441,0.96188,0.95091
6.663,4.4652,4.6002,4.4765,4.4327,4.4016,4.6572,4.6002,4.4952,4.6585
27,23,21,25,25,27,22,28,26,26
25,24,23,24,26,31,25,26,25,28
2.571,6.7543,9.8656,8.9989,7.8854,6.8154,9.1706,7.7621,9.8433,8.0654
2.571,6.7543,9.8656,8.9989,7.8854,6.8154,9.1706,7.7621,9.8433,8.0654
0.41952,1.3219,1.5207,1.3456,1.3372,1.2283,1.3668,1.307,1.3387,1.2565
0.00015401,-0.00042904,0.00063327,-0.00071699,-0.00028566,-0.00025995,0.00058056,-0.00095808,-0.00019116,-0.00028436
0.044918,0.097274,0.061575,0.053679,0.054855,0.050266,0.05595,0.054529,0.05726,0.051372
0.11662,0.6637,0.24447,0.26028,0.17088,0.11997,0.2292,0.1745,0.22353,0.13754
-0.11662,-0.43046,-0.20817,-0.16762,-0.21187,-0.1987,-0.16144,-0.19844,-0.22732,-0.20714
-13.819,-12.59,-17.88,-15.091,-13.271,-11.588,-13.349,-17.324,-16.285,-13.574
0.10598,0.40815,0.47898,0.48573,0.40283,0.44757,0.42637,0.44837,0.45123,0.42528
304.79,492.56,635.01,559.62,486.56,581.61,658.93,597.11,630.89,631.28
77.584,118.51,100.65,97.293,186.2,133.54,127.59,93.127,116.43,130.6
438,792,792,706,796,854,924,786,822,812
1,0,148,68,0,2,16,124,54,1
123.37,96.065,73.506,60.204,92.377,89.854,85.425,66.597,62.082,75.969
1.3225e+05,1.1028e+05,79166,62071,1.1316e+05,1.1969e+05,88500,80250,71581,76805
0.29096,0.32455,0.28713,0.20339,0.30588,0.30984,0.27292,0.21277,0.21045,0.23815
426.71,693.43,711.78,758.98,311.55,381.6,358.69,423.34,406.37,393.48
