1457.4,964.78,1185.5,971.3,920.43,854.94,918.92,886.96,984.14,988.02
1060.8,1547,1554.7,1608.3,1652.8,1600.1,1537.1,1535.4,1582.9,1653.4
19939,4728,5284,5103,5513,4744,5742,5405,4665,5362
2859,828,884,913,1163,1024,1262,1265,1015,1212
0.85661,0.82487,0.8327,0.82109,0.78904,0.78415,0.78022,0.76596,0.78242,0.77396
1827,1159,1200,1107,1306,1077,1347,1158,980,1092
2.5624,3.6332,3.8961,3.9677,3.6997,3.4409,4.4603,4.2574,3.131,3.3091
6,6,6,6,6,6,6,6,6,6
304.5,193.17,200,184.5,217.67,179.5,224.5,193,163.33,182
1.0143,1.003,1.0061,1.0028,1.0017,1.003,1.003,1.0057,1.0024,1.0069
1.045,0.96306,1.0113,0.97295,1.0157,1.0056,1.0072,0.99682,1.0294,0.99786
4.5312,3.7779,3.9021,3.7232,3.9796,4.1776,4.1432,4.2738,4.1107,4.0925
20,17,19,19,25,19,28,19,20,13
32,25,29,26,33,27,33,30,27,29
2,3.1575,2.8599,2.5404,2.9,3.1401,3.5355,3.5511,2.8231,2.8231
2,3.1575,2.8599,2.5404,2.9,3.1401,3.5355,3.5511,2.8231,2.8231
0.37165,0.58925,0.51252,0.52549,0.60681,0.56452,0.59783,0.59973,0.57721,0.58829
-3.5578e-05,-0.00070496,-6.0638e-05,-0.00067561,-0.0005708,-7.847e-05,-0.00033591,-0.00075502,-0.00035438,-0.0001271
0.040645,0.045208,0.046953,0.045029,0.042135,0.043222,0.045311,0.042631,0.043339,0.045054
0.13,0.1172,0.12138,0.13,0.11662,0.10119,0.11818,0.12,0.1562,0.11399
-0.11662,-0.23315,-0.28599,-0.20404,-0.12091,-0.18242,-0.12,-0.14292,-0.11,-0.17131
-0.085715,-3.7989,0.6238,-2.6057,-3.5103,-1.8282,0.43906,-1.1068,1.4562,0.0082575
0.10372,0.33237,0.30429,0.28331,0.32323,0.3093,0.31098,0.29505,0.25341,0.25314
754.94,698.89,687.83,747.18,700.63,566.11,697.21,647.14,671.82,727.19
150.73,99.338,144.66,116.88,133.53,122.33,130.9,110.63,125.36,139.16
1004,846,868,872,836,682,832,764,820,850
24,34,20,6,20,58,1,32,92,36
58.5,22.406,31.054,23.429,32.455,29.646,31.12,28.313,32.432,38.433
1.0688e+05,25968,37265,25936,42387,31929,41919,32786,31783,41968
0.082048,0.070237,0.10083,0.083975,0.091941,0.094717,0.10305,0.10409,0.10362,0.11646
358.76,279.5,289.5,246.87,312.27,261.86,292.25,279.33,237.22,256.71
