1031.3,1033.5,1752.3,1846.1,1309.9,1178.2,1294.3,1325.9,1378.9,1593.9
1065.1,853.06,610.47,431.42,1223.6,886.57,872.67,863.73,1235,1355.1
790,930,5670,5230,22031,8904,7756,7514,5437,5157
0,0,1820,1770,11191,2024,2056,1894,2857,1917
1,1,0.67901,0.66157,0.49203,0.77269,0.73491,0.74794,0.47453,0.62827
1020,1470,862,1301,1265,862,979,1173,1220,1122
3.8346,5.069,2.477,3.0757,3.0336,2.5131,2.5167,3.5438,3.8978,3.3294
1,1,6,6,4,4,5,4,6,5
1020,1470,143.67,216.83,316.25,215.5,195.8,293.25,203.33,224.4
1.0034,1.0034,0.99622,1.0265,0.99753,1.0444,1.019,1.0283,0.99904,1.0108
0.99538,0.99158,0.9663,0.99941,1.1039,1.0168,0.98805,1.01,1.0225,1.0058
3.7595,3.2227,5.5648,5.1531,6.4606,6.8768,6.9714,6.0067,4.6649,5.4966
8,10,19,23,27,28,25,24,18,19
9,10,22,25,26,26,22,20,19,26
16.886,16.56,8.9989,13.888,7.2993,5.1352,5.6321,7.225,10.817,11.434
16.886,16.56,8.9989,13.888,7.2993,5.1352,5.6321,7.225,10.817,11.434
3.6369,4.2445,1.1439,1.8471,0.97441,0.81098,0.96866,1.2132,2.2413,2.2469
0.01695,0.012309,-0.00061103,0.0033818,0.00025104,-7.8247e-05,0.00028687,0.00037502,0.002915,0.0015663
0.12861,0.21577,0.047902,0.057385,0.0492,0.041416,0.044361,0.044204,0.061702,0.067938
0.31,1.0136,0.19336,0.23717,0.55082,0.10787,0.12083,0.11537,0.22,0.26343
-0.30414,-0.70762,-0.19499,-0.175,-0.29428,-0.11401,-0.11662,-0.14814,-0.21,-0.21015
-6.6968,-5.6052,0.65058,1.7782,4.9469,1.5134,-5.8603,-2.84,7.5485,8.8103
0.76835,0.9828,0.36006,0.54153,0.21136,0.18589,0.23642,0.32519,0.63442,0.49025
479.73,593.15,203.13,247.31,482.28,259.35,302.47,319.66,457.12,462.66
136,142.94,99.173,109.87,114.01,72.601,88.672,102.68,194.08,160.55
712,820,404,422,758,400,496,568,916,844
190,100,1,32,0,20,1,26,84,42
104.38,108.05,38.335,76.756,153.98,127.42,114.95,86.263,79.263,100.12
1.0646e+05,1.5883e+05,33045,99860,1.9478e+05,1.0983e+05,1.1254e+05,1.0119e+05,96701,1.1234e+05
0.39239,0.37257,0.11016,0.18146,0.36925,0.37148,0.2955,0.26061,0.25324,0.29709
0,0,312.13,348.29,557.07,373.02,341.1,466.99,287.12,372.63
