1438.1,2407.4,1478.6,1393.2,1529.9,1533.4,1482.5,1503.8,1600.4,1529.9
840.91,1130.2,833.56,831.88,834.46,657.94,825.79,829.48,835.11,837.1
17510,11564,10233,11011,10005,8360,9708,9242,10947,10161
7030,4224,2633,2101,2315,2600,1938,1842,2927,2401
0.59852,0.63473,0.7427,0.80919,0.76862,0.689,0.80037,0.80069,0.73262,0.7637
1291,1439,1347,1235,1464,1388,1567,1450,1704,1449
3.4798,4.511,3.7521,3.6647,3.6059,3.9885,4.4391,3.5714,3.7699,3.1638
3,3,3,3,3,3,3,3,4,3
430.33,479.67,449,411.67,488,462.67,522.33,483.33,426,483
0.98682,1.0022,0.98955,0.99061,1.0068,0.97719,0.99058,0.99252,0.99982,0.98865
0.99505,1.0022,0.99318,0.99324,1.0011,0.98291,0.99475,0.99453,0.98903,0.99147
6.3022,5.1359,6.189,6.3755,5.8514,6.2871,5.7547,6.3649,5.8893,6.4213
21,18,18,20,19,24,24,20,22,22
26,33,26,38,22,32,26,27,29,28
2.5,7.7233,5.6321,5.6321,7.1253,9.7185,6.2,7.7233,13.314,10.259
2.5,7.7233,5.6321,5.6321,7.1253,9.7185,6.2,7.7233,13.314,10.259
0.4749,1.0967,0.81964,0.73992,0.94844,1.4735,1.0472,1.1219,1.5428,1.2679
1.7425e-05,0.00095171,0.00039572,3.6964e-05,-9.7382e-05,0.00074155,0.00027775,0.00035921,0.0010978,0.0001822
0.038973,0.04317,0.039788,0.040796,0.042298,0.046367,0.041446,0.042999,0.046375,0.044814
0.1,0.11903,0.1172,0.11,0.11,0.15,0.11315,0.15796,0.1573,0.16601
-0.1,-0.13682,-0.11,-0.10044,-0.1461,-0.16,-0.2029,-0.15352,-0.21,-0.21219
-12.058,1.6036,-10.743,-6.6841,-14.84,-7.088,-12.789,-17.984,-12.514,-15.631
0.21818,0.34441,0.33286,0.25428,0.34469,0.38319,0.3684,0.36592,0.38234,0.3534
386.38,430.26,480.41,525.97,559.56,658.22,615.39,555.25,592.15,505.84
127.42,112.06,111.81,117.02,149.39,113.4,131.88,110.09,108.94,121.33
574,808,650,804,740,896,800,806,850,766
22,8,42,38,64,2,28,24,36,4
99.341,103.84,107.11,97.529,99.689,139.04,93.846,108.55,96.821,128.13
1.2825e+05,1.4943e+05,1.4428e+05,1.2045e+05,1.4595e+05,1.9299e+05,1.4706e+05,1.574e+05,1.6498e+05,1.8567e+05
0.26777,0.32552,0.29837,0.2894,0.24554,0.39955,0.26585,0.26737,0.21421,0.27977
574.26,649.58,653.01,556.45,645.99,625.49,700.64,704.05,566.12,706.93
