2078.2,1123.8,1293,1633.3,1880.7,1574.9,1442.1,1980.7,1838.5,1814.5
2286,939.87,848.48,1430.8,1569.5,1487.6,1553.2,1654.4,1513.8,1599.7
6850,2210,2680,5060,5340,5230,4430,5780,4310,4240
0,0,0,0,0,0,0,0,0,0
1,1,1,1,1,1,1,1,1,1
1133,1765,1940,1495,1439,1128,1306,1388,1286,1327
1.1364,2.2542,3.1545,2.5512,2.5835,2.1124,2.1236,2.3726,2.3596,2.462
1,1,1,1,1,1,1,1,1,1
1133,1765,1940,1495,1439,1128,1306,1388,1286,1327
1.0233,0.99612,0.95707,0.9988,0.99426,0.99299,0.98354,0.99702,0.99962,0.99764
0.99462,1.0434,0.97521,0.9783,1.0261,1.0372,0.98147,0.98043,0.99726,0.98012
9.3503,7.2743,7.4065,6.2546,5.845,7.1426,6.1963,6.3789,5.8744,5.4702
22,15,21,29,21,22,17,30,20,18
22,18,25,35,25,28,25,26,22,23
13.779,16.162,17.84,13.421,9.2779,7.7233,9.7185,12.358,9.2136,11.364
13.779,16.162,17.84,13.421,9.2779,7.7233,9.7185,12.358,9.2136,11.364
2.0682,4.1877,4.2732,2.1945,1.8008,1.5642,1.7576,2.0477,1.9265,1.9716
-3.0434e-19,0.00046161,0.0020788,0.00062525,1.5622e-19,-0.00022683,0.00045249,-8.2363e-05,0.00046512,0.00048736
0.058862,0.14677,0.14533,0.062218,0.048658,0.051151,0.054604,0.05501,0.058762,0.060661
0.35651,0.34237,0.3601,0.21207,0.16346,0.16233,0.20758,0.20189,0.20294,0.2051
-0.32781,-0.36058,-0.36553,-0.21176,-0.14979,-0.14942,-0.15553,-0.16312,-0.25,-0.25164
-30.695,-20.697,-15.324,-14.728,-15.173,-18.996,-20.732,-8.5977,-12.904,-14.453
0.14526,0.73891,0.70858,0.025296,0.18539,0.011663,0.18081,0.1801,0.27819,0.24788
391.21,557.17,638.57,707.24,638.7,621.56,634.91,509.93,433.65,488.86
45.326,108.82,84.706,73.299,71.602,71.171,82.066,81.873,69.538,85.404
518,836,788,828,764,712,726,686,586,594
48,142,314,74,142,172,68,106,76,32
388.76,242.16,228.9,173.84,178.09,145.22,200.74,208.61,198.09,139.73
4.4046e+05,4.2741e+05,4.4407e+05,2.5989e+05,2.5628e+05,1.6381e+05,2.6216e+05,2.8955e+05,2.5475e+05,1.8542e+05
0.38993,0.30927,0.37219,0.29666,0.31974,0.27194,0.3264,0.3566,0.36348,0.25923
0,0,0,0,0,0,0,0,0,0
