1211.9,1316.8,1270.3,1355.1,1217.7,1268.2,1218,1218,1215.7,1251.6
854.08,846.63,883.39,860.52,869.3,873.62,909.9,909.9,890.06,888.99
3964,3372,4350,5123,3324,3213,3279,3279,2641,2716
484,272,290,1743,354,73,319,319,391,356
0.8779,0.91934,0.93333,0.65977,0.8935,0.97728,0.90271,0.90271,0.85195,0.86892
1184,974,1000,837,949,1011,1173,1173,919,887
3.0051,3.1019,2.7855,2.5364,3.0319,2.9561,2.773,2.773,2.0559,2.1529
2,2,2,4,3,3,3,3,3,3
592,487,500,209.25,316.33,337,391,391,306.33,295.67
0.98601,0.98463,0.98296,0.97686,0.98744,0.98353,0.97769,0.97769,0.98067,0.98136
1.0071,1.0292,1.0122,1.0266,1.0147,1.0118,1.0091,1.0091,1.0001,1.015
4.7799,5.0278,4.8562,7.1507,5.4058,5.4797,5.6655,5.6655,6.1872,5.8827
14,13,16,16,14,15,15,15,14,16
16,17,16,19,17,18,17,17,15,15
6.1205,5.2393,4.639,4.7539,4.639,11.922,6.7082,6.7082,6.36,7.9076
6.1205,5.2393,4.639,4.7539,4.639,11.922,6.7082,6.7082,6.36,7.9076
1.4208,1.4185,1.1572,1.2394,1.27,1.6629,1.5379,1.5379,1.5783,1.756
0.00024045,-3.5579e-05,0.00030271,0.0014553,-0.00059268,0.00049838,0.0014464,0.0014464,0.0021074,0.0019207
0.043784,0.042962,0.040479,0.046316,0.047852,0.12275,0.049968,0.049968,0.059187,0.063896
0.12138,0.1,0.11587,0.18265,0.12712,1.1922,0.13021,0.13021,0.22681,0.16762
-0.12083,-0.11662,-0.11606,-0.11683,-0.1225,-0.62169,-0.1586,-0.1586,-0.13723,-0.17675
-18.715,-14.826,-15.704,-9.4353,-12.924,-10.173,-14.204,-14.204,-17,-14.085
0.23459,0.23305,0.17133,0.011143,0.11283,0.0047468,0.03494,0.03494,-0.05273,-0.10932
641.93,664.16,694.84,643.12,683.7,501.02,563.18,563.18,617.97,710.09
109.25,88.049,111.89,157.64,117.14,258.96,118.82,118.82,137.45,153.8
714,748,762,744,776,714,662,662,746,892
36,198,36,52,6,0,40,40,106,1
118.23,111.2,108.32,128.54,102.88,105.53,110.65,110.65,152.01,123.21
1.3999e+05,1.0831e+05,1.0832e+05,1.0759e+05,97638,1.0669e+05,1.2979e+05,1.2979e+05,1.397e+05,1.0929e+05
0.30008,0.35415,0.30173,0.38951,0.32871,0.30856,0.26159,0.26159,0.34006,0.29905
162.81,31.145,39.446,312.68,231.28,0,272.62,272.62,243.74,361.45
