1337,1453,1987.8,1493.6,1189.9,1486.2,1498.4,1729.8,1245.3,1315.3
846.18,1070,672.89,1303.5,1452.5,1341.4,1582.9,1245.7,1342.5,1472.9
3962,4924,5200,6636,5517,5851,4179,7197,4772,4822
1062,1644,1620,2196,1877,2201,1539,1657,1902,1412
0.73195,0.66613,0.68846,0.66908,0.65978,0.62382,0.63173,0.76977,0.60142,0.70718
1929,2832,2215,2005,2434,3103,2684,2026,2699,2633
4.8225,7.3943,4.1095,5.1675,4.9371,4.57,4.1677,4.2653,4.5591,3.4967
4,4,4,5,4,4,4,5,4,4
482.25,708,553.75,401,608.5,775.75,671,405.2,674.75,658.25
0.97451,0.97778,0.97577,0.98311,0.98447,0.97943,1.0005,0.99518,0.98759,1.0041
0.97365,1.0261,0.99975,0.8962,0.91727,0.85895,0.91305,1.0358,0.92146,0.87327
3.6298,3.5048,3.4161,3.4446,3.7716,3.4854,3.6389,4.0582,3.556,4.1965
12,13,15,15,11,10,13,16,16,18
18,20,21,25,23,22,21,21,20,22
13.809,14.897,8.7207,14.8,21.191,27.607,18.543,16.896,21.191,21.695
13.809,14.897,8.7207,14.8,21.191,27.607,18.543,16.896,21.191,21.695
3.0123,3.4326,1.9772,2.586,3.9387,4.9707,4.4287,2.5524,4.724,4.5264
0.0036159,0.0027501,3.0983e-05,0.0007103,0.0006083,0.001698,0.0019908,0.00047902,0.0016309,0.0021451
0.05251,0.052103,0.047309,0.055313,0.079803,0.092689,0.086715,0.056062,0.10254,0.10107
0.15896,0.21,0.15727,0.21635,0.35557,0.52914,0.36495,0.2068,0.50077,0.31945
-0.16709,-0.18458,-0.1253,-0.25,-0.39914,-0.4628,-0.36,-0.30274,-0.40993,-0.44774
3.6588,3.9871,3.7709,0.43076,2.6658,-2.2717,10.659,1.4989,6.9314,8.5885
0.5132,0.66015,0.46173,0.33777,0.42781,0.46994,0.45495,-0.012619,0.47987,0.47213
724.75,695.1,519.61,542.15,558.48,522.53,593.28,779.84,543.95,644.3
117.2,124.69,112.97,110.9,87.764,115.61,106.41,143.86,112.94,96.468
860,860,670,800,706,768,698,984,710,810
46,52,66,36,138,68,6,34,52,1
202.53,163.69,78.301,52.118,125.85,90.305,146.11,128.96,86.025,132.46
3.9068e+05,4.6357e+05,1.7344e+05,1.045e+05,3.0632e+05,2.8022e+05,3.9217e+05,2.6127e+05,2.3218e+05,3.4878e+05
0.50632,0.42739,0.14527,0.13432,0.25528,0.133,0.22688,0.27149,0.14531,0.17592
150.54,111.13,215.43,115.24,151.81,226.95,297.13,128.43,201.68,148.36
