1822,1341.2,1377.6,1556.2,1626,1759.3,1370.1,1437.1,1567.5,1514.6
1282.4,1367.7,1269.1,1523.7,1526.5,1591.6,1427.8,1510.3,1604.9,1761
3275,2040,2243,4683,4271,5180,3923,1888,4523,2159
665,0,363,1103,771,2770,1433,508,2803,499
0.79695,1,0.83816,0.76447,0.81948,0.46525,0.63472,0.73093,0.38028,0.76887
1597,2174,2419,2598,2511,2700,2179,2480,2378,3001
3.7226,6.4702,4.3429,4.0721,3.9731,4.1602,4.6362,3.2418,4.3158,3.0436
2,1,2,2,2,2,3,2,3,2
798.5,2174,1209.5,1299,1255.5,1350,726.33,1240,792.67,1500.5
1.034,1.0279,1.0247,1.0176,1.0073,1.0084,1.0149,1.0089,1.0097,0.99253
1.0521,1.085,1.0744,1.1409,1.1629,1.0454,1.0622,1.1457,1.1464,1.1571
3.4544,2.7438,3.3521,3.0994,2.9752,2.4983,2.8605,2.8047,2.8723,3.0795
6,9,7,8,5,6,10,6,8,8
12,11,9,9,11,8,13,12,12,13
5.7,9.2655,13.904,4.639,7.225,14.3,11.8,13.7,17.91,13.314
5.7,9.2655,13.904,4.639,7.225,14.3,11.8,13.7,17.91,13.314
1.4485,2.3597,3.3713,1.2669,1.4694,2.9154,2.3964,2.8818,3.579,3.4669
0.0008442,0.0010871,0.0029031,0.0016685,0.0014801,0.0021846,0.0013956,-0.00092647,0.0012977,0.003141
0.044262,0.054707,0.096841,0.038867,0.042487,0.05869,0.053762,0.073183,0.0781,0.076491
0.12894,0.14,0.68258,0.15616,0.11575,0.15465,0.17,0.16352,0.25321,0.23335
-0.11933,-0.17,-0.46427,-0.11,-0.12173,-0.25777,-0.2,-0.20351,-0.31836,-0.22059
-11.586,-8.2257,-16.373,-8.6681,-10.295,-6.1972,-5.5524,-5.4669,-8.116,-6.1615
-0.050976,0.14265,0.15018,-0.012428,0.0064241,0.035958,-0.026756,-0.38893,-0.0012462,-0.28141
263.43,356.02,316.51,487.89,495.47,437.08,431.43,614.39,469.01,567.76
85.502,103.21,87.254,75.946,66.36,149.78,137.33,133.09,147.25,161.42
524,496,448,650,642,670,636,832,682,826
1,2,1,46,32,38,34,36,46,40
110.45,54.588,85.886,126.36,72.143,139.6,89.121,61.726,62.144,176.38
1.7639e+05,1.1867e+05,2.0776e+05,3.2828e+05,1.8115e+05,3.7692e+05,1.9419e+05,1.5308e+05,1.4778e+05,5.2933e+05
0.25745,0.16246,0.15419,0.19805,0.11415,0.2151,0.18962,0.080688,0.11278,0.17889
744.57,0,778.14,938.09,801.45,5,398.04,1287.8,421.99,1400.1
