727.07,1414.6,788.28,1151.5,1183.1,1079.7,1064.6,939.76,1065.3,1065.3
1556.5,747.57,1548.9,966.28,899.88,900.51,988.22,1013.2,944.76,944.76
4348,5996,3864,4370,4348,4223,4448,3876,4990,4990
708,1536,634,820,828,623,698,636,850,850
0.83717,0.74383,0.83592,0.81236,0.80957,0.85247,0.84308,0.83591,0.82966,0.82966
1214,2506,1107,1812,1919,1950,1944,1878,1577,1577
3.7354,2.1944,3.8842,2.7413,2.669,2.8761,3.0186,3.3716,3.0211,3.0211
3,7,3,3,3,3,3,3,3,3
404.67,358,369,604,639.67,650,648,626,525.67,525.67
0.98862,0.96171,0.99219,0.97873,0.97778,0.98346,0.98412,0.97946,0.99848,0.99848
0.92424,0.97429,0.92805,0.89117,0.88297,0.88169,0.87845,0.96293,0.93446,0.93446
3.2958,6.1963,3.5196,3.6463,3.7213,3.74,3.4379,3.1567,3.4897,3.4897
21,41,21,21,19,19,19,19,19,19
20,38,20,17,18,18,16,18,23,23
3.6497,11.086,3.8079,5.4129,6.1294,8.2219,5.1352,6.1294,4.1304,4.1304
3.6497,11.086,3.8079,5.4129,6.1294,8.2219,5.1352,6.1294,4.1304,4.1304
0.65331,2.0551,0.7138,1.1574,1.178,1.312,1.0379,1.1752,0.93802,0.93802
0.00013858,0.0003984,0.00088275,0.0017415,0.0021786,0.0018745,0.00089245,0.0010037,0.00029995,0.00029995
0.042302,0.069911,0.039265,0.048885,0.04806,0.045072,0.043139,0.044592,0.04014,0.04014
0.1253,0.16912,0.12584,0.16,0.12432,0.13823,0.13978,0.15616,0.11662,0.11662
-0.12088,-0.33808,-0.12537,-0.13021,-0.12,-0.12083,-0.16719,-0.11422,-0.11687,-0.11687
-4.8676,-23.765,1.093,-3.2415,-6.6701,-4.4492,-1.2201,-8.3806,-2.9966,-2.9966
0.28221,0.22597,0.32623,0.46291,0.47325,0.45488,0.44521,0.46769,0.31968,0.31968
568.88,919.97,613.22,573.09,391.88,389.85,359.89,385.58,352.16,352.16
115.88,152.6,110.27,185.75,100.57,102.39,90.185,96.342,104.09,104.09
730,1023,736,936,536,494,490,540,480,480
8,172,4,32,52,22,82,42,20,20
48.091,319.03,61.005,100.36,112.13,113.74,114.98,80.779,98.231,98.231
58382,7.9948e+05,67532,1.8185e+05,2.1518e+05,2.2179e+05,2.2352e+05,1.517e+05,1.5491e+05,1.5491e+05
0.14797,0.27936,0.21405,0.15183,0.15595,0.16775,0.17854,0.14503,0.18818,0.18818
186.07,551.71,221.48,365.79,464.93,461.41,485.1,352.74,369.77,369.77
