1408.3,1547.4,1530.4,1345.9,1378.4,1840.2,1670.2,1796.3,1429.3,1701
848.89,855.3,473.94,507.81,569.87,1398,1468,1492,1476.1,1506.6
2540,2320,3000,2470,2690,5272,4683,4752,6017,4539
0,0,0,0,0,1232,1173,692,1707,709
1,1,1,1,1,0.76631,0.74952,0.85438,0.7163,0.8438
1291,1367,2393,2424,2756,2077,2250,2062,1679,1837
2.8562,3.1425,5.2249,5.1574,5.3411,3.7289,4.0835,3.7423,4.6639,3.7721
1,1,1,1,1,2,2,2,2,2
1291,1367,2393,2424,2756,1038.5,1125,1031,839.5,918.5
0.98956,1.0059,1.0054,0.96204,1.0184,1.0244,0.98957,1.0183,0.98517,1.0002
0.97526,0.98565,0.95763,0.96675,0.95883,0.88219,0.92634,0.98366,0.97422,0.97678
4.8093,4.4845,4.4381,4.2407,4.1287,4.8471,4.4782,4.2851,4.5844,4.4295
16,15,14,12,12,22,20,18,18,17
16,17,14,15,15,23,21,20,22,23
7.2835,22.02,16.437,15.312,17.81,14.116,15.572,15.571,14.342,15.081
7.2835,22.02,16.437,15.312,17.81,14.116,15.572,15.571,14.342,15.081
1.45,2.8215,3.1073,3.0874,3.5365,3.0904,3.0905,2.7873,2.428,2.7172
-0.00019763,-6.1221e-05,0.00020067,0.0036794,0.0020632,0.0017364,0.0013411,0.00076101,0.00014541,4.8845e-06
0.063868,0.2314,0.068358,0.065679,0.068073,0.065828,0.07062,0.056889,0.060013,0.061142
0.38288,2.202,0.21,0.23657,0.25489,0.24885,0.2471,0.20357,0.19883,0.20208
-0.19723,-1.0673,-0.21666,-0.20813,-0.29178,-0.24378,-0.19669,-0.1971,-0.24769,-0.20878
-15.86,-21.438,-9.7526,-11.15,-14.002,-14.237,-14.529,-13.024,-12.397,-15.906
0.37598,0.4375,0.33167,0.4915,0.5119,0.035435,0.014502,0.1097,0.037296,0.029738
623.56,518.73,769.91,733.73,748.9,797.47,766.84,838.96,816.14,770.96
198.32,184.85,85.584,77.899,54.208,79.194,83.505,91.488,82.924,85.683
860,822,854,838,814,872,876,904,974,840
0,0,100,98,384,12,8,1,1,1
208.67,229.55,231.84,212.88,202.03,161.97,116.22,136.89,97.129,130.37
2.6939e+05,3.138e+05,5.5479e+05,5.1603e+05,5.568e+05,3.3642e+05,2.615e+05,2.8226e+05,1.6308e+05,2.3948e+05
0.46165,0.52771,0.5062,0.45294,0.39154,0.29079,0.21093,0.24843,0.2698,0.26769
0,0,0,0,0,727.44,627.81,296.44,372.31,565.36
