1682.7,1708,1823.1,1784.4,1814.2,1742.8,1734,1745.5,1769.8,1708.6
705.27,721.17,691.39,699.14,683.75,704.12,731.68,735.01,750.47,743.52
11098,10066,9552,10223,10258,9586,9570,9706,9409,8998
2648,2146,2822,2583,2948,1726,2260,1966,2549,2138
0.7614,0.78681,0.70456,0.74733,0.71261,0.81995,0.76385,0.79744,0.72909,0.76239
1648,1673,1602,1684,1572,1613,1653,1613,1674,1648
1.6731,1.678,1.655,1.6591,1.5488,1.626,1.5925,1.545,1.5358,1.4955
5,5,6,5,5,5,5,5,5,6
329.6,334.6,267,336.8,314.4,322.6,330.6,322.6,334.8,274.67
0.96086,0.96902,1.0223,0.98927,0.97961,1.0142,0.97958,0.96743,1.0547,0.95699
0.94597,0.96545,0.94221,0.95233,0.95,0.946,0.95794,0.94206,0.95249,0.95709
6.0228,6.1818,6.2497,5.9612,6.1302,5.9581,6.0734,6.0377,6.7098,6.2997
26,27,28,26,23,28,27,26,29,31
29,29,30,31,31,31,31,33,29,32
4.3658,3.8484,4.827,3.5355,4.639,4.6271,4.1437,4.8703,5.7009,5.5714
4.3658,3.8484,4.827,3.5355,4.639,4.6271,4.1437,4.8703,5.7009,5.5714
0.77165,0.76597,0.94207,0.78633,0.85041,0.80187,0.86882,0.8432,1.0359,1.021
0.00016255,5.6244e-05,0.00013006,0.00029001,0.00023368,3.7092e-05,0.00024012,1.8879e-05,0.00040618,-0.00014653
0.041039,0.041237,0.041154,0.041637,0.042338,0.043716,0.039382,0.042938,0.044885,0.046615
0.11463,0.12083,0.1172,0.12401,0.11662,0.12956,0.12428,0.1253,0.17668,0.13
-0.12982,-0.13,-0.1255,-0.13091,-0.1352,-0.13723,-0.12,-0.12537,-0.14016,-0.12919
-11.207,-13.702,-14.905,-13.053,-10.686,-15.765,-13.881,-14.568,-14.378,-13.867
0.13013,0.11624,0.14907,0.1367,0.15634,0.13112,0.14064,0.13639,0.14978,0.14562
534.13,631.17,557.47,661.51,712.2,688.37,699.28,635.28,569.13,531.64
144.07,159.81,164.79,182.03,157.77,159.34,171.19,153.61,144.16,155.85
692,840,744,852,836,828,872,796,726,694
1,2,4,6,2,18,1,1,76,2
265.26,298.73,252.79,277.66,260.05,257.57,285.7,263.61,314.73,293.1
4.3715e+05,4.9977e+05,4.0497e+05,4.6758e+05,4.088e+05,4.1546e+05,4.7227e+05,4.252e+05,5.2686e+05,4.8303e+05
0.2693,0.29963,0.26115,0.27356,0.25621,0.25965,0.27524,0.2525,0.28875,0.26597
426.01,450.13,389.02,452.18,418.56,399.22,445.78,394.3,507.05,366.85
