1361.5,1365.1,1356.6,1373.8,1383.4,1370.5,1371.6,1396.9,1349.7,1371.7
779.57,786.51,769.46,767.66,784.91,785.07,768.82,809.77,787.95,784
5058,3667,4220,4240,3585,3954,4189,4249,4141,4713
568,377,880,640,455,424,469,459,411,723
0.8877,0.89719,0.79147,0.84906,0.87308,0.89277,0.88804,0.89197,0.90075,0.84659
587,612,587,552,586,623,582,608,587,587
0.72291,0.79377,0.73836,0.65171,0.65622,0.80699,0.69701,0.6674,0.69303,0.68415
2,2,3,2,2,2,2,2,2,3
293.5,306,195.67,276,293,311.5,291,304,293.5,195.67
0.99403,1.0167,1.0203,1.0021,1.0243,0.98999,1.0156,1.0273,1.0248,1.0204
0.98635,0.97784,0.98804,0.99148,0.98544,0.99893,0.96068,0.9783,0.98348,0.97371
7.9193,7.6465,8.0008,8.714,8.4755,7.2454,8.1169,7.9672,8.121,7.803
10,10,10,14,14,13,11,10,11,11
11,11,12,9,9,9,9,10,9,11
4.2202,4.7074,5.5714,7.6485,6.4777,4.2202,5.8856,3.6401,3.7577,4.3658
4.2202,4.7074,5.5714,7.6485,6.4777,4.2202,5.8856,3.6401,3.7577,4.3658
0.79962,1.067,1.1573,1.084,1.3573,0.99938,1.1636,0.90552,0.94189,0.92951
0.0002627,4.9925e-05,0.00019633,0.00019726,0.00018456,-0.00011491,0.00012659,-0.00021323,-0.00020727,8.3336e-05
0.041161,0.044281,0.043989,0.063028,0.049043,0.043732,0.043638,0.043607,0.04382,0.044969
0.11238,0.11,0.11774,0.76485,0.13,0.12083,0.16399,0.12083,0.1172,0.11577
-0.1161,-0.13917,-0.13682,-0.35182,-0.18544,-0.11708,-0.13,-0.13416,-0.12,-0.1352
10.159,9.7387,3.3872,8.0407,8.5502,3.1557,7.579,19.717,14.594,12.574
0.12964,0.18853,0.15631,0.16198,0.19355,0.18886,0.16574,0.1654,0.15987,0.15077
580.86,515.17,491.68,500.97,431.55,534.01,515.03,501.3,501.22,456.66
111.23,112.22,125.53,103.26,70.592,129.22,118.68,93.584,114.86,108.99
666,598,594,594,490,646,594,574,606,530
28,52,20,52,34,20,102,34,16,2
171.44,174.72,174.66,186.84,214.03,165.65,183.8,234.24,197.23,199.34
1.0064e+05,1.0693e+05,1.0252e+05,1.0314e+05,1.2542e+05,1.032e+05,1.0697e+05,1.4242e+05,1.1577e+05,1.1702e+05
0.21113,0.22662,0.2197,0.22059,0.23968,0.21457,0.22012,0.25712,0.23285,0.23234
378.16,435.33,227.04,366.08,449.97,393.27,380.24,379.19,325.68,174.69
