1237.3,1399.5,1309,1282.3,1341.2,1293.4,1324,1307,1169.2,1166.6
915.51,1629.5,1328.5,1382.8,1622.3,1009.7,850.06,1013.4,1170.3,1747
13646,16759,13846,13227,14077,12763,10457,12956,11067,11655
3836,6559,5246,5187,5357,4093,3417,5256,3927,4465
0.71889,0.60863,0.62112,0.60785,0.61945,0.67931,0.67323,0.59432,0.64516,0.6169
1806,2664,2440,2617,2782,2322,2347,2394,1944,1975
4.2098,3.3052,3.05,3.0934,3.2424,2.5657,3.6501,4.2522,2.5989,2.7661
9,12,10,11,11,12,12,11,12,11
200.67,222,244,237.91,252.91,193.5,195.58,217.64,162,179.55
0.98602,1.004,0.99596,0.99007,0.99289,0.9974,0.99168,0.98024,0.99128,1.0047
1.0521,1.0838,1.0745,1.0809,1.1515,1.1689,1.0264,1.0551,1.0214,1.0603
6.2767,6.1565,6.0796,5.9707,6.0977,6.2887,5.372,5.4187,6.6746,7.0683
44,44,36,36,38,37,38,40,40,38
46,50,43,42,43,45,45,45,44,43
8.2,6.1,7.7929,7.225,9.8478,9.4831,8.8645,8.2873,8.2873,7.7929
8.2,6.1,7.7929,7.225,9.8478,9.4831,8.8645,8.2873,8.2873,7.7929
0.86929,0.84926,0.96649,0.99824,1.0983,1.1599,1.1482,1.0448,1.1687,1.0445
-7.0283e-05,4.5244e-05,0.00026784,0.00010731,-0.00011653,4.5399e-05,5.0093e-05,4.2943e-05,7.8446e-05,0.00035367
0.041311,0.042337,0.0425,0.044051,0.048015,0.046708,0.046466,0.046175,0.049424,0.047014
0.16401,0.1352,0.1435,0.21304,0.21,0.19123,0.16803,0.20471,0.22825,0.19324
-0.15873,-0.13,-0.1367,-0.29122,-0.37707,-0.33604,-0.25998,-0.333,-0.28663,-0.16865
-10.179,-16.736,-13.793,-18.735,-14.985,-11.876,-14.356,-14.097,-16.331,-16.122
0.14484,0.2397,0.27329,0.24021,0.30083,0.27231,0.29885,0.24314,0.23162,0.2623
666.12,637.69,613.11,513.55,575.51,607.25,599.29,560.97,580.63,550.85
140.36,153.08,158.2,119.99,151.33,156.89,148.72,145.75,137.24,125.82
868,868,868,670,756,780,816,760,730,704
1,1,10,8,8,1,1,6,1,2
208.77,302.8,313.48,278.75,337.57,362.35,224.32,207.64,296.64,306.09
3.7703e+05,8.0665e+05,7.6488e+05,7.2948e+05,9.3912e+05,8.4138e+05,5.2647e+05,4.9708e+05,5.7666e+05,6.0452e+05
0.48663,0.37568,0.39185,0.32949,0.39344,0.40039,0.34886,0.3688,0.39657,0.42869
292.13,360.58,384.34,415.01,402.39,343.55,295.58,321.47,273.77,350.83
