1629.5,1418.6,1410.1,1636.9,2129,2033.2,2387.4,1998.4,1978.1,2678.3
1114.7,662.24,964.55,843.82,1511.4,1364.1,1522.1,1304.7,1387.6,1562.4
2330,1660,4500,4390,5877,4490,4540,4480,5210,3800
0,0,0,0,177,0,0,0,0,0
1,1,1,1,0.96988,1,1,1,1,1
1485,730,1245,1317,1235,1301,1133,1184,1066,1255
6.1111,3.3182,3.3558,3.9196,3.6647,3.9305,3.0053,3.3446,2.8276,3.4384
1,1,1,1,2,1,1,1,1,1
1485,730,1245,1317,617.5,1301,1133,1184,1066,1255
1.0044,0.9965,1.0068,1.0067,0.99393,0.9853,0.998,0.9926,0.99883,1.0012
1.0153,0.9879,1.0203,1.0066,1.0009,1.0082,1.0063,1.009,1.0029,0.97115
2.199,2.5158,4.119,3.4346,3.6975,3.4185,3.705,3.5567,4.1919,3.5059
13,3,16,16,18,18,14,14,18,15
20,14,17,19,22,17,18,17,19,19
3.5355,3.0676,3.189,3.8949,3.1016,3.8484,4.0311,4.2202,4.7297,3.9446
3.5355,3.0676,3.189,3.8949,3.1016,3.8484,4.0311,4.2202,4.7297,3.9446
0.58105,0.60702,0.64941,0.61956,0.64675,0.73499,0.62114,0.7594,0.80152,0.71556
0.0011646,-5.0465e-19,-1.2363e-19,0.0002968,0.00017106,0.00015784,0.00011436,0.00022072,9.6154e-05,7.4149e-05
0.045001,0.056654,0.04038,0.040683,0.03965,0.040354,0.0395,0.042424,0.040824,0.043524
0.14209,0.30676,0.12,0.12,0.12,0.12428,0.14024,0.12,0.17204,0.11913
-0.1062,-0.17676,-0.13917,-0.11797,-0.12324,-0.085494,-0.1253,-0.11,-0.12432,-0.13515
-6.8023,15.083,-18.005,-6.8513,-2.4806,-3.2274,0.84255,1.6239,3.1466,-2.4428
0.63734,0.43976,0.20178,0.24191,0.20737,0.28864,0.22467,0.26317,0.18906,0.30211
544.5,627.77,764.69,644.41,836.96,856.42,829.06,752.66,715.07,767.44
109.28,115.67,119.12,106.15,136.33,65.71,66.712,75.457,47.046,56.95
792,862,886,794,984,910,928,852,784,876
66,138,90,22,60,46,126,16,214,98
23.243,9.3106,124.98,79.944,69.023,72.246,110.63,66.501,103.95,71.084
34516,6796.7,1.556e+05,1.0529e+05,85243,93992,1.2534e+05,78738,1.1081e+05,89210
0.09565,0.042321,0.33687,0.23793,0.20482,0.21827,0.29345,0.18786,0.27573,0.19475
0,0,0,0,17.088,0,0,0,0,0
