1306.1,1050.7,1351.6,1306.8,1221.6,1050.7,1910.5,1360.4,1336.8,1421.2
839.4,1008.4,871.83,843.14,1284.1,1008.4,1284.2,866.15,869.49,1282.2
10680,4350,11550,1350,5822,4350,11714,8561,7469,7557
1350,460,1750,0,1412,460,5494,1711,1279,2347
0.8736,0.89425,0.84848,1,0.75747,0.89425,0.53099,0.80014,0.82876,0.68943
1123,1286,939,1077,883,1286,710,924,893,959
2.9321,3.264,3.5301,2.5766,2.4528,3.264,2.1131,2.9521,2.7477,3.3069
3,3,3,1,3,3,3,3,3,3
374.33,428.67,313,1077,294.33,428.67,236.67,308,297.67,319.67
0.99166,0.98201,0.97963,0.98283,1.0078,0.98201,0.99764,0.98508,0.99097,0.99567
1.0218,1.0105,1.0284,1.025,0.9921,1.0105,1.0077,1.0141,1.0083,1.0123
5.9413,4.0541,6.2919,3.7038,6.7592,4.0541,6.2798,6.4903,6.9001,5.3199
24,21,26,13,19,21,21,20,27,12
22,26,22,17,24,26,21,24,24,26
2.508,7.0328,4.1,10.604,4.6,7.0328,2.9428,2.9,4.1437,3.1575
2.508,7.0328,4.1,10.604,4.6,7.0328,2.9428,2.9,4.1437,3.1575
0.43981,0.95335,0.46611,1.606,0.77586,0.95335,0.41352,0.52161,0.68567,0.60106
0.00033652,0.0012522,0.00028301,0.0052752,0.00084133,0.0012522,0.00014419,0.00022848,0.00051892,0.00064203
0.039343,0.045298,0.044336,0.090397,0.043465,0.045298,0.041595,0.039877,0.040501,0.039809
0.1184,0.13,0.13682,0.33183,0.12083,0.13,0.13,0.1485,0.13,0.12
-0.11,-0.15949,-0.1471,-0.18,-0.12083,-0.15949,-0.13515,-0.15535,-0.1219,-0.092187
-5.6234,-5.1367,-2.1046,-13.814,-3.6605,-5.1367,-2.3922,-3.0684,2.834,-0.9124
0.077924,0.03974,0.09093,0.55556,0.17788,0.03974,0.13325,0.11592,0.11333,0.1069
480.29,621.53,705.73,465.25,728.5,621.53,594.8,527.55,476.38,558.85
99.956,108.66,120.02,111.85,139.43,108.66,134.82,90.7,100.53,114.15
656,770,898,678,938,770,736,664,606,816
28,116,108,176,6,116,1,30,1,26
203.62,202.15,146.92,191.35,190.29,202.15,118.61,158.63,161.53,121.88
2.2867e+05,2.5997e+05,1.3796e+05,2.0609e+05,1.6803e+05,2.5997e+05,84215,1.4657e+05,1.4425e+05,1.1688e+05
0.53164,0.51307,0.55233,0.45778,0.52859,0.51307,0.35301,0.5068,0.49701,0.42026
232.1,102.81,316.2,0,320.93,102.81,273.89,260.33,203.93,218.52
