1509.7,1419.4,1547.5,1459.2,1555.7,1490.1,1533.4,1604.9,1517.3,1536
873.68,869.58,885.16,896.88,914.62,888.49,897.35,898.58,907.92,899.01
7160,5700,5810,5530,5420,6330,6130,5690,6790,5870
0,0,0,0,0,0,0,0,0,0
1,1,1,1,1,1,1,1,1,1
1603,1521,1536,1510,1520,1506,1572,1587,1587,1587
2.0189,2.0666,2.1012,1.9585,1.9,2.1271,2.1864,2.1562,2.189,2.3
1,1,1,1,1,1,1,1,1,1
1603,1521,1536,1510,1520,1506,1572,1587,1587,1587
0.97568,0.97994,0.97797,0.99022,0.97727,0.97482,0.98263,0.97602,0.97808,0.99243
0.98372,0.96126,0.98587,0.98187,0.97527,0.97357,0.965,0.97022,0.9903,0.97675
6.0044,5.664,5.5062,6.4051,6.022,5.7061,5.3803,5.1404,5.6835,5.4162
20,26,25,22,20,26,16,14,19,19
26,26,22,27,25,28,25,24,25,24
3.6688,8.6209,6.6272,6.7,5.6321,7.2173,6.1294,6.7268,5.8822,6.229
3.6688,8.6209,6.6272,6.7,5.6321,7.2173,6.1294,6.7268,5.8822,6.229
0.85777,1.2149,1.134,1.2512,1.1825,1.0798,1.0793,1.0018,0.9921,1.0579
0.00012587,0.00048736,0.00028067,0.00018116,0.00010466,0.00016069,0.0004999,0.00026408,-1.6375e-19,0.00035836
0.044489,0.048475,0.047357,0.046188,0.047232,0.045809,0.044486,0.044496,0.053113,0.045692
0.13,0.16,0.12,0.17537,0.1352,0.12237,0.13,0.12355,0.58822,0.12438
-0.13,-0.12355,-0.15881,-0.1629,-0.13416,-0.15119,-0.1529,-0.13,-0.30591,-0.1307
-9.5645,-15.824,-6.3974,-11.772,-9.3323,-9.8711,-8.9323,-5.7553,-6.8677,-9.8839
0.14539,0.17368,0.15886,0.17523,0.18063,0.15545,0.17227,0.1587,0.1676,0.15468
628.66,664.43,665.74,594.15,567.3,614.26,667.93,543.35,587.38,648
63.541,62.735,64.627,86.981,79.769,58.703,95.01,79.235,97.98,89.561
780,788,766,804,684,694,804,706,744,816
46,188,34,4,12,16,18,72,0,114
149,178.78,93.418,158.87,94.898,124.28,100.52,89.188,127.02,119.14
2.3885e+05,2.7192e+05,1.4349e+05,2.399e+05,1.4425e+05,1.8716e+05,1.5801e+05,1.4154e+05,2.0157e+05,1.8908e+05
0.18766,0.2429,0.12779,0.20606,0.11862,0.17553,0.1398,0.12118,0.17519,0.17267
0,0,0,0,0,0,0,0,0,0
