1889.5,981.34,967.77,988.73,994.53,974.62,964.6,939.19,951.89,930.93
1084.2,1048.7,1043.9,1054,1050.9,1049.8,1046,1054.1,1051.7,1056.2
4825,5258,5477,4378,4748,4290,4804,4532,4570,4359
685,428,757,418,538,430,474,382,400,369
0.85803,0.9186,0.86179,0.90452,0.88669,0.89977,0.90133,0.91571,0.91247,0.91535
781,633,628,567,571,520,500,566,500,561
3.55,2.2289,2.0864,2.3333,2.0106,1.7931,1.7301,1.9585,1.7301,1.8953
2,2,2,2,2,2,2,2,2,2
390.5,316.5,314,283.5,285.5,260,250,283,250,280.5
0.99512,0.99589,1.0015,0.99843,0.99921,1.0033,1.0019,1.0067,1.0044,1.0046
0.97149,0.95776,0.96081,0.97088,0.95463,0.95419,0.96586,0.95812,0.97045,0.9662
3.0022,4.2495,4.4772,4.5071,4.5934,5.1573,5.5665,4.9963,5.682,4.9787
12,16,15,15,17,17,17,20,17,15
17,17,17,17,17,17,17,17,17,17
2,2.6683,3.3242,3.3242,2.0881,1.8,1.8682,2.8231,2.3324,2.184
2,2.6683,3.3242,3.3242,2.0881,1.8,1.8682,2.8231,2.3324,2.184
0.36937,0.42015,0.43518,0.44571,0.40715,0.43733,0.41341,0.45279,0.44265,0.42483
0.00053205,0.00067202,0.00076031,0.00054539,0.00071815,0.00042832,0.00029035,0.00068551,0.00041329,0.00064677
0.043489,0.040162,0.040322,0.042071,0.041138,0.043296,0.040909,0.041965,0.043976,0.042709
0.084853,0.084853,0.11763,0.084853,0.084853,0.084853,0.078102,0.13,0.1,0.13
-0.084853,-0.084853,-0.084853,-0.084853,-0.084853,-0.12,-0.084853,-0.084853,-0.13682,-0.11
4.7757,-2.5534,-2.3563,-2.5283,-4.9586,-5.2708,-2.9792,-10.988,-13.583,-4.4387
0.16279,0.12776,0.12213,0.12389,0.12833,0.12427,0.10483,0.11686,0.10399,0.12785
679.97,617.27,623.38,633.69,582.22,546.85,611.83,669.22,614.73,624.5
146.93,92.619,92.433,78.447,91.741,89.002,90.049,89.702,72.183,90.894
848,882,884,900,832,674,772,868,766,852
18,86,86,140,4,1,64,96,152,148
6.6076,12.543,23.905,16.559,21.029,26.701,31.371,33.43,41.027,31.497
5160.5,7940,15012,9388.9,12007,13884,15685,18921,20513,17670
0.030034,0.044167,0.079418,0.068143,0.074045,0.092072,0.10855,0.11567,0.14196,0.10641
162.27,128.88,175.57,164.18,137.32,150.42,168.4,182.46,159.73,137.79
