1770.1,1746.1,1667,1775.6,1737.2,1664.4,1651.1,1759.6,1736,1762.6
1242.5,1228.4,1222.7,1225.6,1222.7,1243.1,1237.5,1211.5,1221.7,1206.9
15687,12158,11861,11067,12228,12791,11394,14114,12318,11455
3437,3908,2381,2647,2828,3751,2694,3534,3298,2715
0.7809,0.67857,0.79926,0.76082,0.76873,0.70675,0.76356,0.74961,0.73226,0.76299
2740,2679,2786,2735,2745,2648,2643,2766,2786,2822
3.8108,3.4479,3.0415,3.2992,3.2874,3.0862,3.2792,3.4064,4.1397,3.8342
7,7,7,8,8,8,8,8,8,8
391.43,382.71,398,341.88,343.12,331,330.38,345.75,348.25,352.75
0.97755,0.97156,0.96803,0.97642,0.9732,0.97403,0.97602,0.97299,0.97358,0.97223
0.99512,1.0159,1.0415,0.9789,0.98811,1.0228,1.0132,0.99307,1.0171,1.0251
6.5183,6.7569,7.4825,7.0033,6.9452,7.4055,7.3387,6.5582,6.5994,6.3974
52,47,52,48,54,50,52,48,48,46
45,41,51,47,55,50,50,47,49,47
6.3325,8.228,8.5703,8.0623,8.5726,7.1176,8.5165,8.9694,7.3007,7.0214
6.3325,8.228,8.5703,8.0623,8.5726,7.1176,8.5165,8.9694,7.3007,7.0214
1.0354,1.5217,1.5644,1.5995,1.5532,1.5844,1.6913,1.3849,1.4103,1.4283
-1.2728e-05,0.00097041,5.7281e-05,0.00054616,0.0005085,0.00046239,0.00085935,0.00079795,0.0002174,0.00067376
0.042578,0.049848,0.049258,0.052587,0.049279,0.050018,0.051509,0.04339,0.047845,0.047351
0.17,0.15819,0.17647,0.2324,0.18,0.18163,0.17215,0.12438,0.17954,0.17635
-0.15,-0.17079,-0.21767,-0.20614,-0.16683,-0.16037,-0.17791,-0.13404,-0.13628,-0.12712
-12.993,-18.316,-24.339,-14.635,-15.296,-20.786,-20.691,-16.472,-19.794,-21.058
0.24058,0.35206,0.2634,0.34498,0.28066,0.28072,0.31242,0.26826,0.34476,0.29909
630.75,632.55,678.73,606.49,658.2,612.16,597.49,615.8,629.15,557.02
128.27,133.23,123.48,188.66,139.81,116.87,127.59,140.59,141.87,142.91
800,788,840,840,840,748,784,790,800,772
94,1,1,1,18,20,8,1,4,58
274.9,308.56,335.25,299.68,343.49,354.73,367.99,305.5,293.15,290.22
7.5323e+05,8.2664e+05,9.3402e+05,8.1963e+05,9.4288e+05,9.3933e+05,9.7261e+05,8.4501e+05,8.1671e+05,8.19e+05
0.38234,0.39712,0.366,0.3615,0.41137,0.41344,0.45657,0.37623,0.43558,0.39432
496.04,492.32,528.48,484.88,421.48,407.57,403.35,400.38,461.75,395.68
