1855.5,1343.2,1899.1,3239,1116.1,1756.8,817.39,859.39,1211.1,910.24
1177.9,488.09,1275.7,1643.7,1309.1,1387.2,426.2,459.46,772.82,1340.2
4318,3142,3766,10840,5474,4313,2290,2680,5460,3910
1748,792,1326,6280,1744,1383,170,220,1270,0
0.59518,0.74793,0.6479,0.42066,0.6814,0.67934,0.92576,0.91791,0.7674,1
1266,1424,1189,1919,1378,1413,1286,1255,1041,1082
4.3655,4.034,4.9958,3.8457,4.24,3.925,4.1086,5.1646,3.3259,2.9164
3,3,4,5,4,4,2,2,3,1
422,474.67,297.25,383.8,344.5,353.25,643,627.5,347,1082
0.98485,0.95137,0.99499,0.98002,0.98379,0.99662,0.97871,0.9651,0.98869,1.0073
0.98099,1.0194,0.97737,1.0034,0.94067,0.94316,1.0012,1.0425,0.98829,1.0438
3.745,4.1208,3.9815,3.6333,3.7282,3.3389,3.7699,3.4837,4.5463,4.6369
13,13,15,11,11,13,11,14,10,11
13,13,13,12,12,13,12,12,12,13
8.7207,9.2779,8.2219,11.569,11.924,13.023,9.2195,8.2873,6.1294,8.7207
8.7207,9.2779,8.2219,11.569,11.924,13.023,9.2195,8.2873,6.1294,8.7207
1.7435,2.0139,1.793,1.6667,1.9075,1.9767,2.0568,1.8481,1.2243,1.4622
-0.00028739,0.00015768,-0.00020574,0.0016487,8.5657e-05,0.0012186,0.00084049,0.00032014,-0.0001255,0.00012821
0.052874,0.056866,0.052719,0.044593,0.049265,0.050492,0.055277,0.053025,0.042622,0.044744
0.1729,0.16891,0.15676,0.18393,0.18962,0.19518,0.12029,0.1542,0.15881,0.15841
-0.14786,-0.22336,-0.13413,-0.21293,-0.1375,-0.25168,-0.16867,-0.24549,-0.11,-0.12432
-9.3033,-4.3306,-7.7982,-10.57,0.60892,6.399,-16.022,-8.3306,4.7111,-12.75
0.25373,0.32487,0.21107,0.2948,0.1876,0.26546,0.45173,0.38822,0.14058,0.24399
558.9,613.04,673.39,360.87,530.01,399.7,821.96,696.49,636.67,658.92
135.45,156.76,144.82,138.45,156.7,121.56,136.33,142.77,125.9,138.82
830,866,866,678,770,712,938,796,794,862
1,1,46,16,1,12,154,42,90,46
59.268,95.189,61.051,95.524,82.345,52.508,74.315,50.624,95.505,104.03
75033,1.3555e+05,72590,1.8331e+05,1.1347e+05,74194,95569,63533,99421,1.1256e+05
0.20437,0.26966,0.25652,0.19143,0.25337,0.14586,0.23743,0.20833,0.30513,0.28039
244.54,308.04,167.54,190.48,159.1,180.4,262.12,204.01,167.23,0
