1342.8,1073.8,1078.5,1092.6,1199.7,1239.6,1243,1291,1199.8,1229.5
1127.7,1352.9,1041.9,1387.5,1009.8,895.64,847.79,818.3,960.04,1221.4
7760,3877,4170,4580,4580,4490,4340,4800,3830,4360
0,0,0,0,0,0,0,0,0,0
1,1,1,1,1,1,1,1,1,1
1954,1418,1357,1393,1444,1649,1439,1445,1276,1480
1.8627,1.6741,1.6136,2.2468,1.8584,2.187,2.2173,2.3083,1.7896,2.4302
1,1,1,1,1,1,1,1,1,1
1954,1418,1357,1393,1444,1649,1439,1445,1276,1480
0.97192,0.97638,0.98113,0.98757,1.0141,0.9974,1.0003,0.97905,0.97949,1.0001
1.1232,1.0639,1.094,1.1002,1.1034,1.0704,1.1699,1.0531,1.0467,0.97719
5.1912,4.7685,5.1823,4.5027,4.9701,4.821,4.2828,4.9679,5.1153,4.5428
11,11,11,11,11,15,10,13,11,15
16,18,22,22,20,22,20,23,19,20
6.5437,5.1,5.7315,6.7268,5.707,5.1352,5.7271,5.6321,4.6,5.7315
6.5437,5.1,5.7315,6.7268,5.707,5.1352,5.7271,5.6321,4.6,5.7315
1.0928,1.1033,1.1821,1.2033,1.1024,1.2613,1.1867,1.1608,1.0211,1.2308
0.00011613,0.00087707,0.00087588,0.00021882,0.0002441,0.00026982,0.00048223,0.00045596,0.00030529,0.00026809
0.043629,0.047077,0.046452,0.045261,0.048135,0.045871,0.044211,0.044673,0.04514,0.04437
0.13682,0.12401,0.12191,0.13416,0.16047,0.12903,0.13358,0.1208,0.13,0.13022
-0.14,-0.12083,-0.13,-0.1639,-0.12013,-0.12676,-0.13,-0.12058,-0.13515,-0.1253
-8.3399,-8.3957,-7.809,-3.9604,-14.357,-13.662,-11.114,-11.204,-10.06,-10.541
0.20851,0.36043,0.32542,0.28406,0.28515,0.33875,0.32442,0.28083,0.28773,0.28899
698.51,532.23,656.31,678.19,613.61,575.85,569.62,511.53,581.27,603.89
165.31,135.3,139.66,183.14,102.86,67.191,82.529,104.71,132.97,105.44
886,662,824,936,704,658,666,618,730,694
26,46,1,1,108,50,60,52,52,10
426.58,252.27,339.31,225.56,297.06,284.22,242.05,269.14,268.54,250.65
8.3354e+05,3.5772e+05,4.6044e+05,3.1421e+05,4.2895e+05,4.6867e+05,3.4831e+05,3.8891e+05,3.4265e+05,3.7096e+05
0.40666,0.29784,0.40345,0.36381,0.38231,0.37694,0.37296,0.42994,0.37663,0.41157
0,0,0,0,0,0,0,0,0,0
