1436.9,1152.8,657.89,737.31,602.16,1949.9,1521.3,1560.3,981.82,1658.1
891.67,1142.5,1256.2,1284.1,1245.6,1552.8,1394.6,1168,1279.6,1258.2
18628,7560,6088,6899,5207,11934,5295,5758,4260,5062
9078,1800,2148,3229,1337,7774,2335,2148,1430,1532
0.51267,0.7619,0.64717,0.53196,0.74323,0.34858,0.55902,0.62695,0.66432,0.69735
1332,745,571,673,638,689,582,714,566,796
2.0878,2.3802,1.969,1.9678,2.2,1.6483,1.6441,1.4,1.5256,1.738
7,4,5,5,5,6,4,4,4,4
190.29,186.25,114.2,134.6,127.6,114.83,145.5,178.5,141.5,199
0.93069,1.006,1.004,1.0068,1.001,0.98603,0.98953,0.98309,0.9873,0.99077
1.2558,0.95856,0.98598,1.0293,0.98567,0.98182,0.98897,0.98785,0.97842,0.98667
4.3922,5.2258,4.5622,4.3536,4.1997,6.1634,5.3973,6.4394,6.735,5.4423
28,22,16,14,14,26,20,25,22,20
28,22,23,21,23,21,23,24,28,22
3.1241,2.0881,2.3,4.245,1.8,3.8079,3.265,5.021,3.8288,5.4378
3.1241,2.0881,2.3,4.245,1.8,3.8079,3.265,5.021,3.8288,5.4378
0.63405,0.43262,0.36806,0.4918,0.38551,0.74761,0.62902,1.0428,0.86248,1.1124
-0.0001379,-5.8377e-06,0.00022107,0.0008105,-0.00016602,0.00020374,0.00072792,0.00067366,0.00093203,0.00040138
0.035167,0.041453,0.041821,0.045995,0.041818,0.041557,0.043518,0.045599,0.047978,0.047751
0.1,0.11662,0.1062,0.41549,0.084853,0.12912,0.12401,0.13416,0.12,0.15688
-0.1,-0.13,-0.11279,-0.30788,-0.084853,-0.16279,-0.12,-0.14542,-0.13676,-0.12
-7.9135,-2.5987,3.5127,3.8757,2.4817,-6.0739,-12.273,-17.061,-10.483,-12.543
0.054156,0.11242,0.13966,0.16484,0.15887,0.16255,0.16046,0.1582,0.22111,0.15742
355.46,618.53,394.97,470.66,362.08,691.63,787.81,806.99,792.03,835.3
200.25,105.71,114.84,141.05,116.78,232.12,118.27,125.05,113.57,127.33
796,722,544,736,500,952,876,894,888,916
0,1,1,20,1,16,52,72,1,1
74.732,74.221,40.433,31.792,33.802,128.4,87.992,162.91,128.81,128.43
99543,55295,23088,21396,21566,88469,51211,1.1632e+05,72907,1.0223e+05
0.11713,0.23713,0.13943,0.092958,0.11656,0.30718,0.24857,0.31943,0.3472,0.28041
270.7,321,178.51,213.82,182,256.87,230.18,286.87,280.3,271.82
