1599.4,610.01,669.4,1391.7,1128.5,1513.3,1115.6,1355.7,648.17,469.25
813.75,581.51,636.51,866.2,604.56,915.21,693.63,699.95,268.11,742.22
3920,2910,3800,2870,2770,7895,1990,3370,1160,5533
360,340,1790,780,500,2225,410,0,120,3073
0.90816,0.88316,0.52895,0.72822,0.81949,0.71818,0.79397,1,0.89655,0.44461
786,1255,642,674,908,755,633,638,970,760
1.8849,2.5456,1.9754,1.4526,2.3402,5.2069,1.819,3.0526,3.5662,3.1933
2,2,2,2,2,2,2,1,2,3
393,627.5,321,337,454,377.5,316.5,638,485,253.33
0.98543,0.92494,0.99975,0.97218,0.97555,1.0221,0.98184,0.99724,1.044,0.98686
1.0824,1.0247,0.97733,1.0351,1.0436,1.0555,1.0216,1.0353,1.181,1.0588
3.9395,2.5089,3.0991,4.6056,3.7494,2.9307,3.4358,3.1678,2.1982,2.8711
16,6,14,9,8,11,10,11,6,8
14,13,10,10,7,10,7,22,7,12
4.6,4.6271,3.6497,4.639,5.6,3.5,3.1575,3.6497,4.639,3.6497
4.6,4.6271,3.6497,4.639,5.6,3.5,3.1575,3.6497,4.639,3.6497
1.0571,0.81633,0.70374,0.94168,1.3207,0.54336,0.703,0.72205,1.0782,0.82265
-0.00028604,7.9192e-05,8.0156e-05,-0.00036185,0.00072671,0.00015112,0.0016447,0.00014881,-0.0003276,0.00081996
0.033694,0.037076,0.042545,0.047979,0.043888,0.03565,0.043335,0.039731,0.049442,0.042395
0.1219,0.1184,0.11,0.12525,0.12,0.078102,0.12083,0.14,0.11662,0.1
-0.11,-0.080243,-0.11662,-0.1139,-0.11,-0.11683,-0.1,-0.15,-0.10972,-0.16155
-4.1663,-9.2406,0.9967,-7.4526,-11.585,-3.5013,-11.686,-5.6511,-4.747,2.9709
0.15265,0.47137,0.29256,0.25006,0.31865,0.10687,0.14936,0.16973,0.77262,0.23596
747.55,420.4,320.07,427.42,705.22,345.84,523.59,655.86,538.74,390.89
125.05,133.35,96.833,121.4,93.448,140.65,100.87,85.268,115.56,152.69
904,564,540,588,816,568,644,760,670,712
246,58,44,18,62,1,100,124,76,26
90.948,83.005,45.932,142.57,100.29,25.306,99.508,35.738,37.631,29.168
71485,1.0417e+05,29489,96092,91065,19106,62989,22801,36502,22167
0.2181,0.16837,0.14133,0.30726,0.25848,0.17452,0.28594,0.171,0.13835,0.12255
191.92,272.83,99.126,111.45,81.345,48.052,172.41,0,123.15,90.811
