1688.9,1880.2,1610.1,1731.2,1776,1804.4,1792.4,1865.9,1857.1,1944.3
468.6,697.7,861.9,768.05,658.33,750.14,747.72,738.47,731.59,698.91
14726,10430,5130,8001,5136,10345,8632,7728,9044,9400
9156,1740,1070,1241,816,1565,1472,918,874,1180
0.37824,0.83317,0.79142,0.84489,0.84112,0.84872,0.82947,0.88121,0.90336,0.87447
1939,1868,2148,1872,2179,1934,1862,2000,1852,2010
5.2978,2.5141,5.078,2.757,3.9546,2.2996,2.3599,3.0257,2.3835,2.4572
9,3,3,4,5,4,3,3,4,3
215.44,622.67,716,468,435.8,483.5,620.67,666.67,463,670
1.0072,1.0149,0.98538,1.0157,0.97621,1.0517,1.0528,1.0249,1.0533,1.0371
0.95126,0.99883,0.99538,0.98681,0.95255,0.96464,0.98499,1.0191,0.99544,1.0011
4.1677,4.4795,3.4106,4.1911,3.9289,4.5753,4.5738,4.3396,4.3792,4.1924
32,20,22,22,20,23,25,16,25,20
28,32,27,30,33,31,27,27,32,28
8.2,7.7233,12.315,7.6942,6.0539,15.081,14.722,9.2779,6.3325,5.2173
8.2,7.7233,12.315,7.6942,6.0539,15.081,14.722,9.2779,6.3325,5.2173
1.084,0.94083,1.7631,0.88003,1.291,1.2591,1.3817,1.1971,0.80883,0.75334
0.0012144,0.00081829,0.00060916,0.00023332,8.6939e-07,0.00020943,0.0024177,0.00046651,0.00042508,-6.3652e-05
0.050047,0.04298,0.050439,0.043421,0.048218,0.050193,0.046619,0.047395,0.041348,0.044554
0.32212,0.19883,0.21195,0.12952,0.15749,0.28164,0.33205,0.16771,0.14,0.16575
-0.1639,-0.11786,-0.2974,-0.20787,-0.26431,-0.27624,-0.12247,-0.22315,-0.12284,-0.1542
-5.7577,-16.015,-10.523,-14.51,-5.3559,-15.003,-18.675,-17.525,-13.897,-18.743
0.49382,0.2885,0.74037,0.36602,0.22242,0.31928,0.40514,0.35298,0.30529,0.32372
335.19,407.42,565.15,400.02,797.46,388.91,401.25,614.95,682.71,648.79
117.31,79.683,89.966,99.159,131.73,90.608,105.09,114.65,126.66,87.281
636,524,684,496,990,496,588,768,820,750
8,28,110,1,44,1,48,58,1,34
91.961,169.18,100.41,131.28,173.27,167.28,174.93,164.81,136.09,140.4
1.7831e+05,3.1602e+05,2.1568e+05,2.4576e+05,3.7756e+05,3.2352e+05,3.2573e+05,3.2962e+05,2.5203e+05,2.822e+05
0.25126,0.22769,0.23738,0.19335,0.31447,0.19891,0.22172,0.24933,0.17515,0.17164
199.53,630.14,586.13,391.67,383.2,407.65,657.66,633.19,392.17,595.54
