1549.1,1908.9,1502.2,1618.6,1537,1522.7,1500.2,1372.1,1951.9,1589.6
1087.9,815.3,892.81,786.79,978.35,1157,1127.3,611.02,1102.1,1028.3
1440,4970,4522,5760,2184,2400,1740,6629,2674,2904
0,0,1442,950,464,280,460,969,544,664
1,1,0.68111,0.83507,0.78755,0.88333,0.73563,0.85382,0.79656,0.77135
1347,1347,985,1388,1220,1566,704,1082,949,888
2.1518,3.7521,1.7684,3.1474,2.8438,3.0646,2.2932,2.0969,1.5738,1.7412
1,1,2,2,2,2,2,2,2,2
1347,1347,492.5,694,610,783,352,541,474.5,444
0.98309,0.98127,0.98052,0.93221,0.99393,0.98396,0.99745,1.0286,1.016,1.0134
1.0281,0.99294,0.99904,1.1001,0.99677,1.0545,0.99489,1.0306,0.99683,1.0077
3.868,3.3264,4.7542,3.9588,3.653,2.9457,4.4496,4.4757,4.2619,4.5353
11,12,13,15,11,15,9,18,7,9
11,21,17,16,15,21,13,17,15,13
14.385,10.259,11.752,13.713,13.852,15.84,9.969,11.569,13.005,14.722
14.385,10.259,11.752,13.713,13.852,15.84,9.969,11.569,13.005,14.722
3.1535,1.2856,1.6958,1.8153,2.5106,2.8257,1.9416,1.1754,2.0448,2.1111
0.0052034,0.00017107,0.00037549,4.1507e-05,0.0034559,0.0018563,0.0058673,0.00017617,0.0040534,0.0046403
0.086774,0.046948,0.11635,0.043039,0.070679,0.14279,0.061504,0.051371,0.060755,0.063143
0.27993,0.21272,1.0866,0.26018,0.29694,1.1344,0.1737,0.38688,0.35401,0.33874
-0.21294,-0.1639,-1.0866,-0.19991,-0.2096,-1.0344,-0.12355,-0.17982,-0.21746,-0.22902
-14.68,5.3327,-8.4401,-13.348,-11.166,-8.4778,-15.26,-16.175,-14.036,-14.639
0.76181,0.25654,0.61894,0.53687,1.1708,0.92844,1.0247,0.33689,0.75721,0.74531
340.47,651.71,581.85,547.86,432.38,244.13,222.52,400.38,476.44,413.37
78.587,114.68,130.05,75.974,94.276,175.12,66.451,58.134,116.79,87.891
516,772,766,658,544,560,390,544,684,676
56,0,0,70,70,0,102,34,48,90
112.41,68.959,113.85,121.26,38.546,49.907,43.314,100.52,83.955,60.06
1.5141e+05,92888,1.1214e+05,1.6831e+05,47027,78154,30493,1.0876e+05,79674,53334
0.17957,0.19209,0.20439,0.27497,0.089852,0.097665,0.14109,0.1948,0.13923,0.11777
0,0,934.28,1359.4,956.49,806.23,706.82,857.71,685.23,815.11
