1858.3,2365.1,1132.3,1104.2,1463.7,1275.7,1584.8,1646.4,1429.5,1383
409.52,1142,704.82,695.25,1396.8,620.11,1602.9,1592.5,1214.8,1182.5
3250,3910,6113,6643,4127,7120,5672,6004,5570,4223
940,790,1143,1573,697,810,1572,2434,1470,1023
0.71077,0.79795,0.81302,0.76321,0.83111,0.88624,0.72285,0.5946,0.73609,0.75776
832,786,683,673,847,1000,827,786,535,710
2.9928,2.2586,1.9971,1.9011,2.283,2.3641,2.2596,2.2203,1.9597,1.6322
5,3,3,3,3,4,3,4,5,3
166.4,262,227.67,224.33,282.33,250,275.67,196.5,107,236.67
0.96672,1.0006,0.96556,0.95635,0.98503,0.95289,0.9896,0.98819,0.98162,0.98843
0.99416,1.0123,1.0172,1.0144,0.99364,0.96739,0.96171,0.97103,0.97487,0.99459
4.0842,4.0804,4.5392,4.3668,4.9921,4.5144,4.8093,4.6768,6.0891,5.3418
12,18,16,18,13,21,17,15,15,19
17,20,17,17,17,24,16,16,14,15
3.1,2.508,1.772,2.4,4.3081,2.5495,4.3658,4.5618,3.7802,3.8079
3.1,2.508,1.772,2.4,4.3081,2.5495,4.3658,4.5618,3.7802,3.8079
0.65086,0.56584,0.37926,0.41558,1.1808,0.59333,0.99225,0.91664,0.88415,0.98484
0.00078502,0.00019638,0.0002041,0.00020868,0.00035523,3.2574e-05,0.00069567,0.00060917,-6.1819e-05,0.00022396
0.043001,0.045615,0.041184,0.042134,0.048459,0.038987,0.041457,0.044011,0.03919,0.04431
0.13,0.14866,0.1,0.12,0.19226,0.092078,0.14475,0.12088,0.1253,0.12
-0.11662,-0.11537,-0.12,-0.085494,-0.21683,-0.12,-0.13682,-0.16,-0.11683,-0.14
-5.485,-8.7398,-0.82467,-0.10133,-18.712,1.2355,-13.299,-15.039,-9.1751,-14.038
0.19756,0.12784,0.11965,0.11623,0.17697,0.14586,0.14624,0.17122,0.080464,0.14504
109.28,198.12,379.13,363.02,707.14,769.2,669.01,643.94,708.53,759.98
61.936,111.02,77.025,104.13,83.267,163.26,108.96,142.29,150.45,141.14
314,422,520,542,846,1023,822,846,910,920
1,0,24,1,178,90,74,1,1,40
51.628,41.062,49.437,53.557,133.35,58.547,115.06,109.33,132.03,139.34
42955,32275,33766,36044,1.1295e+05,58547,95157,85931,70633,98929
0.18571,0.11799,0.14455,0.15129,0.35944,0.13841,0.31438,0.30883,0.48361,0.32031
193.19,225,140.23,98.268,211.46,114.12,244.98,136.65,115.14,190.5
