922.5,913.93,934.17,823.69,794.24,1013.4,817.62,903.91,919.25,873.58
1244.9,1264.6,1592.7,1438.2,1422.8,1367.1,1298.2,1629.9,1533.9,1634.9
4007,3923,5170,3814,4597,6246,4618,4753,5572,6834
777,723,2020,894,1197,2156,1278,1803,1562,1934
0.80609,0.8157,0.60928,0.7656,0.73961,0.65482,0.72326,0.62066,0.71967,0.717
1418,1404,1419,1057,1271,1439,1479,1485,1424,1127
3.3054,2.4938,3.4951,2.9361,2.5781,2.9917,3.037,3.7125,3.6607,2.8532
3,3,3,3,3,3,3,3,3,3
472.67,468,473,352.33,423.67,479.67,493,495,474.67,375.67
1.002,0.97863,0.99063,0.99177,0.99354,0.98966,0.99118,0.99669,0.9945,0.99453
1.1104,1.0403,1.0797,1.0716,1.048,1.0634,1.0727,1.0142,1.0821,1.0733
2.8994,3.3449,2.7781,3.187,3.4944,3.2404,2.8119,2.478,2.9897,3.2556
18,20,18,20,19,21,16,17,18,18
20,20,20,21,19,22,19,18,22,22
5.1,3.6,4.1,2.4515,4.6271,3.6346,5.1,5.2,4.1437,3.6497
5.1,3.6,4.1,2.4515,4.6271,3.6346,5.1,5.2,4.1437,3.6497
0.60892,0.66771,0.69342,0.53737,0.68078,0.65331,0.68554,0.74838,0.60439,0.46476
0.0016516,0.0014001,0.0011448,0.00016774,0.0016491,0.0010144,0.00081534,0.0006051,0.00012068,0.00090506
0.039964,0.048958,0.04295,0.042935,0.041849,0.042036,0.044623,0.045633,0.046518,0.040559
0.14,0.19845,0.10871,0.13,0.1462,0.11662,0.1172,0.11,0.13,0.12083
-0.10881,-0.14415,-0.1062,-0.11,-0.12397,-0.10881,-0.21497,-0.11,-0.1562,-0.099098
-10.718,-17.702,-4.719,-5.8433,-17.128,-16.519,-9.608,-16.892,-14.362,-4.9268
0.24611,0.24016,0.30844,0.21715,0.22445,0.21558,0.30506,0.3928,0.25346,0.15111
586.31,632.54,662.07,617.44,594.78,630.81,670.68,630.9,704.62,700
118.47,124.08,125.37,108.91,121.28,141.86,126.13,137.27,144.7,121.01
782,828,846,742,788,810,846,828,916,868
104,8,1,2,68,50,4,1,74,38
30.586,48.941,24.833,25.304,63.609,40.931,26.849,21.535,30.826,36.982
43372,68713,35237,26747,80847,58900,39709,31980,43897,41679
0.071297,0.086928,0.061164,0.07029,0.12902,0.085097,0.05513,0.053838,0.079245,0.093626
358.16,315.34,243.93,244.9,255.25,270.53,268.81,239.78,240.91,212.21
