1511.1,1319,1500.8,1835,1563.2,1984.6,2360.1,2368.9,2517,2422.8
483.14,334.5,793.13,775.67,437.89,538.74,458,501.34,504.38,527.29
15069,21719,5540,5620,9738,9035,6283,8846,8923,19606
2669,4219,1770,640,3528,2475,1063,1306,1353,4106
0.82288,0.80575,0.68051,0.88612,0.63771,0.72607,0.83081,0.85236,0.84837,0.79057
2128,1868,1857,2353,1796,1903,2122,2072,1894,1847
4.8364,4.1327,3.3702,4.2704,4.4236,4.1102,4.7472,4.103,4.0298,4.1413
5,5,4,3,4,7,8,5,7,4
425.6,373.6,464.25,784.33,449,271.86,265.25,414.4,270.57,461.75
0.90551,0.88909,0.99596,0.98028,0.99032,1.0042,1.013,1.01,0.9878,0.99522
0.90721,0.93272,0.97191,0.96953,1.134,1.0935,0.96779,0.94601,0.975,1.0737
3.7572,4.7243,4.8571,3.8484,4.5181,5.4655,4.5523,4.9253,4.8821,5.0291
52,62,36,37,39,53,43,49,47,43
52,64,33,42,47,51,44,58,49,41
7.7104,5.7801,8.6977,20.032,8.2,9.7185,10.218,9.2136,7.8102,9.7185
7.7104,5.7801,8.6977,20.032,8.2,9.7185,10.218,9.2136,7.8102,9.7185
0.97168,0.69641,1.4782,1.671,1.4149,1.5063,1.6343,1.3277,1.226,0.76724
0.00043641,0.00019742,0.0014221,0.0034766,0.00063286,0.00018797,0.00023543,0.00025417,0.00037575,0.00069479
0.056706,0.046594,0.07038,0.14047,0.055149,0.056937,0.061392,0.050371,0.047895,0.048053
0.77104,0.57801,0.27142,2.0032,0.2,0.19895,0.26213,0.19723,0.21114,0.57201
-0.42391,-0.38385,-0.26418,-0.85165,-0.35748,-0.24868,-0.21344,-0.20648,-0.13723,-0.34655
-22.568,-19.779,-16.692,-13.983,-16.983,-15.139,-16.861,-17.88,-13.361,-12.183
0.054438,0.016386,0.22533,0.12839,0.015769,0.037333,0.071686,0.013764,0.012661,0.0048754
478.96,458.38,717.63,700.03,589.99,642.64,549.27,599.34,566.41,651.87
145.73,174.68,159.32,299.69,70.702,114.02,104.47,64.106,107.59,97.046
730,766,994,1023,750,798,694,698,702,762
0,8,48,0,24,20,1,82,20,36
77.84,68.55,170.25,137.25,73.755,110.66,120.99,110.51,125.15,96.28
1.6564e+05,1.2805e+05,3.1616e+05,3.2294e+05,1.3246e+05,2.1059e+05,2.5675e+05,2.2897e+05,2.3703e+05,1.7783e+05
0.17691,0.15166,0.30899,0.24909,0.18166,0.23901,0.27068,0.21883,0.26627,0.21587
222.19,364.86,272.08,424.09,559.72,230.34,153.76,364.19,220.88,458.37
