1205.5,1198.7,1201.9,1223.8,1205.9,1210.4,1202.9,1216.9,1216.1,1210.9
850.86,840.26,844.49,843.52,842.73,841.18,840.57,844.95,841.53,853.3
9657,9170,9974,9155,9103,8951,8203,9631,8590,9376
3197,3060,3104,2885,3473,2941,3093,3561,3120,3656
0.66894,0.6663,0.68879,0.68487,0.61848,0.67143,0.62294,0.63026,0.63679,0.61007
760,760,730,755,750,755,760,750,760,760
2.6207,2.724,2.7969,2.9492,2.6408,2.7158,2.7338,2.7574,2.724,2.7338
9,9,10,10,9,9,9,9,9,9
84.444,84.444,73,75.5,83.333,83.889,84.444,83.333,84.444,84.444
1.001,1.0074,1.0097,0.99874,1.0056,1.0024,1.0085,1.0033,0.99882,1.0115
0.99622,0.9839,1.0049,0.97905,0.99043,0.99193,0.98721,0.98708,0.98738,1.0039
6.3903,6.8353,6.1947,6.0866,6.4773,6.4592,6.1607,6.5345,6.0048,6.5506
22,22,22,22,22,22,22,24,20,20
23,23,25,25,27,27,21,30,26,27
1.6155,2,1.562,1.9416,1.9209,1.8682,2.6907,1.8682,2.0591,2.4515
1.6155,2,1.562,1.9416,1.9209,1.8682,2.6907,1.8682,2.0591,2.4515
0.39317,0.47944,0.39101,0.42766,0.46565,0.43093,0.48676,0.44714,0.45231,0.49964
0.00040255,0.00015446,0.00014241,0.00015795,0.00050376,1.2523e-05,0.00037612,0.00061604,0.00032857,0.00055322
0.037902,0.037939,0.038683,0.039526,0.039234,0.038604,0.038287,0.03999,0.039134,0.039576
0.085494,0.13682,0.11662,0.1062,0.1,0.1,0.10791,0.13,0.14866,0.1062
-0.085494,-0.1062,-0.084853,-0.085494,-0.13416,-0.085494,-0.1118,-0.12,-0.089294,-0.096205
-7.5218,-6.8567,-7.9346,-9.5095,-12.768,-12.939,-13.689,-8.6755,-11.195,-11.702
0.05201,0.063508,0.054765,0.066146,0.055946,0.064534,0.062442,0.060126,0.062011,0.068425
494.94,536.57,563.55,583.66,619.35,583.04,575.38,572.71,566.41,558.71
140.85,159.13,179.34,180.53,182.59,159.65,169.51,178.55,168.2,145.79
654,706,752,792,864,744,764,788,744,732
8,1,1,32,2,20,46,1,12,1
104.2,117.85,77.866,86.358,110.24,111.3,97.246,101.16,87.947,107.39
79190,89563,56842,65200,82680,84030,73907,75873,66840,81619
0.3593,0.42239,0.29834,0.33734,0.38817,0.40035,0.34981,0.37193,0.31522,0.38631
173.31,179.96,139.67,141.84,169.89,160.96,173.53,159.24,158.97,167.51
