2146.5,2256.6,1105.9,1412.9,2026.6,2197.3,2381.5,2489.6,2173.2,2248.9
1096.4,1181.3,691.21,884.83,938.79,1417.1,1403,1361.1,1433.2,1301.8
6900,6416,5510,4712,6820,5999,7251,8378,11519,8564
680,1416,1650,582,1880,1659,2961,3918,7149,4124
0.90145,0.7793,0.70054,0.87649,0.72434,0.72345,0.59164,0.53235,0.37937,0.51845
1857,1653,1103,1495,1255,1016,1138,1087,1224,1098
4.3287,3.48,2.0239,2.1857,1.9671,1.9464,1.9621,1.6152,2.3226,1.6462
2,4,5,2,2,2,3,4,5,5
928.5,413.25,220.6,747.5,627.5,508,379.33,271.75,244.8,219.6
0.98089,0.9887,0.96113,1.0691,1.0039,1.0072,1.0058,0.99812,1.0176,1.0003
0.90707,1.0108,0.94348,1.0123,1.0011,0.98541,0.98888,0.97951,0.98466,0.97767
4.5015,5.858,5.5783,4.1343,5.3786,6.458,6.4465,8.0912,7.3795,8.4842
21,24,22,20,23,21,22,26,29,27
24,27,24,19,26,19,22,28,30,31
7.2007,7.2,6.6272,9.2914,7.2835,7.4706,7.9404,11.647,6.8447,8.9989
7.2007,7.2,6.6272,9.2914,7.2835,7.4706,7.9404,11.647,6.8447,8.9989
1.2428,1.493,1.2486,1.507,1.2275,1.3999,1.3403,1.5815,1.5575,1.5966
-0.00018341,-0.0001674,0.0015542,-7.9484e-05,0.00058022,0.00017976,0.00063233,0.0024325,0.0034242,0.0015857
0.039873,0.047627,0.05039,0.049938,0.04725,0.048749,0.049857,0.055616,0.06276,0.053784
0.14083,0.14055,0.1539,0.16488,0.17012,0.15748,0.15725,0.23687,0.51478,0.17239
-0.13022,-0.22257,-0.16201,-0.2119,-0.15813,-0.1247,-0.2183,-0.1708,-0.3265,-0.23292
-1.8108,-9.8323,-5.675,-10.367,-11.323,-16.641,-18.501,-18.961,-10.781,-10.342
0.37456,0.33765,0.37266,0.20954,0.29604,0.1358,0.25881,0.37024,0.36634,0.31427
687.03,725.8,449.3,844,587.21,608.91,607.14,560.04,500.4,514.16
127.23,135.61,136.68,88.192,84.8,89.483,83.898,105.44,112.12,121.48
866,966,656,970,756,694,734,674,670,686
18,52,8,280,1,18,96,34,32,1
137.36,214.76,147.05,98.692,75.919,203.71,138.59,218.45,210.84,272.62
2.5507e+05,3.55e+05,1.6219e+05,1.4754e+05,95279,2.0697e+05,1.5772e+05,2.3746e+05,2.5807e+05,2.9934e+05
0.32018,0.45213,0.26981,0.14429,0.119,0.39024,0.23895,0.32459,0.40008,0.40873
1001.4,518.74,263.71,692.79,866.25,474.05,614.27,537.63,404.92,440.95
