1410.5,1441,1175.9,1311.8,2338,2294.5,2063,2273.8,2616.8,2403
993.14,1004.4,832.97,1056.7,1569.5,1902.5,1512.6,1766.7,1857.7,1713.3
8980,9370,1160,11510,8194,5770,6300,9000,8990,8200
0,0,0,0,264,0,0,0,0,0
1,1,1,1,0.96778,1,1,1,1,1
1899,2041,883,2011,1582,1490,1378,1638,1704,1735
1.8933,2.1994,1.5546,1.8936,1.9628,2.1225,2.0146,2.4781,2.3152,2.1824
1,1,1,1,2,1,1,1,1,1
1899,2041,883,2011,791,1490,1378,1638,1704,1735
0.99584,1.0114,0.95099,1.003,1.0032,0.99914,0.99843,0.99146,0.99287,0.99265
1.0917,1.0944,1.0827,1.0731,1.0171,0.98358,1.0018,1.01,1.006,0.98592
4.9509,4.9138,3.8221,4.7575,4.7606,4.4519,4.5059,4.79,4.7953,4.5112
27,27,12,25,34,23,23,25,25,24
24,26,14,24,34,25,22,30,26,25
3.5805,4.7297,11.666,5.8523,6.3246,7.7201,6.1855,6.237,5.8215,6.6038
3.5805,4.7297,11.666,5.8523,6.3246,7.7201,6.1855,6.237,5.8215,6.6038
0.62805,0.62961,2.2093,0.54914,1.2023,1.5591,1.3454,1.0993,1.1757,1.1026
-8.3278e-05,0.00037144,0.00095715,0.0002847,0.00027402,0.00010417,7.9491e-05,0.00023359,-0.00013461,6.105e-05
0.043232,0.041636,0.13867,0.040475,0.043753,0.045986,0.043304,0.043293,0.042667,0.041616
0.13133,0.1208,0.54378,0.15413,0.16277,0.17346,0.17612,0.16279,0.12257,0.14591
-0.1219,-0.11935,-0.52953,-0.15803,-0.16379,-0.16146,-0.15556,-0.1772,-0.14587,-0.15583
-20.364,-25.15,-14.384,-15.685,-19.29,-20.391,-22.675,-20.782,-14.354,-25.647
0.21147,0.21676,0.73879,0.17246,0.17753,0.24419,0.21873,0.17356,0.18676,0.21098
318.02,316.55,745.67,371.55,761.84,835.39,793.02,815.79,828.31,864.8
77.034,58.938,250.79,48.409,111.54,82.753,61.956,77.631,85.905,84.84
422,662,1023,592,912,926,872,900,908,950
18,54,0,34,64,102,140,54,122,58
216.53,197.01,180.68,170.42,153.95,154.56,161.17,154.73,180.92,172.45
4.1119e+05,4.0209e+05,1.5954e+05,3.4271e+05,2.4355e+05,2.3029e+05,2.221e+05,2.5345e+05,3.0828e+05,2.992e+05
0.21588,0.21229,0.3181,0.16047,0.19101,0.22017,0.23563,0.23409,0.24581,0.21691
0,0,0,0,48.384,0,0,0,0,0
