1449.8,1466.9,1437,1444.7,1462.2,1442.5,1456.3,1446.9,1449.3,1434.2
846.52,841.43,860.81,856.52,836.57,851.83,850.95,851.55,859.23,835
5102,5015,5432,6294,5503,5794,5173,4963,4625,5180
652,885,712,1034,813,774,723,763,695,900
0.87221,0.82353,0.86892,0.83572,0.85226,0.86641,0.86024,0.84626,0.84973,0.82625
745,689,796,689,745,755,694,750,750,663
1.6704,1.4505,1.6723,1.3976,1.5298,1.5503,1.5153,1.5213,1.503,1.2701
3,3,3,3,3,3,3,3,3,3
248.33,229.67,265.33,229.67,248.33,251.67,231.33,250,250,221
1.029,1.0213,1.0211,1.0157,1.0219,1.0266,1.0295,1.0321,1.0416,1.0304
1.0024,1.0013,1.0026,1.021,1.0126,1.0155,1.0224,1.0138,1.0168,1.0095
5.4639,6.166,5.4619,6.3092,6.3173,5.6923,6.3045,6.532,6.42,6.7188
16,18,20,20,21,22,17,18,20,18
19,20,23,21,21,21,21,20,20,21
4.0249,3.8419,3.4986,2.7459,3.7947,3.7,3.7802,7.1847,5.7983,3.5805
4.0249,3.8419,3.4986,2.7459,3.7947,3.7,3.7802,7.1847,5.7983,3.5805
0.77359,0.68581,0.70858,0.63729,0.70914,0.65863,0.74535,0.84837,0.98286,0.77279
0.00013512,0.00020234,0.00031883,0.00042514,0.00035836,0.00057263,0.00031439,0.00078089,0.0012488,0.00051007
0.03719,0.041842,0.043678,0.040021,0.043554,0.039934,0.039969,0.063288,0.042568,0.04335
0.12,0.092078,0.13,0.12083,0.13515,0.13,0.092078,0.71847,0.13787,0.1062
-0.095981,-0.13,-0.13,-0.092078,-0.12,-0.092078,-0.12,-0.36497,-0.15533,-0.1161
-4.7916,-5.4034,-4.9316,-6.9847,-2.1145,-3.1421,-7.2609,-3.3297,-12.678,-6.2474
0.15273,0.14046,0.14123,0.11221,0.11026,0.12476,0.13264,0.1527,0.16057,0.12455
584.99,544.56,575.46,531,547.24,568.61,550.07,425.73,442.57,444.65
137.15,125.72,145.23,150.46,150.31,124.78,113.76,149.78,137.14,115.38
828,732,792,778,776,780,756,678,666,710
16,36,26,4,1,46,70,22,1,1
144.14,161.35,140.01,151.86,167.4,139.88,149.71,163.15,195.44,174.35
1.0738e+05,1.1117e+05,1.1145e+05,1.0463e+05,1.2471e+05,1.0561e+05,1.039e+05,1.2236e+05,1.4658e+05,1.156e+05
0.32317,0.33969,0.29414,0.30804,0.34374,0.28722,0.32689,0.33093,0.39166,0.33401
211.35,224.39,206.38,222.03,240.51,191.86,211.17,256.11,245.25,245.59
