1339.6,1547.4,1480.5,1735.3,1401.2,1433.6,1473.9,1335.2,1351,1736.6
1396,1520.3,1516.2,927.04,701.15,1547.8,1472.9,1514.5,1526.1,1503.7
15337,13327,11804,8686,22790,8099,7988,10005,11757,10052
8507,5147,5054,3586,6610,2979,3068,2885,5187,3782
0.44533,0.61379,0.57184,0.58715,0.70996,0.63218,0.61592,0.71164,0.55882,0.62376
873,832,883,1470,904,858,985,826,781,836
2.0638,1.9669,2.0875,1.8375,2.0269,2.145,2.0478,1.6164,1.8684,2
12,10,12,8,11,10,11,8,9,10
72.75,83.2,73.583,183.75,82.182,85.8,89.545,103.25,86.778,83.6
0.99788,1.0044,0.99201,0.96847,1.0041,1.0023,1.0047,1.0061,0.9922,0.99814
0.98862,1.0109,0.99055,1.0051,1.031,1.0123,1.0013,0.99682,0.99224,1.0033
9.3278,8.8255,8.7501,8.4574,7.6451,8.3332,7.9286,9.9919,9.2583,9.0594
54,50,47,50,46,37,44,46,48,44
54,58,55,52,42,49,48,56,51,47
5.5082,4.3012,4.7074,11.216,1.3,4.8384,4.7265,5.2355,4.8384,5.1
5.5082,4.3012,4.7074,11.216,1.3,4.8384,4.7265,5.2355,4.8384,5.1
0.73663,0.75298,0.80507,1.8265,0.31737,0.82089,0.89683,0.89808,0.82562,0.90465
0.00077371,0.00019048,0.00040861,0.0016272,6.8818e-05,-0.00010937,0.00035384,0.00092206,0.00047392,0.00047655
0.044702,0.042043,0.042742,0.071905,0.044312,0.047267,0.051548,0.045498,0.042066,0.045305
0.19642,0.15447,0.15959,0.22677,0.1,0.13,0.13265,0.17676,0.17537,0.13296
-0.12304,-0.13412,-0.12428,-0.26,-0.12083,-0.12537,-0.16305,-0.13682,-0.12083,-0.13
1.9233,-1.1097,-2.5085,-4.2356,7.914,0.2495,1.3698,-0.4417,-2.7831,1.561
0.1437,0.12429,0.12968,0.063443,0.039924,0.17237,0.25142,0.13233,0.13589,0.16483
578.87,620,617.42,680.15,438.98,648.79,605.24,595.08,603.92,628.95
135.65,139.61,132.67,157.15,117.81,122.67,111.14,140.81,129.08,131.97
824,820,820,898,718,876,824,858,794,928
8,26,22,54,12,18,92,12,32,6
172.52,132.73,145.77,400.79,121.94,133.66,128.46,205.14,191.16,183.23
1.5061e+05,1.1043e+05,1.2871e+05,5.8917e+05,1.1023e+05,1.1468e+05,1.2653e+05,1.6944e+05,1.4929e+05,1.5318e+05
0.40786,0.31377,0.34461,0.50099,0.27341,0.33416,0.26706,0.40144,0.45731,0.43835
142.2,113.87,145.1,177.07,133.34,139.43,162.33,128.94,119.86,139.66
