1544.6,1451.9,1161.5,1207,1861.8,1523.5,2187.9,2104.7,2359.5,1986.5
984.81,1015,537.97,658.43,961.8,849.03,1656.4,1653.4,1514.7,1421.1
8040,14750,5362,4420,5668,6192,4100,5521,6382,5700
0,520,1642,240,1.718e+07,772,0,501,1392,0
1,0.96475,0.69377,0.9457,-3030,0.87532,1,0.90926,0.78189,1
1618,1204,1342,1071,2241,1602,964,1066,1102,1388
4.3612,2.8396,3.4061,2.9342,3.6145,4.8545,2.1566,3.0632,2.7143,2.6338
1,2,3,3,5,3,1,2,2,1
1618,602,447.33,357,448.2,534,964,533,551,1388
0.99065,0.98034,0.95967,0.99049,0.93366,0.98188,0.99897,1.0006,1.001,0.99546
1.0331,1.0716,1.1313,1.1395,1.0628,0.99629,0.96868,0.98354,0.9889,0.99647
3.5932,4.0978,3.0334,3.359,3.7176,3.4729,4.8414,4.937,4.7533,4.3937
23,24,26,26,29,27,32,39,29,29
27,23,24,24,29,33,24,31,32,34
3.0594,1.1662,3.8601,4.272,7.225,3.1623,7.2835,6.1855,5.8669,7.64
3.0594,1.1662,3.8601,4.272,7.225,3.1623,7.2835,6.1855,5.8669,7.64
0.49241,0.30843,0.82798,0.78009,1.2713,0.57542,1.2298,1.1213,1.1267,1.4841
-1.7282e-20,3.0652e-05,0.00028803,2.0877e-05,0.00052761,-6.1151e-05,-0.00035665,0.00062497,0.00049869,0.00016997
0.04021,0.043134,0.04245,0.038601,0.074379,0.041446,0.047339,0.045887,0.043326,0.047464
0.18,0.1,0.13436,0.1219,0.62169,0.11,0.13417,0.17262,0.15722,0.18089
-0.12,-0.11662,-0.12352,-0.11,-0.36,-0.13682,-0.14708,-0.14587,-0.12083,-0.13707
-8.5017,-4.8746,-4.8098,-10.089,-14.377,-1.3672,-15.015,-14.769,-14.48,-18.762
0.15858,0.058991,0.23615,0.14614,0.29054,0.33955,0.16049,0.16999,0.16111,0.12895
479.87,257.29,557.01,588.82,717.53,893.24,685.49,719.71,381.19,363.74
64.868,81.409,123.98,83.49,345.84,138.01,46.102,95.945,67.878,47.242
644,378,700,822,996,1023,802,844,484,466
0,1,38,94,0,140,230,18,8,4
122.22,69.792,66.085,62.062,110.42,90.112,152.07,107.54,131.31,158.56
1.9774e+05,84029,88686,66468,2.4745e+05,1.4436e+05,1.466e+05,1.1464e+05,1.447e+05,2.2008e+05
0.32942,0.1646,0.16773,0.17003,0.1781,0.27307,0.34021,0.30902,0.32342,0.30087
0,182.83,183.02,130.99,0,285.88,0,110.54,97.453,0
