1043.4,1868.4,1739.6,1053.7,1995.4,1244.5,1127.9,1268.5,997.51,1061.3
859.93,1180.8,1147.6,739.3,604.78,664.59,660.62,674.15,730.87,715.08
11139,4240,6780,11968,10773,13228,12093,12619,13042,10223
2149,770,820,1778,3003,2968,2503,2679,2692,2233
0.80707,0.8184,0.87906,0.85144,0.72125,0.77563,0.79302,0.7877,0.79359,0.78157
1251,2026,1440,975,2398,1362,1256,1327,1291,1102
2.9161,1.5953,1.2996,1.647,3.1346,2.3007,2.4061,2.2007,2.1625,2.0637
5,3,3,3,3,3,3,3,3,3
250.2,675.33,480,325,799.33,454,418.67,442.33,430.33,367.33
0.99999,0.96602,0.98125,0.9786,0.95921,0.98849,0.98196,1.0029,0.99537,0.99361
1.034,1.0391,0.98421,1.0798,0.93756,1.0769,1.0211,1.0743,1.0851,1.0435
7.9297,8.6772,9.7246,10.279,5.2567,7.9895,8.4726,8.3892,7.969,8.5273
36,33,35,34,41,36,38,36,30,34
39,37,39,40,37,38,44,40,36,43
10.767,20.806,11.102,4.7539,8.9359,8.9989,8.6833,9.0758,6.9123,9.025
10.767,20.806,11.102,4.7539,8.9359,8.9989,8.6833,9.0758,6.9123,9.025
1.3073,3.4552,2.0306,0.85431,1.1639,1.0849,1.1158,1.1629,1.0574,1.368
0.00020191,0.00067436,0.00035718,0.00024483,0.00029541,-6.0676e-06,0.00072236,0.00080031,0.00045936,0.00064683
0.046506,0.14284,0.07225,0.042394,0.051415,0.061901,0.043037,0.04379,0.044846,0.05324
0.16201,0.46377,0.38417,0.16,0.27504,0.82,0.16238,0.20036,0.1764,0.46228
-0.26722,-0.65497,-0.27026,-0.12184,-0.2576,-0.78854,-0.15556,-0.12355,-0.15761,-0.22797
-5.9706,-19.408,-18.854,-10.137,-7.0708,-7.5826,-12.196,-8.1067,-5.8142,-7.4394
0.15816,0.49554,0.2882,0.127,0.37236,0.13353,0.17178,0.15804,0.046964,0.071999
671.52,480.05,570.55,726.72,359.45,702.85,690.1,727.73,738.24,635.56
134.47,115.91,102.99,91.838,114.66,97.599,85.993,101.9,77.118,91.242
800,788,794,832,548,800,798,996,910,832
6,44,90,4,18,0,12,16,132,32
105.41,352.43,273.56,159.75,151.05,129.41,138.06,153.8,118.88,147.02
1.3187e+05,7.1403e+05,3.9392e+05,1.5575e+05,3.6221e+05,1.7626e+05,1.7341e+05,2.0409e+05,1.5347e+05,1.6202e+05
0.24571,0.27751,0.24689,0.26984,0.19745,0.2186,0.26449,0.25505,0.19913,0.27532
368.36,700.79,746.44,556.43,1300,805.83,692.63,625.65,381.75,386.77
