1693.6,1709.1,1733.9,1756.3,1715.1,1680.8,1747.1,1705.6,1744.9,1677.9
704.53,703.19,699.73,700.78,693.55,699.15,690.74,695.59,696.79,703.77
8570,8142,9543,8185,8411,7826,8530,8283,8418,9711
760,832,853,375,381,526,550,823,558,1011
0.91132,0.89781,0.91062,0.95418,0.9547,0.93279,0.93552,0.90064,0.93371,0.89589
1638,1658,1536,1587,1679,1628,1740,1577,1597,1622
4.6271,4.2081,4.4138,4.8831,4.8247,4.1851,4.6154,4.5316,5.0063,4.9003
3,3,4,3,3,3,3,4,3,3
546,552.67,384,529,559.67,542.67,580,394.25,532.33,540.67
0.99526,1.0006,0.9985,0.99931,0.99307,0.99348,0.99796,1.0022,1.0062,0.99003
1.0031,1.0099,0.99638,0.99768,1.019,0.99786,1.0113,1.004,0.98807,0.98911
4.9587,5.3687,5.107,4.9299,4.8996,4.9875,5.1907,5.2228,4.8331,4.7675
33,30,30,30,31,30,31,31,30,30
34,32,36,32,31,32,32,35,29,29
3.8288,3.1241,2.3324,2.7019,3.0232,2.7731,3.0232,3.0232,2.7019,3.0676
3.8288,3.1241,2.3324,2.7019,3.0232,2.7731,3.0232,3.0232,2.7019,3.0676
0.60749,0.64056,0.47864,0.53312,0.57211,0.58634,0.62355,0.59171,0.5948,0.50064
-5.8404e-05,8.7349e-05,-1.3414e-05,2.7212e-05,0.00027202,0.00021946,0.00027856,6.084e-05,0.00030583,0.00025224
0.045003,0.039241,0.041036,0.039448,0.040368,0.041019,0.041821,0.039486,0.040539,0.039364
0.38288,0.1253,0.096205,0.11763,0.11662,0.1,0.11348,0.11,0.12929,0.11662
-0.17193,-0.11662,-0.1352,-0.085647,-0.1118,-0.13006,-0.12083,-0.13416,-0.13,-0.085494
-20.053,-19.078,-18.675,-17.555,-15.757,-17.445,-18.516,-17.708,-17.06,-17.436
0.15133,0.16454,0.14289,0.16057,0.14972,0.17042,0.14397,0.17093,0.17015,0.14696
726.55,726.83,690.38,767.94,712.7,682.16,677.55,638.63,652.78,680.18
132.28,100.02,122.58,101.99,102.93,108.03,128.81,124.52,112.01,122.29
844,812,800,836,784,768,764,724,744,780
0,1,12,46,6,18,24,18,22,1
117.41,128.41,108.33,105.07,120.87,121.66,135.03,125.8,95.991,93.093
1.9232e+05,2.1291e+05,1.664e+05,1.6674e+05,2.0294e+05,1.9807e+05,2.3494e+05,1.9839e+05,1.533e+05,1.51e+05
0.33167,0.32592,0.3113,0.32329,0.34732,0.31276,0.35816,0.36151,0.30091,0.28125
203.25,195.9,113.49,138.23,123.88,168.49,181.81,127.86,173.06,196.64
