1315,1448.1,1366.9,1770.3,1900,1851.6,1917.6,1988,2272.9,2167.4
766.1,744.07,560.64,868.94,1490.4,1451.5,1406.1,1410.1,1384.3,1367.2
5290,6560,3040,9650,5820,3180,2300,1950,2900,2080
0,0,0,660,0,0,0,0,0,0
1,1,1,0.93161,1,1,1,1,1,1
980,1225,1505,995,1250,969,1112,944,970,1005
3.7548,2.7778,4.1806,2.3522,1.8116,2.0357,2.2285,1.9626,2.17,1.715
1,1,1,2,1,1,1,1,1,1
980,1225,1505,497.5,1250,969,1112,944,970,1005
0.97828,1.0825,1.0063,0.99511,1.0314,1.0009,1.0075,1.0131,1.0027,0.99534
0.99054,1.0132,0.9894,0.98908,0.944,0.969,0.98293,0.98995,0.97905,1.0016
4.6777,5.0953,4.3394,5.506,3.6703,5.2057,4.7638,4.9834,4.537,4.4574
14,15,16,17,14,13,11,11,9,9
14,14,16,16,18,18,16,13,12,10
6.7,9.8717,10.27,2.6683,12.613,9.6177,9.8082,7.7621,8.0362,8.9157
6.7,9.8717,10.27,2.6683,12.613,9.6177,9.8082,7.7621,8.0362,8.9157
1.3064,1.7866,2.0795,0.42729,1.7304,2.1498,2.2917,1.9571,1.8579,2.1784
3.4169e-19,9.1603e-05,0.0022195,-6.3144e-05,0.00032016,8.3179e-19,0.00029091,0.00076629,0.00017301,0.0011268
0.04209,0.045853,0.060817,0.039769,0.041477,0.059903,0.065206,0.061424,0.053253,0.062872
0.11662,0.16638,0.20614,0.084853,0.175,0.19698,0.18571,0.16107,0.15946,0.18818
-0.16346,-0.17455,-0.16109,-0.1,-0.3147,-0.24412,-0.19187,-0.16134,-0.1403,-0.16788
-2.874,-7.6641,-18.957,-12.897,-26.193,-19.779,-19.653,-24.729,-15.369,-16.199
0.090737,0.1346,0.3477,0.039505,-0.085911,0.091509,0.1313,0.2041,0.12862,0.2625
485.03,476.11,622.47,742.66,702.52,714.16,688.6,688.64,669.6,652.64
68.105,99.327,68.317,188.82,93.671,77.199,101.41,75.275,86.039,90.383
596,592,792,938,900,828,964,818,846,784
54,110,174,1,18,34,16,16,1,138
80.07,164.31,108.57,125.46,176.29,203.43,149.3,198.48,170.39,187.63
78468,2.0128e+05,1.6339e+05,1.2483e+05,2.2037e+05,1.9712e+05,1.6602e+05,1.8737e+05,1.6528e+05,1.8856e+05
0.30678,0.37259,0.30157,0.2966,0.2555,0.42737,0.2992,0.41265,0.38119,0.32018
0,0,0,45.343,0,0,0,0,0,0
