1064.1,1056.8,1052.5,1217.1,1046.8,1025.7,1086.5,1057.5,1031.7,947.22
954.29,957.87,979.36,955.15,962.81,1008.3,958.44,972.85,997.14,993.69
7800,9950,8110,7320,7270,5930,6270,6160,6340,6020
0,0,0,0,0,0,0,0,0,0
1,1,1,1,1,1,1,1,1,1
1959,1980,2093,2174,2036,2102,1924,2082,2067,1965
1.5151,1.4348,1.5036,1.8839,1.5602,1.831,1.7194,1.7264,1.6984,1.6133
1,1,1,1,1,1,1,1,1,1
1959,1980,2093,2174,2036,2102,1924,2082,2067,1965
1.0175,1.0091,1.0158,1.002,0.99882,0.99252,0.99749,1.0122,0.99133,1.0057
1.0199,1.0617,1.0457,1.0259,1.0368,1.0315,1.0452,1.0347,1.0022,1.0156
6.9395,6.9413,6.4706,6.1036,6.4736,6.4419,6.5947,6.262,6.3532,6.5868
17,16,16,16,16,16,16,16,17,15
16,17,17,16,18,19,16,18,17,19
4.3658,4.245,4.4011,4.9497,4.6228,5.021,4.6228,5.022,5.3907,5.022
4.3658,4.245,4.4011,4.9497,4.6228,5.021,4.6228,5.022,5.3907,5.022
1.1096,0.76667,0.93694,1.0408,1.0031,1.2185,1.2025,1.1506,1.11,1.1805
6.4185e-05,0.00013764,9.6423e-05,0.00022101,0.00020661,0.00051068,0.00015974,0.0003252,0.00036846,8.3195e-05
0.042395,0.041057,0.044031,0.043021,0.043158,0.043364,0.04551,0.042406,0.0427,0.044041
0.13,0.12495,0.11662,0.12083,0.13289,0.1408,0.1253,0.13,0.13707,0.13006
-0.12537,-0.13151,-0.12999,-0.12593,-0.1352,-0.13,-0.12,-0.12428,-0.12863,-0.12781
-22.808,-23.95,-24.169,-23.003,-24.86,-28.812,-25.277,-24.547,-27.416,-27.827
0.17731,0.14362,0.18755,0.19877,0.21059,0.25818,0.24258,0.24448,0.21498,0.2314
945.39,978.2,938.42,982.22,916.65,883.15,873.49,915.64,966.6,946.99
75.724,94.495,80.436,70.405,97.385,122.31,100.12,112.87,78.74,99.554
1023,1023,1023,1023,980,952,952,1006,1023,1023
28,134,82,16,82,48,22,1,40,84
356.83,364.06,346.39,314.24,321.33,318.87,317.01,339.5,328.16,352.63
6.9902e+05,7.2084e+05,7.2499e+05,6.8316e+05,6.5423e+05,6.7027e+05,6.0993e+05,7.0684e+05,6.7831e+05,6.9292e+05
0.27597,0.26381,0.24884,0.27231,0.24623,0.27776,0.2833,0.28151,0.26965,0.28952
0,0,0,0,0,0,0,0,0,0
