2181.6,2169.8,2165.2,965.29,2346.8,2053.1,2055.8,2115.3,2257.3,2417.8
624.9,729.89,883.55,1379.5,1649.6,798.87,721.16,870.04,728.82,754.82
6432,5423,4719,9670,5720,7233,6780,6570,5776,8536
1602,933,679,1090,2230,673,550,530,666,1816
0.75093,0.82796,0.85611,0.88728,0.61014,0.90695,0.91888,0.91933,0.8847,0.78725
1700,1638,1954,1444,1337,1796,1521,1654,1592,1796
2.6194,2.6377,2.8567,2.5378,2.0045,4.4236,3.5873,3.9569,3.5143,3.4806
2,2,2,2,8,2,2,2,2,2
850,819,977,722,167.12,898,760.5,827,796,898
1.0793,1.0281,1.0635,1.0311,1.0206,0.98536,1.012,1.0153,0.97675,1.007
0.97512,0.99508,1.1489,1.0038,1.0214,0.97522,0.96447,0.98021,0.97127,0.96125
4.4638,4.3762,4.0334,4.3553,4.8489,3.7551,4.2013,3.8108,3.8771,4.0837
18,15,14,18,18,16,13,15,13,13
24,26,24,25,28,26,24,26,24,24
8.2765,8.2873,9.7739,2.3707,6.2169,7.2,6.6272,6.229,7.1253,9.4831
8.2765,8.2873,9.7739,2.3707,6.2169,7.2,6.6272,6.229,7.1253,9.4831
1.4565,1.4983,1.8531,0.41355,1.045,1.192,1.1099,1.0583,1.1608,1.3603
1.5514e-05,7.9107e-05,9.6418e-05,0.00026752,0.0024117,-0.00023631,5.6197e-05,5.8053e-05,0.00031473,0.00014172
0.043058,0.045467,0.048003,0.040551,0.046888,0.044105,0.043799,0.044056,0.046794,0.044274
0.1609,0.16471,0.12488,0.084853,0.17086,0.12159,0.14986,0.12,0.16139,0.22128
-0.15,-0.14656,-0.13,-0.088197,-0.14,-0.12432,-0.13416,-0.15437,-0.15406,-0.15734
-8.1273,-3.9364,-7.8248,-11.06,-0.13284,-1.1996,-6.8973,-4.5858,-0.62276,-8.2194
0.51875,0.55571,0.69213,0.20215,0.59613,0.36414,0.33357,0.3801,0.41502,0.29754
694.96,663.54,712.46,387.91,417.45,717.2,720.28,677.49,617.43,675.21
126.51,89.763,90.048,94.225,147.75,88.105,89.775,106.03,81.341,99.679
832,788,828,664,790,812,808,786,708,844
132,92,114,46,38,196,32,46,190,50
150.66,127.9,100.75,67.168,92.107,69.77,79.222,64.983,69.831,124.1
2.5612e+05,2.095e+05,1.9686e+05,96991,1.2315e+05,1.2531e+05,1.205e+05,1.0748e+05,1.1117e+05,2.2288e+05
0.23214,0.20595,0.14729,0.11805,0.13809,0.17185,0.18684,0.15546,0.15415,0.2405
1001.6,961.41,1214.2,934.17,182.94,717.42,633.97,659.61,547.95,643.95
