1697.2,1754.4,1705,1761.6,576.59,619.57,546.73,844.99,1198.4,1080.9
843.49,1143.7,1246.8,1251.4,930.56,976.65,941.24,297.52,295.36,421.06
2433,2033,1832,1792,3415,2784,4106,5986,2596,3181
573,683,462,452,1065,604,1936,3536,766,901
0.76449,0.66404,0.74782,0.74777,0.68814,0.78305,0.52849,0.40929,0.70493,0.71676
1036,965,826,796,398,352,342,475,490,367
3.8088,2.9692,4.5889,3.6182,2.1514,2.0952,1.6847,3.4173,3.6567,2.4305
3,3,3,3,3,3,2,4,3,4
345.33,321.67,275.33,265.33,132.67,117.33,171,118.75,163.33,91.75
0.98421,0.964,0.99267,0.98129,0.99481,0.99327,0.9927,0.99051,0.98358,0.97875
1.0482,1.0301,1.0163,1.0254,0.98331,1.0047,1.0041,0.99862,0.99651,1.0124
3.1167,3.1382,2.6394,3.1219,4.5793,4.9496,4.9763,4.2995,3.8673,4.6831
11,8,7,7,8,7,6,9,5,6
15,13,12,13,15,13,13,17,13,16
8.7207,8.1222,6.2,4.639,3.9357,4.7539,4.6271,5.1352,6.1984,3.6497
8.7207,8.1222,6.2,4.639,3.9357,4.7539,4.6271,5.1352,6.1984,3.6497
1.6827,1.5689,1.4294,1.1978,0.78638,0.76097,0.80325,0.82472,1.0338,0.65488
0.0023751,0.00026642,0.0012843,7.7274e-05,0.00031423,0.00011341,0.00021661,0.0003218,3.7143e-06,0.00044101
0.055173,0.054246,0.044932,0.050799,0.041025,0.040719,0.044882,0.043647,0.048416,0.040628
0.20271,0.13,0.11,0.15,0.080011,0.15503,0.10416,0.11763,0.15803,0.15881
-0.14884,-0.14664,-0.10843,-0.1542,-0.084853,-0.093381,-0.10843,-0.10843,-0.11399,-0.11
0.97839,-1.6694,1.5396,-3.1327,1.0073,3.1456,7.1695,0.54491,0.66094,4.3968
-0.18402,-0.29926,-0.28705,-0.21094,0.12718,0.16632,0.12153,0.11496,0.15714,0.14943
524.8,520.38,513.09,496.47,401.07,464.35,459.07,408.03,486,396.56
112.65,161.59,141.01,151.07,88.323,121.93,114.55,99.787,129.36,136.28
942,860,886,788,520,618,586,530,768,706
96,10,44,20,44,1,1,36,52,1
53.343,51.165,29.763,37.549,47.842,29.451,46.662,18.728,33.34,29.898
55263,49374,24584,29889,19041,10367,15958,8895.8,16337,10973
0.19611,0.15743,0.16535,0.17068,0.2586,0.1753,0.22986,0.13473,0.24881,0.198
285.72,320.61,230.41,234.18,152.98,199.74,246.85,132.31,155.72,136.41
