1722.8,1748.4,1907.9,1943.8,2187,2029.1,2422,2079.1,2132.6,2351.8
765.52,751.33,1457.7,1471.4,1597.1,1355.9,1386.6,1385.2,1367.3,1470.8
12145,15439,10268,8154,7159,7073,7607,7206,6769,7182
3275,3369,4108,2584,2229,2003,2717,2736,2389,2362
0.73034,0.78179,0.59992,0.6831,0.68864,0.71681,0.64283,0.62032,0.64707,0.67112
2571,2649,2158,2256,2041,2066,2061,2112,1924,1975
1.878,1.9265,2.1645,1.907,2.0108,1.9472,1.7422,1.744,1.6195,2.0789
4,4,5,5,5,5,5,5,5,5
642.75,662.25,431.6,451.2,408.2,413.2,412.2,422.4,384.8,395
1.031,1.0222,1.001,0.99787,0.99461,0.99663,0.98955,0.98903,1.0103,1.0074
1.1998,1.1812,1.0982,1.0488,1.0386,1.0956,1.0803,1.0556,1.0319,1.0438
5.1438,5.2798,5.11,4.8878,5.1549,5.0701,5.4846,5.2899,5.7294,5.107
18,24,23,15,18,17,16,17,15,18
25,25,27,27,30,25,26,25,21,25
7.3007,7.2945,7.6694,11.423,11.459,11.987,11.927,12.871,11.927,11.323
7.3007,7.2945,7.6694,11.423,11.459,11.987,11.927,12.871,11.927,11.323
0.94295,0.71627,1.3111,1.6665,1.7092,1.7896,1.8567,2.0465,1.8954,1.7867
0.00021013,0.00081716,0.00022051,0.00034428,0.00038752,-8.1485e-06,0.0007308,-1.3317e-05,0.00024224,0.00095458
0.044148,0.040648,0.045181,0.049509,0.052022,0.051354,0.051616,0.054414,0.054819,0.052016
0.17424,0.1253,0.14849,0.21114,0.19645,0.20591,0.20343,0.19264,0.17082,0.19906
-0.20068,-0.092078,-0.14293,-0.20473,-0.21547,-0.21339,-0.22183,-0.32565,-0.24201,-0.19499
-6.8797,-3.8453,-9.7115,-5.2833,-7.1954,-8.6925,-12.307,-5.3915,-7.2154,-8.7915
0.41981,0.30862,0.57297,0.60129,0.66121,0.64538,0.67207,0.80021,0.68355,0.69421
355.16,357.81,633.97,709.58,738.54,731.89,681.26,710.17,663.3,657.95
75.238,82.062,125.2,108.43,128.3,115.22,98.693,118.32,120.69,105.92
496,468,790,820,876,862,792,828,790,780
12,1,40,50,36,8,38,1,46,48
295.13,285.07,193.54,193.94,163.31,197.59,216.44,199.22,206.11,223.57
7.5878e+05,7.5515e+05,4.1767e+05,4.3752e+05,3.3332e+05,4.0822e+05,4.4608e+05,4.2074e+05,3.9656e+05,4.4154e+05
0.21558,0.20732,0.19413,0.16394,0.1609,0.18623,0.18296,0.16451,0.17349,0.23533
855.03,891.21,730.05,791.51,720.99,701.34,776.05,767.39,723.69,631.07
