1132.4,1096.1,2351,1081.4,2576.6,2144.6,1829.1,2550,2732.6,2696.5
1378.6,930.82,1591.9,925.84,790.57,1587.2,1502.5,1189.9,1024.9,1078.5
15830,6383,2138,6567,5182,8491,9230,5933,5256,5650
800,803,338,737,642,1321,2680,1383,1086,1360
0.94946,0.8742,0.84191,0.88777,0.87611,0.84442,0.70964,0.7669,0.79338,0.75929
1255,1153,2929,1164,1005,1271,1490,1159,1276,1225
2.456,2.0087,1.9207,2.1164,2.5125,2.6369,3.3333,2.1503,2.7149,2.1993
2,2,2,3,2,2,4,2,2,2
627.5,576.5,1464.5,388,502.5,635.5,372.5,579.5,638,612.5
0.98736,0.98265,1.0145,0.97045,0.97117,0.98941,0.99367,0.9972,0.98286,0.96414
1.0681,0.99296,0.92464,0.98705,0.98955,1.0029,0.99454,1.0168,0.99494,0.98625
3.7735,3.9929,4.2839,3.7208,3.4684,4.1025,3.5073,4.709,3.9777,4.2548
23,18,21,18,16,24,24,28,20,19
19,17,17,15,14,18,19,21,18,20
1.6279,2.6,21.987,2.3431,2.571,3.5355,3.3242,4.8703,5.7983,4.0311
1.6279,2.6,21.987,2.3431,2.571,3.5355,3.3242,4.8703,5.7983,4.0311
0.35221,0.46416,4.0942,0.41784,0.49487,0.55465,0.63264,0.97856,0.97468,0.89996
3.5956e-05,0.00025848,0.010071,0.00049075,9.7486e-05,0.0001925,0.00049722,0.00052272,0.00030454,0.00040354
0.037515,0.040082,0.18456,0.040722,0.043325,0.041391,0.038982,0.043324,0.043814,0.041006
0.13,0.12083,0.55957,0.12781,0.11662,0.11,0.1,0.13144,0.12781,0.13022
-0.12083,-0.1,-0.40084,-0.12083,-0.1253,-0.13,-0.11913,-0.15535,-0.11,-0.11348
-7.5536,-16.291,-17.806,-14.995,-2.6518,-11.028,-16.012,-15.547,-17.163,-15.697
0.05114,0.15545,1.0329,0.14097,0.15354,0.12746,0.16913,0.16051,0.21445,0.19479
653.44,256.65,611.52,412.84,375.32,865.03,785.79,752.12,746.62,712.49
93.645,56.436,95.663,105.24,85.349,137.45,177.99,117.84,128.98,124.52
794,332,778,602,542,976,976,936,926,924
128,1,52,1,30,1,16,18,34,52
63.665,112.78,195.64,91.814,69.122,135.25,92.211,174.85,117.11,148.36
79899,1.3004e+05,5.7303e+05,1.0687e+05,69468,1.719e+05,1.3739e+05,2.0265e+05,1.4943e+05,1.8175e+05
0.12459,0.19648,0.12829,0.16694,0.1728,0.2806,0.20629,0.3244,0.24917,0.26636
367.25,199.62,1053.3,101.64,305.6,286.5,108.8,337.5,312.3,284.25
