1228.9,1915.5,1748.7,1428.3,2188.5,1518.4,1227.8,1522.8,1531.4,1517.3
924.39,517.9,321.74,975.58,1396.1,867.22,798.65,916.09,943.72,964.88
15143,3189,5110,16900,9625,4250,8938,6688,7185,7694
7573,709,1910,1630,2465,450,4848,1718,1265,2024
0.4999,0.77767,0.62622,0.90355,0.7439,0.89412,0.4576,0.74312,0.82394,0.73694
1669,1434,1097,1454,1587,2005,1372,1827,1745,1985
1.9317,3.9833,3.5048,2.279,4.4831,2.8121,1.8196,3.1829,3.105,3.3874
3,3,4,4,2,2,3,2,2,2
556.33,478,274.25,363.5,793.5,1002.5,457.33,913.5,872.5,992.5
1.023,1.0291,1.0515,1.0224,1.0092,1.0367,1.069,1.0384,1.022,1.0353
0.98065,0.97516,0.97142,1.0201,0.98397,0.9785,0.99845,1.074,1.0024,1.0069
7.5489,3.4976,3.8665,6.036,3.5153,4.6012,6.181,4.4789,4.6817,4.3529
26,18,16,19,12,24,22,16,20,16
26,22,18,23,21,24,22,24,23,25
14.103,7.3246,7.8102,4.1,8.1222,13.917,10.358,6.7,7.7233,9.2
14.103,7.3246,7.8102,4.1,8.1222,13.917,10.358,6.7,7.7233,9.2
1.8871,1.3642,1.3091,0.39412,1.049,2.016,1.6378,1.2708,1.2624,1.4483
0.0021503,0.0019269,0.0014767,6.5745e-05,-1.6768e-05,0.0017499,0.0015495,0.00060795,0.00038659,-6.6447e-05
0.060891,0.053007,0.04586,0.044482,0.044434,0.054523,0.081028,0.045493,0.042306,0.041383
0.93999,0.25026,0.15633,0.31,0.14445,0.26219,0.80156,0.1225,0.11662,0.11553
-0.20954,-0.1352,-0.11945,-0.29447,-0.12,-0.18721,-0.48716,-0.15535,-0.12083,-0.15
-17.969,-11,-13.592,-2.1257,-2.8384,-20.518,-20.672,-16.518,-16.693,-21.854
0.39182,0.76034,0.4528,0.058326,0.31752,0.73927,0.53054,0.55807,0.45188,0.51792
323.89,235.78,109.09,346.59,407.53,753.14,574,526.37,475.7,465.84
121.33,113.48,67.844,103.12,76.74,114.25,102.93,107.52,82.642,71.825
734,670,276,524,570,932,734,684,692,598
12,44,1,16,1,208,92,26,50,6
304.97,63.384,48.735,197.33,47.033,107.91,172.3,128.76,145.3,145.54
5.0899e+05,90893,53463,2.8692e+05,74642,2.1636e+05,2.3639e+05,2.3525e+05,2.5355e+05,2.8889e+05
0.35297,0.17607,0.1557,0.30929,0.13286,0.15135,0.22851,0.22432,0.25854,0.24836
1017.1,378.24,255.59,368.1,834.11,937.66,459.4,1170.5,1194.4,1484.2
