1782.4,1195.5,1358.9,1177.2,1385.1,1183.9,1293.6,1566.2,1424.3,1430.1
491.63,1344.4,1279.2,1200.2,1305.9,1177,1241,1082.3,1062.7,1130.5
9163,4269,4273,4268,4205,4007,4014,3877,4377,4148
2073,1089,1063,1028,1115,837,714,767,1147,858
0.77376,0.74491,0.75123,0.75914,0.73484,0.79112,0.82212,0.80217,0.73795,0.79315
1750,1419,1373,1143,1168,1025,934,1082,1098,1117
2.769,3.0582,3.3325,2.4319,2.92,2.2931,2.4775,2.5221,2.2827,2.1647
4,4,4,4,4,4,4,4,4,4
437.5,354.75,343.25,285.75,292,256.25,233.5,270.5,274.5,279.25
1.0007,0.99679,1.0042,1.0062,1.0018,0.99888,1.0041,1.0013,1.0011,1.0058
1.0239,0.92776,0.93592,0.9402,0.96045,0.99887,0.98351,0.99147,0.99558,0.97809
3.594,3.4949,3.2022,3.6753,3.3739,3.5932,3.771,3.5408,3.99,3.5832
22,16,14,18,22,13,14,14,22,22
23,21,22,21,21,21,20,22,22,21
5.707,3.5,3.4366,4,3.0676,3,3.1,3,2.9428,3.6401
5.707,3.5,3.4366,4,3.0676,3,3.1,3,2.9428,3.6401
0.63783,0.73358,0.69415,0.70099,0.63473,0.62201,0.56535,0.62975,0.60885,0.66268
0.00024451,0.0022757,0.0013653,0.00077715,0.00077652,0.00091926,0.0012764,0.00033814,0.00029955,0.00069762
0.041703,0.045918,0.048151,0.044853,0.043854,0.044039,0.042908,0.04553,0.045115,0.047602
0.15633,0.12,0.15772,0.1208,0.11,0.09,0.12,0.15,0.1352,0.15556
-0.1539,-0.13,-0.14239,-0.11279,-0.13682,-0.1161,-0.12,-0.12,-0.12682,-0.17345
-9.0894,-3.5402,-2.787,2.5703,-0.75562,3.4233,5.5425,4.0251,0.48718,-0.30772
0.21908,0.33288,0.31408,0.29772,0.30555,0.29985,0.26543,0.30201,0.30734,0.30554
546.07,524.01,625.26,596.42,647.05,628.95,683.75,624.62,625.17,635.16
108.95,140.69,160.56,157.55,151.79,167.79,119.09,150.7,146.26,137.75
682,720,828,808,856,832,786,788,874,850
20,1,58,1,38,2,84,1,1,38
62.583,39.726,27.185,38.121,24.739,21.297,25.463,19.952,39.03,31.088
1.0952e+05,56371,37325,43572,28895,21830,23782,21588,42854,34725
0.099024,0.085616,0.065983,0.081108,0.061846,0.047645,0.067541,0.046509,0.081143,0.060248
256.55,239.27,237.1,189.81,185.7,165.54,174.47,171.58,172.43,171.51
