1389.4,1363.4,1333.5,1218.3,2286.7,2130.3,2070.1,2037.2,2219.5,1954
899.66,1344.8,1271.5,739.1,1518.7,1455.3,1508.4,1609.8,1781.8,1321.3
6680,11810,14970,3818,8610,10576,8603,8467,7425,5733
0,0,0,1318,2300,1396,1463,917,1155,943
1,1,1,0.65479,0.73287,0.868,0.82994,0.8917,0.84444,0.83551
1378,1444,1562,1087,1261,1347,1225,1041,1306,1270
2.3759,3.665,2.7452,2.0824,1.8737,2.0195,1.8202,1.3013,1.6325,2.0255
1,1,1,6,2,3,3,3,4,3
1378,1444,1562,181.17,630.5,449,408.33,347,326.5,423.33
1.0214,1.0097,1.0224,0.98513,1.0083,1.0075,1.0131,1.0041,1.0061,1.0062
0.98935,0.94212,1.0672,1.0165,0.97475,0.95364,0.99246,0.98816,0.98801,0.9919
4.2915,3.8977,5.8781,5.8715,6.1428,6.5473,6.9774,8.4199,7.8802,6.7409
17,15,25,15,22,24,24,20,20,19
21,20,19,14,15,18,20,19,21,17
3.6497,2,2.6,5.7801,4.245,6.6272,4.7539,7.2835,7.7929,6.7268
3.6497,2,2.6,5.7801,4.245,6.6272,4.7539,7.2835,7.7929,6.7268
0.73715,0.42912,0.45497,1.2748,1.001,0.90451,0.80652,1.0171,1.5096,1.3791
0.0001171,8.4746e-05,5.672e-05,0.0018629,0.00053305,0.0006268,0.00053203,0.00056262,0.0009233,0.0013553
0.039439,0.037408,0.038076,0.051652,0.042371,0.041011,0.04068,0.044506,0.05474,0.04879
0.1,0.084853,0.20881,0.12083,0.11575,0.22345,0.15594,0.1435,0.49041,0.15
-0.11155,-0.085494,-0.11662,-0.14637,-0.12397,-0.1492,-0.12781,-0.20321,-0.47539,-0.12
-4.8608,-2.3705,-8.0753,-3.4033,-6.1669,-7.6996,-4.3754,-6.4624,-10.359,-7.2737
0.20165,0.11016,0.077021,0.55061,0.19846,0.20063,0.23761,0.19224,0.24927,0.21528
904.63,870.35,964.09,325.16,767.28,785.34,802.33,702.1,653.92,709.43
121.86,58.371,81.737,73.542,108.17,92.452,120.81,134.27,145.22,92.714
1023,948,1023,422,932,920,1010,936,832,844
138,570,12,62,132,34,64,50,0,40
244.09,140.57,291.11,142.42,344.01,226.16,303.33,439.65,358.33,238.72
3.3635e+05,2.0298e+05,4.5472e+05,1.5481e+05,4.338e+05,3.0464e+05,3.7158e+05,4.5768e+05,4.6798e+05,3.0317e+05
0.42084,0.35677,0.51162,0.27283,0.51116,0.33907,0.45072,0.54957,0.44791,0.38073
0,0,0,433.27,629.72,540.74,576.22,397.62,359.93,502.42
