15211,14953,14062,14679,15343,15741,12736,12165,17326,14349
17852,19217,18340,17474,17796,19494,18266,16965,18304,16901
4967,5317,5097,5638,3625,5138,3485,3425,3004,3635
230,311,244,355,183,73,51,53,42,53
0.95369,0.94151,0.95213,0.93703,0.94952,0.98579,0.98537,0.98453,0.98602,0.98542
11717,11618,10923,10078,11469,14497,16532,15292,15887,21646
1.2469,1.1213,0.94449,0.91936,0.9917,1.6261,1.9059,1.7879,1.57,1.9965
2,3,7,9,6,6,4,5,4,5
5858.5,3872.7,1560.4,1119.8,1911.5,2416.2,4133,3058.4,3971.8,4329.2
0.96432,0.97866,0.97665,0.99475,0.96853,0.99731,1.0062,1.0073,1.0014,1.0053
1.0118,0.99536,0.98049,0.96651,0.99684,1.0578,1.034,1.0346,1.06,1.0434
6.0585,6.3178,7.0788,7.6188,7.0905,6.0667,5.8892,5.8456,5.6913,5.3879
11,19,16,11,10,12,14,10,12,12
15,19,12,21,16,14,14,14,12,14
260.92,130.55,241,241,397,656.07,1056.9,492.06,191.31,321.63
260.92,130.55,241,241,397,656.07,1056.9,492.06,191.31,321.63
16.841,14.121,15.718,15.823,30.774,33.752,64.163,36.645,30.177,36.264
0.87443,0.58149,0.53218,0.79693,1.7795,1.2603,4.2581,1.4263,0.98335,0.74381
13.065,8.9912,10.571,12.428,26.345,27.119,54.925,25.057,12.997,15.054
232.59,130.55,217,229,352.3,601.47,941.91,454.53,172.2,284.82
-23.487,-24.1,-21.639,-22.89,-36.23,-57.082,-50.438,-45.46,-17.641,-28.338
-8.6824,-1.1866,2.2486,-7.9807,-20.872,4.242,-0.047086,4.4326,-0.91532,3.3768
-0.54859,-0.27537,-0.090025,-0.33154,1.1111,2.9046,6.2086,3.5792,4.9228,3.9612
66.885,67.559,66.356,67.53,65.196,61.708,58.909,67.081,66.106,69.712
14.787,14.209,14.071,13.638,14.516,10.106,12.521,13.795,12.025,13.671
111,111,110,104,103,90,98,108,105,131
10,9,6,14,5,11,12,12,32,31
2532.9,2449.7,2689.6,2974.8,3032.5,2940.2,2918.9,2463,3321.9,3470.6
2.9678e+07,2.8461e+07,2.9379e+07,2.998e+07,3.4779e+07,4.2624e+07,4.8255e+07,3.7664e+07,5.2775e+07,7.5125e+07
0.26954,0.23644,0.23256,0.27138,0.26221,0.32981,0.33651,0.28797,0.32828,0.32011
2103.7,1649.3,580.79,368.56,759.96,101.99,489.45,200.9,49.667,158.72
