11047,12013,13095,13736,13447,11686,13327,11897,20020,14794
13688,15078,14528,15139,16456,15187,16250,22844,16733,15091
2433,2414,2183,2013,2073,7681,4216,3755,3325,3455
283,293,222,181,231,86,53,53,53,64
0.88368,0.87862,0.89831,0.91008,0.88857,0.9888,0.98743,0.98589,0.98406,0.98148
14199,16582,19610,16979,17575,15738,17475,17277,15887,16383
1.5112,1.5821,1.7136,1.7619,1.4886,1.3196,1.5767,1.8625,1.7127,1.8133
4,5,3,3,4,8,5,5,5,6
3549.8,3316.4,6536.7,5659.7,4393.8,1967.2,3495,3455.4,3177.4,2730.5
0.97917,0.99582,0.98792,1.001,0.99703,0.99166,0.96379,0.96778,0.9706,0.9834
1.0851,1.0368,1.0746,1.0696,1.0605,1.0099,1.0805,1.0023,1.021,1.0494
5.6394,6.551,5.4914,5.6459,5.8307,5.9817,4.468,4.271,4.3867,4.9431
19,19,19,15,15,15,9,8,8,8
18,17,19,16,16,14,11,13,14,15
104.29,504.5,610.25,123.7,671.72,311.91,198,260.54,414.74,149
104.29,504.5,610.25,123.7,671.72,311.91,198,260.54,414.74,149
19.488,39.369,47.365,25.664,63.787,18.166,16.202,19.103,26.037,16.732
0.019531,1.9401,2.501,0.06062,5.552,0.93914,0.7144,0.94353,1.411,0.41202
1.2484,32.072,39.19,1.5571,58.373,15.478,11.172,14.052,22.171,7.578
3.4494,468.4,548.14,4.7953,591.48,288.62,168.2,232.29,377.9,139.1
-3.8694,-46.071,-53.643,-6.3373,-61.961,-27.978,-17.81,-13.095,-38.494,-12.91
3.6672,-26.768,-6.5149,-21.26,-19.415,-4.1082,-12.837,-8.2456,-4.648,-5.9854
6.248,3.9706,8.0371,4.6184,5.8663,0.99247,2.2947,3.9968,4.2294,3.6255
56.311,60.615,61.465,66.156,65.289,48.784,55.203,48.04,53.886,53.822
13.15,12.109,13.711,16.551,13.898,11.389,12.219,10.389,9.6962,12.225
86,93,94,140,93,81,87,74,80,82
12,19,20,3,12,11,8,9,8,7
2994.7,5109.1,4430.4,4505,4851.3,5987.2,3752,2421.8,3660.1,3618.9
4.2522e+07,8.4719e+07,8.6879e+07,7.649e+07,8.5262e+07,9.4227e+07,6.5567e+07,4.1842e+07,5.8147e+07,5.9289e+07
0.31873,0.48746,0.38713,0.46747,0.41092,0.50203,0.33854,0.26109,0.39457,0.40055
1794.9,1843.4,2880.3,1876.7,2220.9,150.57,200.87,222.79,200.31,226.88
