15243,15631,14845,15764,14696,17476,12511,15321,14423,15187
15264,14993,15497,15155,15539,12800,20342,13688,14088,13756
2463,2193,2163,2364,2404,2944,2594,2424,2133,2764
31,22,0,33,30,42,0,41,51,82
0.98741,0.98997,1,0.98604,0.98752,0.98573,1,0.98309,0.97609,0.97033
16383,15787,15489,15341,15787,16284,13702,12709,13851,15788
2.0605,1.8458,2.2957,2.3583,2.2595,1.9591,1.6975,1.6484,1.4373,1.9857
3,3,1,4,2,4,1,3,4,5
5461,5262.3,15489,3835.2,7893.5,4071,13702,4236.3,3462.8,3157.6
1.0165,1.0204,1.0126,1.0014,1.016,1.0014,0.99765,0.99426,0.98509,0.98907
1.0086,1.0132,1.0102,1.0279,1.0032,0.97967,0.99831,0.99246,0.98728,0.96321
5.1386,4.7993,4.9148,5.2523,5.0132,4.6897,4.5666,5.1327,4.8724,4.5843
9,10,9,9,9,7,10,8,7,9
8,8,7,8,10,10,8,10,10,8
596,232.38,130,155.57,877.73,231.53,447,375.29,361,275.94
596,232.38,130,155.57,877.73,231.53,447,375.29,361,275.94
40.908,24.988,21.5,22.411,60.281,19.934,32.782,34.21,33.904,23.67
1.9556,0.89773,0.43579,0.59406,4.2185,1.0705,2.723,2.7767,2.2272,1.6186
34.949,14.8,7.4123,10.209,53.322,14.041,29.951,30.115,24.62,20.158
544.97,217.48,105.9,155.57,787.53,206.63,402.3,350.68,312.8,243.82
-53.52,-20.918,-11.444,-13.987,-79.476,-21.163,-39.74,-34.929,-17.91,-21.92
-3.5594,-4.0916,-4.4152,-5.7966,-9.3222,-2.1167,3.0236,0.11546,-1.2,0.15153
-4.5638,-1.5613,-0.83684,-3.2187,1.2623,-2.3797,-0.32548,-3.4611,-0.51103,-1.572
58.048,54.575,50.458,56.311,52.708,57.084,60.235,50.52,47.542,52.102
9.8082,10.081,10.037,10.098,10.844,12.631,10.083,11.208,12.305,12.35
85,81,81,82,81,95,92,89,104,87
12,16,16,10,10,4,18,12,11,7
3038.4,3159.7,2402.4,2579.4,2532.6,3317.1,2700.7,3196.6,2751.7,3443.1
4.9779e+07,4.9883e+07,3.721e+07,3.9571e+07,3.9982e+07,5.4015e+07,3.7005e+07,4.0626e+07,3.8114e+07,5.436e+07
0.38215,0.36943,0.35607,0.39653,0.36247,0.39907,0.33457,0.4146,0.28553,0.43304
49.5,232.64,0,223.19,1000.3,263.62,0,95.971,164.02,234.98
