14292,13917,14736,14008,14585,13812,17751,16252,14557,15763
17813,17699,18922,18211,15334,19079,18596,19886,18767,18180
4566,3625,3375,3475,3264,2373,1963,2233,2193,3024
562,435,432,413,470,481,461,542,511,1672
0.87692,0.88,0.872,0.88115,0.856,0.7973,0.76516,0.75728,0.76699,0.44709
21994,22937,24178,24128,24079,18419,18717,18319,18022,16384
2.7251,2.7595,3.1859,2.9024,2.9834,2.1235,1.8278,2.1119,1.8937,1.7216
6,7,7,6,2,4,3,4,4,3
3665.7,3276.7,3454,4021.3,12040,4604.8,6239,4579.8,4505.5,5461.3
0.99445,0.97914,0.97886,0.98321,1.0018,0.97695,0.96214,0.97695,0.96599,0.96829
0.98355,1.001,0.97442,0.97695,1.0272,0.9386,1.0077,0.97827,1.0253,1.0308
4.3047,4.3397,4.1947,4.1573,4.2349,4.3855,4.2908,3.7409,3.9268,3.8215
11,13,13,13,11,8,5,6,7,6
12,14,15,10,14,15,8,10,10,12
546,73.819,546,537.26,754.6,738.19,131.33,361,634.99,521.46
546,73.819,546,537.26,754.6,738.19,131.33,361,634.99,521.46
32.119,16.72,43.361,36.298,51.751,74.82,30.838,38.087,57.242,61.185
2.0096,0.00032637,3.451,2.0147,3.3017,6.3874,0.053128,1.6567,4.9686,5.2669
28.413,1.0522,38.862,30.073,45.381,67.671,1.2744,23.949,50.989,48.685
499.69,3.9054,486.4,479.81,669.35,665.72,3.653,311.77,582.88,469.36
-25.935,-3.9147,-48.65,-49.079,-66.683,-65.482,-2.4859,-33.641,-33.783,-45.193
-27.587,-34.565,-31.081,-30.789,-36.49,-13.925,-19.693,-18.88,-26.066,-26.131
5.9998,6.8089,10.091,6.6521,9.9612,8.5224,14.029,10.047,13.27,11.99
58.705,56.371,51.819,57.478,56,60.487,51.197,52.155,53.293,57.729
12.592,13.208,11.342,14.488,12.845,13.414,14.056,13.329,12.587,15.7
89,88,82,97,85,95,87,88,81,94
4,4,13,3,13,14,5,10,12,19
1492.1,1794.1,1712,1794.3,1658.9,1751.2,1855.1,1008,1350.1,1451
3.2816e+07,4.1152e+07,4.1392e+07,4.3294e+07,3.9945e+07,3.2256e+07,3.4721e+07,1.8465e+07,2.4332e+07,2.3774e+07
0.18487,0.21585,0.22559,0.21585,0.20554,0.20189,0.18116,0.1162,0.14187,0.15247
2234,1987.3,2264.3,2391.7,12512,3326.3,5464.2,3177.8,3847.9,4982.9
