10309,10005,9821.3,10245,9344.3,9155.5,8313.1,8562.1,8888.8,9775.4
26749,27663,27645,27307,26498,15074,16731,14850,15948,15937
6640,7881,7091,6820,6810,7350,4166,6489,4907,4206
1539,1197,1473,1172,1486,2848,1184,1878,1256,953
0.76822,0.84812,0.79227,0.82815,0.78179,0.61252,0.71579,0.71059,0.74404,0.77342
14398,16880,14398,13802,15539,20256,19958,21199,19114,18865
1.2715,1.5569,1.4227,1.273,1.2899,1.7888,1.7815,1.692,1.7829,1.6145
10,13,3,3,8,12,7,14,10,7
1439.8,1298.5,4799.3,4600.7,1942.4,1688,2851.1,1514.2,1911.4,2695
0.98662,1.0032,0.99864,0.99358,1.0194,0.97528,0.98795,1.0016,0.98815,0.98272
0.92518,1.0224,0.9288,0.93154,0.93559,0.97403,0.99511,0.9643,0.94172,0.96695
6.8799,6.8196,7.9765,9.6463,8.9797,5.7035,5.6693,5.6377,6.3109,6.6336
20,22,25,23,22,18,18,18,17,19
21,23,21,24,21,19,20,16,18,18
62.114,283.34,241,76.435,412.61,155.57,260.54,87.901,241,283.34
62.114,283.34,241,76.435,412.61,155.57,260.54,87.901,241,283.34
13.845,22.281,18.382,19.316,26.13,16.588,26.605,18.953,22.067,25.05
-0.022173,1.1956,0.73739,0.017154,1.3102,0.50917,1.4638,0.097854,0.63189,1.1054
1.0672,17.446,11.792,0.98993,19.378,8.227,19.079,1.2698,11.823,15.694
3.6494,270.38,216.9,6.3667,381.36,150.57,247.45,16.918,228,245.91
-12,-23.633,-21.641,-3.2909,-35.836,-9.2471,-23.593,-2.8334,-11.724,-24.419
-25.732,-27.762,-33.651,-38.908,-37.467,-27.29,-18.461,-15.499,-21.081,-24.28
1.7673,1.9152,1.601,1.5597,2.4434,3.2508,5.141,3.3407,3.5861,3.4004
52.555,57.357,51.322,56.548,62.831,48.386,55.824,55.756,59.429,66.958
10.258,11.963,11.084,12.88,13.772,13.127,13.28,12.305,14.759,14.616
97,90,82,84,97,84,93,84,102,110
11,13,14,15,8,2,10,8,5,18
3528,3168.9,3782,4225.5,4825.9,3123.7,2817.5,3267.4,3147.8,3759.7
5.0797e+07,5.3491e+07,5.4453e+07,5.8321e+07,7.499e+07,6.3273e+07,5.6232e+07,6.9267e+07,6.0168e+07,7.0926e+07
0.31155,0.29228,0.37372,0.38974,0.40059,0.27585,0.2515,0.26079,0.29361,0.32175
1523,1215.2,6324.9,6153.7,2064.5,2095.9,3641.2,1908.1,2607.1,3700.2
