14514,11618,10338,11070,11203,13833,14168,15700,14784,11859
17861,16920,17154,17390,17161,15640,18117,15812,15351,16680
3885,4607,4166,4096,3936,10755,7381,5137,5027,4616
302,523,583,652,602,3361,1979,1795,584,672
0.92227,0.88648,0.86006,0.84082,0.84705,0.68749,0.73188,0.65057,0.88383,0.85442
15936,19362,15639,15540,15639,18866,18518,17674,17823,16979
1.297,1.5021,1.4423,1.1316,1.2728,1.0951,1.3027,1.4525,1.5574,1.2364
6,8,8,6,7,14,11,6,7,10
2656,2420.2,1954.9,2590,2234.1,1347.6,1683.5,2945.7,2546.1,1697.9
0.96354,0.95954,0.96452,0.97796,0.96361,1.0339,1.0131,0.98387,0.99469,0.9972
0.98116,0.9752,0.96086,0.98404,0.98654,1.0013,0.99165,1.0108,0.98483,0.95111
5.1546,5.4889,5.5733,6.0009,6.0361,6.1215,5.5772,4.7431,4.8477,5.0706
11,15,9,15,17,12,10,8,8,10
16,16,15,15,16,20,14,15,17,17
482,447,246.13,749.89,246.13,260.54,246.13,191.94,283.34,374.59
482,447,246.13,749.89,246.13,260.54,246.13,191.94,283.34,374.59
31.613,33.088,18.375,45.01,24.661,16.514,14.945,17.907,18.927,27.748
1.9658,2.1248,0.76573,2.6235,1.806,0.74066,0.35016,0.614,0.78453,1.8454
26.408,28.221,12.653,40.079,18.944,13.392,9.3751,10.421,12.569,21.889
433.65,402.4,209.7,687.87,217.8,244.84,217.8,186.94,245.91,338.06
-44.58,-32.539,-22.152,-69.774,-23.317,-25.554,-23.05,-17.281,-13.136,-32.615
-11.916,-14.663,-14.41,-13.15,-14.679,-22.494,-23.167,-17.112,-19.289,-18.889
2.9373,3.3616,1.846,1.2029,2.3496,1.2004,1.8491,3.6903,1.9426,3.3034
72.771,70.031,64.008,64.556,67.215,52.974,51.81,54.825,53.65,56.267
15.537,14.071,13.905,13.733,14.868,14.326,11.454,11.586,11.699,13.13
111,102,106,92,106,89,89,85,81,85
10,17,1,7,6,3,6,7,5,12
3826.3,4086.1,4425.2,4688.2,4399,5719.3,5606,2567.5,2819.1,2365.1
6.0976e+07,7.9115e+07,6.9205e+07,7.2855e+07,6.8795e+07,1.079e+08,1.0381e+08,4.5379e+07,5.0245e+07,4.0156e+07
0.31141,0.317,0.40811,0.34138,0.35802,0.332,0.39437,0.21101,0.24634,0.17222
1808.1,2182,1861.6,2620.6,1927.6,1269.6,1262.1,2099.3,1808.4,1413.2
