13033,13331,13005,13405,13602,15709,14498,15854,14771,15565
12609,13574,13637,12559,12947,15012,15667,16870,15815,14749
17755,13049,9904,7771,8192,5719,5148,5608,6259,5849
3004,2041,2069,1676,1703,1885,1354,886,1497,1295
0.83081,0.84359,0.79109,0.78433,0.79211,0.6704,0.73699,0.84201,0.76082,0.77859
14497,15092,15291,16085,15490,17625,15292,16631,15142,14149
2.2286,2.5057,2.3948,2.3844,2.426,1.6818,1.3224,1.517,1.2958,1.1081
25,17,13,12,5,7,6,9,9,8
579.88,887.76,1176.2,1340.4,3098,2517.9,2548.7,1847.9,1682.4,1768.6
0.99038,0.98871,0.99756,0.98895,0.98437,1.0064,1.0199,1.0094,1.0094,1.0376
0.98233,0.92846,0.95966,0.95688,0.94864,0.99307,1.0067,0.99,1.0279,0.99965
9.3448,8.8726,8.7754,8.3221,8.593,7.175,7.0206,7.4626,9.7363,11.505
32,29,30,26,29,24,27,34,27,24
50,68,38,30,34,29,26,31,30,26
496,156.34,144.51,275.94,546,361,521.46,130,102.18,260.54
496,156.34,144.51,275.94,546,361,521.46,130,102.18,260.54
17.983,14.24,19.391,23.825,29.39,32.144,37.938,17.649,19.338,27.366
0.59996,0.41166,0.3377,0.91757,1.2548,2.1362,2.5986,0.22963,0.017623,1.3277
13.655,7.2901,6.1653,13.688,21.493,25.572,31.617,6.0827,1.0351,17.145
451.3,140.72,116,243.82,486.4,312.54,467.35,130,3.3378,235.93
-44.63,-15.634,-9.9,-20.119,-51.12,-33.69,-46.726,-13,-2.6054,-24.745
-14.853,-14.35,-15.284,-15.132,-15.535,-28.652,-19.695,-23.063,-20.747,-16.268
0.91269,1.4117,2.0813,3.4745,2.0959,5.1541,6.2309,4.1784,2.4438,3.8475
79.167,81.388,86.605,90.78,89.258,47.906,45.057,51.799,47.308,49.797
34.526,30.146,24.122,20.306,16.132,10.988,9.3114,10.842,9.9426,10.009
212,255,212,173,159,87,80,85,75,77
0,13,14,14,34,1,6,4,12,7
1748.2,1874.8,1952.8,2059.6,2069.1,3107.5,2803.9,3696.9,4357.4,5172
2.5343e+07,2.8295e+07,2.986e+07,3.3128e+07,3.205e+07,5.477e+07,4.2877e+07,6.1482e+07,6.598e+07,7.3179e+07
0.26874,0.31128,0.30584,0.3053,0.32405,0.29652,0.24246,0.33721,0.3729,0.40505
1110,1697.5,2298.5,2460.1,6390.4,2196.2,2627.1,1395,2128,2968.8
