11563,14446,13788,16727,15048,13997,14012,15026,14579,14865
19486,17978,14808,15190,14816,14989,15041,14836,14825,15078
3605,3816,3345,3805,3625,5016,5666,6250,6932,6697
333,374,334,243,231,293,334,335,2164,356
0.90763,0.90199,0.90015,0.93614,0.93628,0.94159,0.94105,0.9464,0.68782,0.94684
14447,17128,12859,16384,13752,19263,20157,18170,18568,18270
1.2896,1.1374,1.213,1.4167,1.359,1.0589,1.0524,0.97311,0.99438,0.97217
7,9,8,4,2,4,5,5,119,6
2063.9,1903.1,1607.4,4096,6876,4815.8,4031.4,3634,156.03,3045
0.98549,1.0101,0.99,0.98855,0.99102,0.9996,1.0061,1.0231,1.031,1.0054
0.97791,0.98022,0.99306,1.0207,0.98929,1.0016,1.0028,0.98618,0.98801,0.99322
6.131,6.5255,6.2934,5.6148,6.0914,7.9757,7.7253,8.7035,8.4007,8.5576
26,26,22,24,24,24,25,24,26,28
25,26,22,26,25,25,25,25,27,25
468.24,536.59,283.34,411.73,156.2,231.14,208.59,221.58,212.52,230.88
468.24,536.59,283.34,411.73,156.2,231.14,208.59,221.58,212.52,230.88
33.57,40.289,27.852,36.223,23.561,37.355,35.488,33.761,30.34,30.207
1.1525,1.454,0.78236,1.8666,0.65241,1.0946,1.0189,0.87654,0.76441,0.77851
23.367,24.137,15.184,27.948,9.2648,4.7023,4.4307,4.2161,3.6856,3.6729
424.39,441.17,264.21,380.48,133,25.013,26.085,24.743,25.503,29.67
-40.879,-26.14,-27.025,-39.26,-9.3946,-10.448,-9.2913,-12.216,-9.9641,-11.283
-36.15,-38.698,-41.395,-32.598,-41.377,-44.444,-45.841,-43.491,-40.62,-42.914
3.864,2.4113,2.27,3.6121,3.1517,3.6896,3.2365,2.705,2.7061,2.5303
49.562,45.408,43.084,47.718,47.009,63.346,62.207,62.028,61.722,65.362
11.123,11.506,9.9948,10.318,10.657,10.969,11.101,11.094,11.06,11.024
83,75,74,77,74,94,96,100,101,102
15,1,1,4,11,11,11,6,6,10
2900.9,3369,2696.7,2238.3,2533.1,5112.8,4922.1,5820.8,4834.7,5843.5
4.191e+07,5.7704e+07,3.4677e+07,3.6672e+07,3.4835e+07,9.8488e+07,9.9214e+07,1.0576e+08,8.9771e+07,1.0676e+08
0.25894,0.22372,0.25439,0.19354,0.25033,0.28106,0.25697,0.31174,0.25891,0.31094
461.18,751.22,633.53,615.98,2047.5,429.4,449.59,716.07,246.63,498.25
