19086,19030,15793,16075,14549,10576,11416,10889,10791,9206.1
8616.8,8489,17655,21582,21907,16235,15831,16884,16488,16955
13960,10655,9804,9414,9013,7721,8693,6690,6830,4827
7698,5243,4580,4678,4060,3017,2679,1213,1767,1646
0.44857,0.50793,0.53284,0.50308,0.54954,0.60925,0.69182,0.81868,0.74129,0.659
18668,18022,18667,18618,18865,16284,14100,17277,15589,15589
2.0662,2.2666,2.4597,2.1768,2.1751,2.2161,1.5401,1.5257,1.5047,1.2442
25,29,15,26,22,14,16,5,10,11
746.72,621.45,1244.5,716.08,857.5,1163.1,881.25,3455.4,1558.9,1417.2
0.98401,0.98722,0.99131,0.99305,0.98777,1.0191,1.0055,1.0014,1.0176,0.99875
0.99826,0.99808,1.0262,1.0209,1.0287,0.96197,0.96538,0.9502,0.93259,1.0043
5.7195,5.5365,5.3547,5.6074,5.7292,5.1442,6.6541,5.8749,6.2172,5.609
34,32,34,34,36,33,37,36,38,24
27,33,34,28,30,42,44,38,35,28
72.84,156.97,191.31,191.94,241,99,156.97,260.54,191.31,93.271
72.84,156.97,191.31,191.94,241,99,156.97,260.54,191.31,93.271
11.622,13.327,15.433,19.285,19.709,12.33,14.38,18.149,18.029,17.902
0.11034,0.31984,0.31361,1.1255,0.69908,0.16115,0.48372,0.55274,0.77461,0.11118
2.213,6.3714,7.7985,13.165,11.871,4.1164,7.6174,11.153,10.871,2.0281
50,152.07,172.12,165.85,203.44,87,141.42,232.21,162.98,30.883
-5.4306,-14.401,-19.054,-15.697,-18.631,-15.557,-11.892,-22.14,-11.972,-4.5
-18.491,-17.235,-16.494,-21.623,-22.325,-18.458,-27.849,-27.201,-31.738,-31.467
-0.16497,-0.71306,0.35714,-0.8955,0.58753,2.2794,1.795,2.9699,2.6384,3.8304
74.518,73.167,87.921,86.867,86.085,47.789,46.451,48.165,49.765,46.203
15.571,15.324,23.023,14.719,15.597,9.6266,10.359,9.4338,9.4741,9.4153
127,110,163,123,137,74,72,74,75,69
2,4,12,21,27,10,3,10,6,15
1512.9,1515.7,1507.2,1538.2,1647.9,1100.6,1408.1,1406.7,1816.2,1261.5
2.8242e+07,2.7316e+07,2.8135e+07,2.8639e+07,3.1088e+07,1.7923e+07,1.9854e+07,2.4304e+07,2.8313e+07,1.9665e+07
0.16745,0.19063,0.1986,0.17985,0.19,0.14979,0.1538,0.12422,0.17531,0.10069
1690.5,1311.6,2482,1440.2,1861.7,1874.6,1229.1,6430.2,2652.2,2582.4
