13882,13377,13470,12695,12804,12816,13304,12887,13259,13974
20587,22868,23013,26163,24930,17458,16683,17638,17194,16644
5907,5135,3984,4197,3078,6120,5088,5594,4807,6603
1314,1254,2069,2368,480,626,2399,560,2249,2187
0.77755,0.75579,0.48067,0.43579,0.84405,0.89771,0.5285,0.89989,0.53214,0.66879
18271,19313,17128,18320,19015,27654,27505,26163,26363,26561
2.3698,2.9152,2.7878,2.5774,2.4663,1.7524,1.7429,1.6207,1.6331,1.6704
7,9,92,98,5,6,130,7,123,108
2610.1,2145.9,186.17,186.94,3803,4609,211.58,3737.6,214.33,245.94
0.9983,0.99855,0.99384,0.99848,1.0004,1.0089,1.0174,1.0209,1.0167,1.0132
0.99686,1.0386,1.0416,1.0207,1.0546,0.96794,0.95786,0.95393,0.95437,0.98685
3.5009,3.0681,3.2075,3.1484,3.1536,4.2745,4.3521,4.3717,3.9342,4.078
11,17,8,8,11,14,12,11,11,8
21,20,21,21,22,25,24,20,24,22
69.4,93.172,119.36,80.764,122.02,145.95,168.88,171.21,180.86,194.89
69.4,93.172,119.36,80.764,122.02,145.95,168.88,171.21,180.86,194.89
14.129,14.997,17.67,17.358,22.016,23.302,24.533,25.321,27.788,23.628
0.43204,0.45701,0.5579,0.54489,0.78405,0.67527,0.8002,0.74875,0.68649,0.64532
2.1933,2.025,2.5974,2.34,2.907,3.2808,3.3818,3.6438,3.3518,3.5208
9.64,8.0017,14.611,11.249,12.322,14.513,19.317,21.901,19.184,29.287
-4.9226,-5.8372,-6.03,-4.6754,-5.1998,-9.6821,-7.7042,-9.7394,-8.4017,-9.7757
-2.034,-4.6913,-3.9653,-5.247,-4.2805,-10.053,-12.544,-10.682,-10.379,-8.8959
4.1666,5.2022,5.9977,5.8585,8.1357,5.9556,6.8331,5.7474,6.4231,4.8814
64.691,63.333,65.375,56.443,60.227,63.483,62.004,67.708,63.013,61.597
13.942,11.531,14.747,12.123,12.171,9.9406,10.695,12.241,10.517,10.701
96,94,95,87,85,96,89,105,90,89
8,21,2,19,3,19,7,9,14,11
863.79,602.79,457.15,486,796.18,1893.3,1379.1,1736.9,1107.8,1379.5
1.5782e+07,1.1642e+07,7.8301e+06,8.9035e+06,1.5139e+07,5.2357e+07,3.7932e+07,4.5443e+07,2.9205e+07,3.6642e+07
0.11203,0.090987,0.074406,0.068374,0.10327,0.11997,0.087389,0.1076,0.068625,0.086757
1431.7,1091.4,225.72,226.72,2238.3,1873.1,298.36,1349.1,281.01,255.37
