14996,14566,14658,14667,14324,10334,10775,9261.8,11562,9135.8
12930,14480,14054,14447,14798,9970.8,10936,7406.7,10318,8823.2
5749,5949,5388,5558,5077,5077,5968,6159,5619,4877
2728,2748,2103,2296,2066,1915,2736,2282,2186,1866
0.52548,0.53807,0.60969,0.5869,0.59307,0.62281,0.54155,0.62949,0.61096,0.61739
12214,11717,11518,11717,11767,13306,12461,11767,14794,13504
1.6353,1.6211,1.7383,1.6487,1.7443,1.2138,0.99465,1.1228,1.3064,1.1799
14,14,6,12,10,9,9,4,10,7
872.43,836.93,1919.7,976.42,1176.7,1478.4,1384.6,2941.8,1479.4,1929.1
1.0166,0.99164,1.0091,1.0017,0.99477,0.97611,0.97899,0.95319,1.003,0.99411
1.052,1.0447,1.0391,1.0607,1.069,1.1,1.0745,1.0873,1.0603,1.0757
5.8577,6.0404,6.2048,5.8847,6.075,6.2633,7.1086,6.4065,5.6489,6.3451
18,20,24,23,22,20,22,20,24,22
20,20,23,21,22,19,21,19,22,19
260.54,130.55,232.38,260.54,199,191.31,232.9,542.06,260.54,642.88
260.54,130.55,232.38,260.54,199,191.31,232.9,542.06,260.54,642.88
22.369,16.592,18.694,21.325,17.894,20.92,24.641,33.56,24.82,40.902
0.70141,0.32794,0.86635,1.1545,0.59289,0.49335,1.0157,1.8989,1.3085,1.7673
13.15,5.6717,12.999,16.378,10.214,9.2312,14.263,28.453,16.579,32.293
232.21,102.21,217.48,237.39,179.2,165.26,206.84,507.48,250.54,564.68
-24.484,-3.47,-20.918,-24.141,-2.4593,-8.8573,-21.377,-49.826,-25.064,-30.652
-14.208,-13.486,-11.236,-13.641,-14.35,-11.779,-7.0052,-4.8384,-8.1027,-5.0002
1.0467,0.67516,1.9582,2.0215,2.0412,0.39599,0.55678,-0.52058,0.70978,2.9659
79.777,79.573,85.973,82.079,84.346,55.633,55.86,49.469,57.817,57.003
18.109,18.081,20.688,23.021,17.343,12.287,11.892,11.853,13.916,13.067
124,135,214,238,124,82,86,76,118,88
15,16,25,0,24,8,17,6,8,3
2593.1,2407.2,2461.2,2145.6,2363.9,2781.6,3798.7,3415.5,2903.9,3272.3
3.1672e+07,2.8205e+07,2.8348e+07,2.514e+07,2.7816e+07,3.7012e+07,4.7336e+07,4.019e+07,4.2961e+07,4.4189e+07
0.34718,0.33304,0.37144,0.30189,0.35042,0.25375,0.30322,0.32591,0.25644,0.28591
1537.5,1576.7,3671.9,1752.6,2303.5,1967.2,2330,4592,1782.2,2819.2
