5437.4,5374,5795.9,6020.4,16454,11162,10468,12748,13678,12791
15184,17010,13559,15218,14187,14623,10221,17305,16307,14666
5266,4593,3594,3994,4281,4093,3547,1995,2063,1901
64,1248,43,1694,1185,1746,1024,21,21,43
0.98785,0.72828,0.98804,0.57586,0.7232,0.57342,0.71131,0.98947,0.98982,0.97738
9830,8043,6454,7447,7646,12958,13455,14299,12610,13504
0.44835,0.3974,0.31149,0.34925,0.52452,0.51466,0.52935,0.52059,0.4571,0.50953
4,78,3,109,74,112,64,2,2,3
2457.5,103.12,2151.3,68.321,103.32,115.7,210.23,7149.5,6305,4501.3
1.0384,1.0612,1.0518,1.0325,1.0085,1.0512,1.0273,1.0774,1.0629,1.0902
1.2334,1.0173,0.97201,0.98454,1.0241,1.021,1.0656,1.0817,1.0178,1.0808
7.8274,8.1529,9.7049,8.5982,7.1515,7.3374,6.8086,7.4227,7.9357,7.2504
18,15,12,18,10,7,6,10,11,7
10,11,8,8,8,12,12,12,13,10
173.43,168.9,241.21,200.67,62.549,169.96,217.03,386.75,362.63,325.15
173.43,168.9,241.21,200.67,62.549,169.96,217.03,386.75,362.63,325.15
24.793,24.776,30.566,27.526,12.793,30.65,33.377,69.419,64.887,61.877
0.57491,0.58714,0.63982,0.40957,0.38305,0.75061,0.77719,1.9097,1.6255,1.6598
2.993,2.9009,3.6047,2.6706,2.0083,3.8545,3.7954,8.2307,7.0785,7.0274
19.299,16.583,28.981,14.965,9.8453,21.91,24.101,43.369,40.985,31.457
-7.9148,-6.9945,-15.676,-8.5551,-4.0167,-8.0457,-13.273,-20.496,-15.072,-14.201
-10.697,-15.867,-9.336,-8.3658,-8.001,-3.0441,-1.1998,-14.872,-3.0524,-2.979
2.0203,1.8945,1.9275,1.9163,1.8206,3.6151,4.2394,8.1655,6.9518,7.2429
64.119,67.03,60.501,78.789,85.247,69.898,67.972,67.07,70.314,68.948
12.969,13.881,13.453,14.409,14.504,12.825,14.2,14.777,14.111,14.931
105,104,92,110,119,102,105,109,100,104
26,10,14,24,17,16,7,21,16,15
2845.8,2304.1,1909.8,1702.2,2074,2186.5,2828.6,3194.7,2805.2,2547.3
2.7974e+07,1.8532e+07,1.2326e+07,1.2676e+07,1.5858e+07,2.8332e+07,3.8059e+07,4.5682e+07,3.5373e+07,3.4399e+07
0.1298,0.11384,0.09217,0.07983,0.14228,0.08684,0.11128,0.11631,0.10168,0.096115
40.333,165.97,307.7,176.34,120.87,244.15,230.37,361,156.2,1053.7
