13280,13909,14076,14373,14609,13277,13034,11815,9830.4,12539
13677,13760,13808,13546,13405,11040,12387,9762.6,9184.4,8942.4
8382,7571,6429,6299,5909,6459,4917,6229,5037,5879
2247,1899,1855,2293,1367,2416,994,2135,1354,982
0.73193,0.74917,0.71146,0.63597,0.76866,0.62595,0.79784,0.65725,0.73119,0.83296
17128,18667,17724,17923,17128,20951,19511,17525,10972,18568
2.9623,3.3689,2.6749,2.807,2.9016,1.999,1.2458,1.3106,1.1676,1.7718
12,12,11,8,10,10,6,9,7,3
1427.3,1555.6,1611.3,2240.4,1712.8,2095.1,3251.8,1947.2,1567.4,6189.3
0.98726,0.99296,0.98505,0.98571,0.98437,0.94531,0.94809,0.96311,0.95297,0.95771
1.0101,1.0065,1.0163,0.99166,1.0227,1.0329,1.0435,0.92584,1.0228,0.9901
6.489,6.4706,6.5913,6.3139,6.6988,6.4406,5.9938,5.4268,7.7826,5.7184
40,42,34,33,36,33,28,16,27,26
37,39,32,30,34,32,27,27,29,35
830.73,191.94,1048.9,138.78,191.31,365.44,482,383.26,321.63,511.28
830.73,191.94,1048.9,138.78,191.31,365.44,482,383.26,321.63,511.28
39.85,25.711,58.041,28.299,29.316,34.795,38.365,34.414,27.266,38.289
1.3772,0.33504,3.2139,0.013446,0.62295,1.0125,1.7954,1.793,0.88796,2.5144
31.066,7.6054,47.988,1.125,10.24,17.345,24.41,25.043,14.951,29.323
761.87,176.39,937.06,3.5314,163.03,326.38,421.6,364.06,260.28,437.72
-40.138,-17.639,-95.371,-4.6186,-19.131,-31.633,-43.355,-33.886,-30.25,-24.527
-19.547,-17.87,-21.159,-18.969,-18.151,-17.039,-23.901,-16.85,-21.461,-11.458
0.55069,1.8492,3.6616,2.0202,2.4338,2.2662,2.8396,0.74135,1.4273,3.1116
78.143,78.797,76.106,73.42,82.298,56.564,55.345,59.682,49.847,56.154
23.803,25.587,19.582,22.088,22.519,11.251,11.473,12.273,8.8562,10.98
226,255,152,141,216,98,87,91,80,92
11,13,8,15,20,2,12,5,12,9
3129.4,2602.8,3462.7,3425.1,3202.4,5442.4,6444,5270.8,4226.9,4601.7
5.36e+07,4.8587e+07,6.1373e+07,6.1387e+07,5.4851e+07,1.1402e+08,1.2573e+08,9.237e+07,4.6378e+07,8.5444e+07
0.54123,0.46974,0.52259,0.53642,0.5425,0.51927,0.41146,0.39416,0.44982,0.43909
1234.8,1453.3,1531.6,2167.3,1299.1,3057.4,1747,1178.9,1057.5,3120.7
