13978,12299,13804,13881,13133,14532,17745,13928,16498,17600
14221,14227,13901,14098,13985,16585,14955,14866,15428,13495
7161,6830,5969,6189,6319,5758,7921,4316,5728,5628
1047,816,687,675,606,1247,1878,733,1446,1126
0.85379,0.88053,0.88491,0.89094,0.9041,0.78343,0.76291,0.83017,0.74756,0.79993
21994,22788,24228,23930,22838,20454,27703,26015,26958,28498
2.1479,2.2793,2.4233,2.3935,2.2569,1.6646,1.9998,2.3473,2.016,2.0936
16,12,10,10,11,8,15,11,12,12
1374.6,1899,2422.8,2393,2076.2,2556.8,1846.9,2365,2246.5,2374.8
0.97267,0.97507,0.98313,0.96795,0.97442,0.99744,0.98821,0.9854,0.9519,0.95918
1.0166,1.0312,0.99771,1.0244,1.0386,0.97275,0.99929,0.95731,0.98636,0.98522
5.7718,5.4122,5.242,5.5324,5.4822,5.3606,4.9424,5.1266,4.9132,5.261
29,27,26,29,30,22,27,26,26,28
27,25,25,26,28,20,25,26,26,31
924.95,383.26,829.48,345.81,185.27,155.57,374.33,950.73,542.06,321.63
924.95,383.26,829.48,345.81,185.27,155.57,374.33,950.73,542.06,321.63
44.495,32.099,47.293,38.058,30.104,22.558,27.379,56.355,37.551,34.663
1.9475,0.8094,1.4672,1.1089,0.62343,0.29145,0.94737,2.6654,1.0595,0.60046
36.531,15.926,32.25,17.382,8.4625,6.7605,16.443,45.765,23.363,13.687
849.47,364.06,728.47,303.48,142.47,142.47,349.72,855.66,489.91,291.83
-83.236,-35.571,-76.866,-34.581,-14.247,-13.987,-34.599,-86.766,-25.842,-28.95
-7.0848,-13.112,-12.598,-9.5395,-13.532,-20.805,-24.671,-21.289,-22.582,-22.077
2.346,1.7458,2.9586,1.1173,1.1081,2.5334,1.0953,3.639,0.99571,2.5857
83.953,81.337,89.241,87.747,87.443,44.976,41.412,45.841,44.973,41.112
30.092,19.121,28.908,25.992,36.104,11.003,11.68,13.569,10.151,11.166
236,201,255,255,255,81,71,77,68,74
17,15,19,23,32,8,2,6,11,8
2941.1,2352,2064.7,2273.1,2461.5,3152.1,2673.3,2593.7,2483,2741.2
6.4686e+07,5.3597e+07,5.0024e+07,5.4396e+07,5.6216e+07,6.4473e+07,7.4059e+07,6.7476e+07,6.6936e+07,7.8118e+07
0.28721,0.23524,0.20651,0.22736,0.24326,0.25652,0.19298,0.23403,0.18568,0.20138
1163.3,1230.9,1325.7,1423.1,1286.5,1876.3,1558.7,1820.9,1463.2,1270
