14821,15253,14889,14959,15391,15137,14277,14982,14061,13632
14745,15224,15534,15665,15571,22524,22377,22790,22683,22690
11387,10144,10145,9714,9854,10073,9828,7765,7588,6760
3242,2557,2665,2635,2739,5901,5800,3520,3585,3213
0.71529,0.74793,0.73731,0.72874,0.72204,0.41418,0.40985,0.54668,0.52754,0.5247
27356,26909,27157,27455,27157,32023,32023,32022,31824,31824
5.1605,5.0772,5.367,5.0646,4.7964,1.6013,1.6409,1.6718,1.6108,1.672
26,18,8,8,17,203,197,111,100,92
1052.2,1494.9,3394.6,3431.9,1597.5,157.75,162.55,288.49,318.24,345.91
0.98045,0.98952,0.983,0.98455,0.98425,0.96959,0.96947,0.96959,0.96681,0.96661
1.0626,1.0571,1.0839,1.0298,1.0591,1.0733,1.1054,1.1092,1.156,1.1822
3.7653,3.7375,3.8076,3.7396,3.7971,6.4969,6.9374,6.6192,6.5811,6.3925
29,26,26,24,24,29,32,34,32,32
45,38,42,38,33,32,30,34,38,36
260.92,149,191.31,191.31,232.38,193.81,193.81,201.01,193.81,193.83
260.92,149,191.31,191.31,232.38,193.81,193.81,201.01,193.81,193.83
14.768,12.341,12.899,13.903,16.309,21.731,23.461,26.042,29.301,28.405
0.70187,0.44654,0.39046,0.63261,0.82231,0.7724,0.76217,0.87534,0.97163,0.98873
12.173,7.994,8.2869,10.075,12.416,3.2585,3.3374,3.6122,4.1276,3.8447
247.96,139,176.51,172.18,213.19,19.477,21.787,23.333,24.017,19.507
-23.772,-12.981,-18.631,-17.568,-20.909,-8.8146,-8.4954,-8.5626,-12.008,-7.876
-1.0472,0.19699,-2.933,-0.62268,1.1805,-7.6943,-9.9337,-10.111,-7.6076,-8.0607
2.4877,2.8792,2.8984,2.6763,3.0066,4.4698,4.1458,5.352,5.8664,7.3166
83.588,81.672,83.921,87.099,84.905,54.518,56.566,57.38,57.463,56.493
19.555,14.917,17.429,18.493,17.872,12.556,11.462,11.177,11.492,11.844
157,126,139,137,124,84,87,94,85,88
17,15,15,20,23,8,8,15,13,7
1026,1069.9,1157.8,1124.2,1202.8,3378.3,3139,3741.8,3322.9,3774.1
2.8066e+07,2.879e+07,3.1443e+07,3.0864e+07,3.2664e+07,1.0818e+08,1.0052e+08,1.1982e+08,1.0575e+08,1.2011e+08
0.19354,0.20187,0.22882,0.20737,0.21243,0.16893,0.16084,0.19535,0.16819,0.19828
1051.6,1485.4,3361.2,3394.5,1483.5,465.31,523.2,704.96,836.88,856.82
