11691,13404,13554,13357,13331,17028,18766,18295,18270,16209
13540,12229,13736,13791,13980,12924,13198,14809,14293,15072
10064,11637,8813,8452,7941,3736,4086,4106,4687,3014
157,130,99,106,0,92,264,194,250,142
0.9844,0.98883,0.98877,0.98746,1,0.97537,0.93539,0.95275,0.94666,0.95289
15838,15391,15093,15242,15440,19164,15093,14248,17376,17178
2.2282,2.3228,2.3202,2.0407,2.2098,1.3148,1.0186,1.0196,1.1447,1.2399
12,12,10,9,1,6,11,10,6,7
1319.8,1282.6,1509.3,1693.6,15440,3194,1372.1,1424.8,2896,2454
0.97512,0.96812,0.99051,0.99162,0.98757,0.97375,1.0267,1.017,1.0036,0.9894
0.995,1.1866,1.0526,0.96818,1.0255,0.96623,0.98774,0.99629,0.9789,0.97443
6.401,6.9875,7.8569,7.3243,7.657,5.6713,7.2709,7.3371,7.4344,6.1048
35,26,38,26,32,20,26,27,28,18
46,39,35,37,33,18,26,27,28,18
156.34,275.51,185.16,214,201.85,754.76,375.29,156.97,484.59,383.26
156.34,275.51,185.16,214,201.85,754.76,375.29,156.97,484.59,383.26
11.467,16.25,18.374,17.349,21.386,56.279,26.672,19.03,34.315,30.975
0.15344,0.44315,-0.042165,0.17976,0.55294,3.8501,1.0133,0.39284,1.6316,1.0831
4.632,8.8238,1.7569,5.4367,9.1357,49.16,17.684,6.9618,26.005,20.993
137.21,237.18,11.392,116,142.47,684.23,337.83,132.38,436.13,357.2
-14.644,-25.061,-24.613,-13,-13.701,-68.423,-32.683,-13.382,-31.195,-34.493
-16.139,-13.451,-15.584,-13.88,-12.421,-12.304,-17.303,-24.08,-12.067,-10.934
-0.32023,-0.050054,0.34515,0.47896,0.33298,-1.8076,1.4344,-0.057203,-0.55313,1.2005
97.595,93.929,111.23,100.27,109.41,35.473,35.484,37.605,31.518,39.139
39.12,33.098,56.468,37.886,45.89,11.368,11.144,9.9261,10.615,10.585
248,255,255,255,255,66,66,73,64,66
27,44,30,39,44,1,9,5,0,2
3490.9,3538.7,3723.5,4012.1,4422,6767.4,6510.3,5955.9,7330.1,5447.1
5.529e+07,5.4464e+07,5.62e+07,6.1152e+07,6.8276e+07,1.2969e+08,9.826e+07,8.486e+07,1.2737e+08,9.3571e+07
0.49113,0.53406,0.57241,0.53717,0.6329,0.46429,0.43935,0.42621,0.48291,0.39318
116.95,79.85,203.23,172.04,0,599.55,504.56,352.39,1169.5,534.09
