13104,14590,13913,14027,13967,12523,13058,12117,12546,12348
8934.4,13807,14092,13936,13619,17838,17903,17843,17919,18239
10074,9884,12558,10074,8693,10922,8760,8494,8900,7219
1880,2141,2149,1827,1718,5028,676,3856,4137,465
0.81338,0.78339,0.82887,0.81864,0.80237,0.53964,0.92283,0.54603,0.53517,0.93559
21150,20901,21050,21398,21149,26958,27555,27405,26760,27852
4.1798,3.6142,3.7178,3.6249,3.8161,1.2096,1.2167,1.1548,1.1816,1.3288
16,16,18,17,13,282,8,219,228,7
1321.9,1306.3,1169.4,1258.7,1626.8,95.596,3444.4,125.14,117.37,3978.9
1.0043,1.0125,1.0063,1.0067,1.0124,1.019,1.0122,1.0259,1.0277,1.0365
1.0637,1.1077,1.1323,1.0892,1.059,1.1051,1.1286,1.1381,1.0873,1.081
4.9593,5.3486,5.3308,5.2836,5.3765,9.173,8.8355,8.7732,9.1908,7.9884
40,42,41,40,38,34,36,30,39,34
38,37,42,46,45,37,40,37,37,40
191.94,191.94,346.53,312.54,275.51,179.01,187.53,250.85,252.09,276.64
191.94,191.94,346.53,312.54,275.51,179.01,187.53,250.85,252.09,276.64
12.005,13.363,14.941,17.707,20.379,26.038,30.56,31.381,34.407,39.041
0.28048,0.43494,0.62835,1.0837,1.2529,0.73484,0.93614,0.8723,0.905,0.98191
6.6606,7.9866,12.351,14.818,16.539,3.5529,4.0326,4.0182,4.1352,4.7088
172.75,157.43,318.19,289.39,252.22,20.189,20.125,27.93,25.074,32.824
-17.704,-17.894,-31.898,-28.495,-19.194,-9.1255,-8.7624,-15.131,-12.667,-12.844
-13.938,-21.787,-18.712,-17.809,-19.976,-28.879,-30.811,-29.911,-31.498,-30.1
1.4675,1.148,0.69972,1.6201,1.7907,2.5612,3.1387,3.5219,3.2059,4.2848
71.083,76.01,95.634,95.891,85.441,63.077,61.693,63.062,60.063,63.324
13.524,21.503,25.351,22.203,16.923,12.163,11.659,11.389,11.778,11.039
116,255,208,218,157,112,97,96,99,103
14,15,16,25,23,14,12,14,10,10
1226.2,1448.3,1136.8,1208.6,1312.5,3834.8,4851.6,4071.2,4194.7,4049.8
2.5934e+07,3.027e+07,2.3929e+07,2.5862e+07,2.7758e+07,1.0338e+08,1.3368e+08,1.1157e+08,1.1225e+08,1.128e+08
0.24233,0.25044,0.20077,0.20475,0.23683,0.17207,0.21422,0.17155,0.18521,0.19321
1343.5,1480.6,1250,1321,1713,294.77,3767.3,374.71,359.73,4189.8
