13825,13717,13890,13611,13868,12206,12759,12525,11799,12166
14281,14114,14157,14208,14562,13365,13646,13984,14273,13911
9013,9424,7701,6429,5578,5213,5447,4156,4322,4875
2520,2665,2668,1467,971,2618,2059,1458,2090,695
0.7204,0.71721,0.65355,0.77182,0.82592,0.49779,0.62199,0.64918,0.51643,0.85744
17823,17376,16830,16880,18071,21845,21200,21745,22788,23483
1.6081,1.6969,1.6436,1.4906,1.6131,1.1699,1.073,1.1352,1.2868,1.1333
12,4,10,8,3,128,89,69,108,6
1485.2,4344,1683,2110,6023.7,170.66,238.2,315.14,211,3913.8
0.99675,1.0129,1.0032,1.0076,1.0138,1.0383,1.0547,1.0198,1.0212,1.0668
0.98042,0.99496,0.97864,0.9834,0.97514,0.98299,1.0102,0.95224,0.96176,0.99854
7.1549,7.0183,7.7615,7.4013,6.6837,8.8155,9.9299,8.2882,7.9477,9.0307
27,24,24,24,23,24,24,23,24,23
26,25,24,26,24,28,28,21,29,23
260.54,156.97,604.07,504.5,620.17,276.7,289.69,315.72,265.68,317.13
260.54,156.97,604.07,504.5,620.17,276.7,289.69,315.72,265.68,317.13
18.317,15.689,35.617,27.516,34.434,44.85,43.942,51.249,47.239,50.128
0.68195,0.56867,1.9853,1.0334,1.7486,1.2701,1.3421,1.4074,1.2509,1.4178
13.318,9.3048,30.844,20.949,28.579,5.3437,5.5262,6.1384,5.7003,6.6135
247.54,147.07,566.64,452.4,556.79,28.908,28.748,34.073,26.726,34.675
-22.301,-14.707,-56.654,-46.806,-56.971,-12.393,-12.894,-17.323,-15.448,-18.499
-35.799,-33.602,-36.404,-36.19,-37.39,-38.574,-41.275,-44.043,-29.876,-44.461
1.8832,1.807,1.7918,1.8537,2.5537,4.5211,4.2758,5.8097,5.8474,5.4581
60.31,58.967,60.661,62.498,62.114,61.867,61.95,69.797,66.036,66.876
15.366,15.014,15.801,13.933,14.159,11.689,12.053,13.157,12.29,13.63
101,104,101,106,102,101,100,111,101,103
7,2,5,11,12,16,20,28,21,27
2657.1,2540.4,2886.7,2405.8,2254.8,2264.9,2776.7,2794.7,2148.7,3487.1
4.7358e+07,4.4141e+07,4.8583e+07,4.061e+07,4.0747e+07,4.9478e+07,5.8865e+07,6.077e+07,4.8966e+07,8.1887e+07
0.23975,0.24808,0.2819,0.21245,0.20127,0.1213,0.14054,0.1459,0.12134,0.16829
1611,5762.1,1884.2,2547.7,7668.4,554.19,684.67,707.5,601.38,4957.3
