15930,14674,15984,15546,13923,13549,13965,15217,14075,12896
16812,17139,16699,16739,16460,17622,16770,17532,17572,16646
6389,5268,6440,3765,5868,3250,2547,2625,2390,2307
66,55,40,33,130,65,0,1131,1026,704
0.98967,0.98956,0.99379,0.99124,0.97785,0.98,1,0.56914,0.57071,0.69484
25320,29093,27257,28646,27405,30384,29937,31228,29738,30881
2.5325,2.776,2.7594,2.9725,2.8437,1.5963,1.4448,1.5903,1.603,1.563
7,6,3,4,2,4,1,73,67,45
3617.1,4848.8,9085.7,7161.5,13702,7596,29937,427.78,443.85,686.24
1.015,1.0181,1.0121,1.0304,1.0064,1.1028,1.1433,1.113,1.0753,1.1419
1.0052,1.0393,1.1759,0.94501,1.098,1.1696,1.0583,1.1888,1.2265,0.95765
2.8142,2.6925,2.8779,2.6297,2.8036,3.9627,4.2088,4.2098,3.8447,4.0973
10,12,14,12,12,12,13,12,9,11
12,11,11,11,12,11,13,11,11,11
191.31,464.42,282.82,231.53,191.94,222.45,268.86,268.87,294.01,299.8
191.31,464.42,282.82,231.53,191.94,222.45,268.86,268.87,294.01,299.8
12.258,23.276,16.043,19.032,14.071,38.591,51.091,51.151,49.565,55.735
0.41891,1.0744,0.87247,0.77857,0.66286,1.295,1.8344,1.5675,1.6311,1.8854
8.4858,19.351,13.449,12.411,10.278,5.2105,6.7764,6.4012,6.3067,6.871
168.11,413.64,267.92,208.24,168.7,29.202,28.321,26.887,30.054,32.484
-17.212,-42.292,-28.282,-21.163,-18.204,-11.999,-11.799,-11.388,-13.61,-12.38
-17.545,-17.956,-16.526,-21.814,-13.756,-23.424,-38.418,-28.505,-18.288,-20.955
3.9426,5.8025,3.936,6.994,4.2513,9.6678,12.012,11.698,13.728,13.939
75.977,69.383,69.937,64.42,77.347,64.343,62.703,63.079,64.577,67.487
15.465,14.848,13.843,13.623,16.119,14.105,11.349,11.389,12.945,13.047
145,129,114,118,123,113,95,90,93,110
18,12,21,17,3,15,13,22,17,28
1830.9,1735.6,2128.5,1783,1775.9,4520,4423.5,3579.8,3062.5,3765.2
4.6358e+07,5.0494e+07,5.8018e+07,5.1075e+07,4.867e+07,1.3734e+08,1.3243e+08,1.1179e+08,9.1072e+07,1.1627e+08
0.18312,0.16561,0.21548,0.18501,0.18428,0.23747,0.21349,0.18231,0.16507,0.19058
141.53,117.17,0,254.72,1032.4,469.95,0,487.73,474.31,526.74
