8491.7,9368.1,8296.6,8028.7,8591.1,13172,15226,14487,13370,15134
14661,12370,12779,12673,14340,16965,14807,16245,16010,15043
4687,3906,5327,4547,5908,4647,4005,3875,3826,3495
554,314,260,334,394,126,672,110,214,101
0.8818,0.91961,0.95119,0.92654,0.93331,0.97289,0.83221,0.97161,0.94407,0.9711
12461,13107,12957,12660,13157,18766,13752,17575,15937,17724
2.2008,2.5303,2.3384,2.6276,2.3745,1.5422,1.0378,1.2798,1.2844,1.3622
7,7,2,9,7,10,6,2,7,2
1780.1,1872.4,6478.5,1406.7,1879.6,1876.6,2292,8787.5,2276.7,8862
0.99667,0.99909,0.99015,0.99997,0.98274,0.96101,0.98346,0.98855,0.98858,0.97382
1.0542,0.99148,1.0391,1.0071,1.0252,0.971,1.0767,1.0115,0.98853,1.0369
5.6394,5.3852,5.3523,5.3296,5.3217,6.3179,8.1806,8.072,8.2299,7.461
14,16,20,22,18,20,16,20,20,19
16,18,20,17,16,18,14,17,16,17
411.73,232.05,121,390.54,260.54,95.172,260.92,312.54,415.03,375.29
411.73,232.05,121,390.54,260.54,95.172,260.92,312.54,415.03,375.29
28.037,19.51,14.441,24.217,17.367,18.897,26.455,27.998,34.109,32.595
1.593,0.88597,0.41258,1.36,1.0022,0.029126,1.5825,1.2094,1.9013,1.9019
24.299,13.237,7.0364,20.054,13.965,1.2848,18.804,18.456,28.728,24.465
383.4,216.49,121,362.21,241.41,10.947,247.96,268.74,393.1,334.12
-38.568,-21.291,-8.6945,-36.221,-23.445,-12.1,-24.173,-26.043,-36.496,-33.885
-22.023,-27.352,-25.03,-27.411,-21.716,-25.081,-26.274,-25.066,-28.074,-32.948
2.0439,2.9207,1.7057,2.1179,1.9747,3.0555,4.1915,3.7725,1.9923,3.0039
84.229,79.227,86.376,81.661,81.194,50.602,54.07,54.293,52,52.345
22.494,22.085,19.186,16.973,19.63,9.1904,11.021,10.124,10.736,11.119
200,214,204,203,240,87,82,86,86,97
23,3,20,23,32,16,9,19,6,21
1636.6,1322.3,1437,1313.8,1446.6,2979.4,3127.6,3883.4,3756.8,3509.5
2.0394e+07,1.7331e+07,1.8619e+07,1.6633e+07,1.9033e+07,5.5911e+07,4.3011e+07,6.8251e+07,5.9872e+07,6.2202e+07
0.28906,0.25527,0.25933,0.27269,0.26108,0.24486,0.23603,0.28278,0.30277,0.26973
776.06,490.31,1907.9,503.31,684.95,373.24,1317.7,5010.6,1292.3,4683.5
