17660,17933,17970,19337,18403,13644,14110,16333,13412,14931
15303,15120,15047,14840,15733,16278,15176,16009,15772,15253
6149,6419,4877,4837,4246,2634,3334,3726,4086,4276
84,75,64,255,44,172,202,174,213,865
0.98634,0.98832,0.98688,0.94728,0.98964,0.9347,0.93941,0.9533,0.94787,0.79771
20703,19412,17575,18568,20305,21199,21249,21596,21001,26909
3.7357,3.3573,3.242,3.5846,3.9199,1.7775,1.5748,1.9275,1.5705,2.2116
7,7,6,7,5,8,11,9,11,23
2957.6,2773.1,2929.2,2652.6,4061,2649.9,1931.7,2399.6,1909.2,1170
1.019,1.0179,1.0234,1.0033,1.0097,1.0094,0.96794,1.0014,0.97442,0.98886
0.92491,0.93494,0.92753,0.9341,0.98121,0.98126,1.0149,0.92842,0.91852,0.91885
3.549,3.7666,3.8367,3.9435,3.6546,4.6814,5.4113,4.3724,4.9024,4.7215
14,19,13,14,12,9,14,13,15,25
21,20,11,18,22,15,17,16,16,25
199,248,156.2,232.38,121,375.29,397,596,275.51,397
199,248,156.2,232.38,121,375.29,397,596,275.51,397
20.268,18.594,19.14,21.539,21.905,36.588,27.215,35.149,21.439,26.501
0.25259,0.55341,0.32335,0.45529,0.20283,2.0792,1.4018,1.7558,1.0599,0.93098
6.9139,11.157,6.6362,10.385,5.3815,26.643,21.004,29.426,14.996,19.133
169.2,218.2,140.57,222.48,108,334.07,355.53,531.4,252.35,362.2
-19.41,-22.045,-14.13,-11.124,-12.1,-34.924,-36.22,-53.15,-24.425,-36.028
-1.2518,5.0173,6.8131,6.9416,5.4581,-3.6887,-9.8696,-14.304,-11.218,-4.7461
1.6121,1.5893,1.4958,1.7562,1.5362,6.8795,2.8714,4.8477,2.1346,3.7668
99.353,102.02,121,103.38,113.32,33.172,39.805,41.847,37.516,30.189
45.729,47.098,55.056,53.497,59.445,9.9079,10.493,9.599,9.9164,11.661
255,255,255,255,255,59,66,74,76,57
39,43,52,13,28,3,4,12,7,0
874.06,952.64,1220.2,1124,955.49,3476.9,3407.1,2427,2982.9,1970.7
1.8096e+07,1.8493e+07,2.1445e+07,2.0871e+07,1.9401e+07,7.3707e+07,7.2398e+07,5.2414e+07,6.2643e+07,5.303e+07
0.15771,0.16476,0.22509,0.21699,0.18446,0.29154,0.25251,0.21662,0.22307,0.16197
72.025,75.701,26.185,122.32,164.64,900.52,819.28,762.95,982.48,731.06
