16805,17327,17252,18269,18096,14378,14124,14349,14479,14571
15108,15500,14276,14864,14447,14336,13989,14348,14919,14381
5207,5028,5137,5969,6168,5541,5463,4526,4578,3594
764,715,845,1382,1456,2068,2603,497,628,324
0.85327,0.8578,0.83551,0.76847,0.76394,0.62678,0.52352,0.89019,0.86282,0.90985
20554,18667,18121,20306,20603,18370,18518,17525,18767,17724
2.1597,2.0939,1.9794,2.6337,2.8504,1.3738,1.3483,1.5312,1.4559,1.5167
7,7,7,3,7,86,137,7,8,3
2936.3,2666.7,2588.7,6768.7,2943.3,213.6,135.17,2503.6,2345.9,5908
0.98419,0.97701,0.97597,0.97739,0.98605,0.97412,0.95854,0.97371,0.97037,0.96331
1.0552,1.0333,1.0272,1.0741,1.088,1.1344,1.122,1.1095,1.1621,1.1287
7.5139,8.2036,7.8468,7.2487,7.3931,7.6446,7.9603,7.9884,8.0927,7.5607
19,17,17,19,21,15,16,18,17,15
21,21,23,24,25,20,26,24,23,18
283.34,468.11,367.16,705.45,312.54,171.18,190.15,200.04,198.6,249.36
283.34,468.11,367.16,705.45,312.54,171.18,190.15,200.04,198.6,249.36
27.942,35.953,31.842,46.336,28.197,30.194,32.027,36.904,34.053,39.796
0.80181,1.6988,1.3097,2.7288,0.5195,0.88634,0.90244,1.0439,1.1107,1.2922
14.004,24.315,21.388,38.684,12.653,3.9785,4.0841,4.6766,4.3922,5.0325
258.73,408.66,339.48,625.05,274.22,21.832,20.385,22.982,18.747,28.032
-25.729,-28.909,-33.032,-64.117,-28.939,-8.2948,-8.8049,-9.3037,-10.187,-12.516
-27.309,-27.979,-25.442,-22.555,-25.463,-19.438,-24.886,-20.432,-18.748,-17.763
1.7978,2.4665,1.6786,3.7313,2.3594,2.4886,2.4406,2.6546,4.7219,2.8546
61.703,61.508,60.45,55.996,57.485,62.986,65.771,67.31,65.66,66.723
12.892,12.137,12.6,12.338,13.376,12.047,11.619,12.563,12.562,12.92
94,92,93,101,100,96,105,98,97,107
10,12,9,7,4,11,21,10,21,20
4120.3,4025.9,4355.1,3185.2,3156.9,4570.4,4324.5,5138.5,4948.5,5719.7
8.4688e+07,7.5152e+07,7.8918e+07,6.4678e+07,6.5041e+07,8.3958e+07,8.0081e+07,9.0053e+07,9.2868e+07,1.0138e+08
0.43294,0.45159,0.4757,0.41312,0.43676,0.34179,0.31488,0.44898,0.3839,0.48945
1571.7,1990.1,1256.2,4075.4,1923.3,389.35,359.17,2097.6,2719.8,5435.5
