13333,14005,13619,13852,14170,9263.5,9959.8,9984.2,9829.7,10625
17474,18716,18849,18321,18822,12907,13078,12310,13430,13468
2414,2564,1943,1873,1913,3057,2853,1938,2000,1885
793,944,621,632,520,407,1053,210,955,193
0.6715,0.63183,0.68039,0.66257,0.72818,0.86686,0.63091,0.89164,0.5225,0.89761
22441,21596,22490,21745,21596,25767,23682,24823,24178,27107
4.5436,3.735,4.3417,3.8405,4.7184,1.3623,1.2522,1.2878,1.2018,1.5958
6,5,3,7,3,5,45,3,51,2
3740.2,4319.2,7496.7,3106.4,7198.7,5153.4,526.27,8274.3,474.08,13554
1.0004,0.99897,1.0042,0.99781,1.0066,0.95037,0.97904,0.9568,0.97192,0.95844
1.0531,1.0517,1.0829,1.0771,1.0821,1.0787,1.1296,1.1058,1.1376,1.1706
2.7533,2.6772,2.6003,2.5209,2.5393,4.5848,5.1347,5.1081,5.335,4.6831
7,6,7,6,11,10,7,7,7,8
12,7,7,19,8,10,10,11,10,12
149,114.84,131.33,245.93,345.81,248.07,252.8,316.89,331,364.72
149,114.84,131.33,245.93,345.81,248.07,252.8,316.89,331,364.72
29.56,26.654,31.099,34.632,41.041,42.288,44.076,58.295,59.317,63.99
0.73545,-0.0019563,0.020538,1.4691,3.0144,1.4029,1.4424,2.1835,2.0438,2.1218
10.513,1.3052,1.2339,18.299,28.917,5.4293,5.3517,7.5629,7.5952,8.139
134.1,6.1391,3.1016,206.88,314.62,27.129,26.597,28.252,33.916,36.323
-13.42,-4.82,-4.96,-20.939,-16.332,-12.537,-11.825,-15.023,-13.978,-18.162
-1.1998,2.081,-4.417,1.6335,-0.19345,-18.794,-14.232,-12.162,-20.028,-14.034
5.5021,4.9161,7.6128,5.7309,4.8523,7.4804,6.8544,11.04,10.894,12.467
91.172,93.413,89.649,102.14,99.078,60.37,60.924,63.802,66.946,69.229
31.292,35.772,22.886,38.031,44.429,13.887,15.284,16.864,16.008,14.608
243,255,185,255,255,90,101,110,119,115
23,22,19,11,9,10,7,16,11,29
1408,1265.7,1395.1,1343.3,1168.2,3369.5,3388.6,3947.8,2960,3773.8
3.1596e+07,2.7334e+07,3.1375e+07,2.921e+07,2.5227e+07,8.6823e+07,8.0248e+07,9.7995e+07,7.1567e+07,1.023e+08
0.28507,0.2189,0.26932,0.23724,0.25522,0.17815,0.17917,0.20481,0.14713,0.22217
1582.9,2036.2,3871.8,1594,3438.6,3387,763.96,8087.5,920.22,13504
