17360,17238,17189,17397,17284,15767,15098,15724,15926,15097
13779,13704,14068,13986,14309,10821,11232,11055,11121,10777
27219,7981,8342,7831,7691,8813,7244,6594,5042,5276
20084,2027,2098,1994,1743,5314,3801,3786,2487,743
0.26213,0.74602,0.7485,0.74537,0.77337,0.39703,0.47529,0.42584,0.50674,0.85917
21596,18916,18618,18667,18667,24178,24823,23483,23781,23384
1.9486,1.7254,1.7172,1.6484,1.741,0.96492,0.95396,0.90668,0.94003,0.87436
20,18,12,8,8,170,97,134,122,9
1079.8,1050.9,1551.5,2333.4,2333.4,142.22,255.91,175.25,194.93,2598.2
1.0057,1.002,0.98972,1.0059,1.0057,1.0477,1.0679,1.0792,1.0458,1.0617
0.92876,0.93359,0.94694,0.94989,0.95199,0.96683,0.99546,1.0388,0.96935,1.0163
6.4886,7.1273,7.1381,7.2495,7.0505,10.403,10.577,11.203,11.138,10.991
32,26,25,29,27,16,22,21,20,22
39,35,33,34,31,25,24,25,29,29
492.06,689.49,260.54,375.29,155.57,342.43,374.77,442.88,432.42,413.2
492.06,689.49,260.54,375.29,155.57,342.43,374.77,442.88,432.42,413.2
26.882,35.571,20.152,24.384,19.437,49.207,62.18,60.196,66.7,64.296
1.3397,1.9098,0.43884,0.64469,0.40412,1.2092,1.7843,1.7886,1.9367,1.7398
21.527,29.941,10.392,15.263,7.7215,5.5168,7.4693,7.318,7.6079,7.4569
443.86,625.29,235.93,351.19,143.47,34.236,42.237,49.222,41.697,41.973
-28.795,-62.529,-24.758,-32.618,-15.057,-18.304,-21.047,-19.348,-24.055,-22.133
-25.327,-18.448,-19.992,-20.997,-20.326,-26.877,-26.371,-26.172,-27.043,-26.516
2.0421,1.9829,2.1348,2.619,2.8782,3.0374,4.3718,3.7879,3.7682,3.7821
81.679,83.771,87.902,85.38,81.126,58.549,65.541,66.528,61.984,64.236
16.557,14.087,12.645,14.841,15.464,11.794,13.512,13.138,12.84,11.966
130,125,136,147,163,97,98,105,106,111
11,6,16,14,21,13,8,13,18,12
2141.6,2619,2971.2,3081.7,3014.1,6498.3,7136.4,7026.4,6767.5,9250.6
4.625e+07,4.9542e+07,5.5318e+07,5.7526e+07,5.6264e+07,1.5712e+08,1.7715e+08,1.65e+08,1.6094e+08,2.1632e+08
0.19323,0.2389,0.27405,0.27214,0.28111,0.25934,0.27426,0.27129,0.26751,0.34589
1762.3,1873.2,2752.7,4207.1,4123.5,489.46,671.01,605.89,692.71,2359.5
