15438,15636,15836,15735,15762,17775,16658,16469,16463,16758
11313,11303,11201,11018,11149,13043,15681,15558,15130,15142
32276,29753,18186,17756,17205,4750,9963,12891,13265,10985
3409,5578,3207,2984,2222,480,3736,2913,6933,1871
0.89438,0.81252,0.82366,0.83194,0.87085,0.89895,0.62501,0.77403,0.47735,0.82968
25320,25419,25519,25370,24972,27653,29639,29837,30682,30036
2.8792,2.8513,2.8625,2.7709,2.6574,1.3997,1.1443,1.2833,1.2799,1.1706
39,33,23,29,6,6,143,15,308,10
649.23,770.27,1109.5,874.83,4162,4608.8,207.27,1989.1,99.617,3003.6
0.98344,0.98041,0.9791,0.97561,0.97724,0.93011,0.99708,0.98632,0.96461,0.97287
0.96342,0.95977,0.94856,0.95479,0.97057,1.1885,0.93789,0.91643,0.94505,0.91134
10.142,10.207,11.254,11.238,11.309,9.6492,13.774,13.969,13.857,13.812
80,68,62,61,63,31,52,58,60,56
84,98,81,77,69,38,63,68,72,61
199,423.3,345.81,507.83,596,398.88,347.6,338.45,303.03,290.53
199,423.3,345.81,507.83,596,398.88,347.6,338.45,303.03,290.53
11.798,16.436,19.68,21.484,24.621,63.136,47.39,38.757,36.816,43.708
0.47977,0.58671,0.4261,0.88474,0.75801,1.8624,1.3603,1.0824,1.14,1.2579
8.8296,12.153,10.326,15.869,16.312,7.9296,5.8209,4.8363,4.8168,5.4722
191.94,388.79,318.17,465.5,506.6,46.29,34.859,30.636,31.023,32.039
-17.704,-25.602,-31.826,-46.139,-55.63,-19.189,-16.214,-18.455,-15.925,-15.803
-15.729,-16.374,-17.363,-16.807,-15.885,-25.528,-27.553,-25.823,-27.963,-27.208
0.75175,0.71282,1.7837,1.4949,2.1873,3.8663,4.8101,4.9216,4.1879,4.4734
95.431,99.776,90.886,94.682,89.413,61.268,68.691,65.763,65.452,66.195
18.539,19.093,19.093,21.362,17.823,12.781,11.94,13.489,13.837,12.539
176,239,188,255,167,110,122,122,117,122
12,3,31,4,30,27,23,11,5,25
4218.6,4237.1,4568.2,4410,4489.5,8093,9976.7,10033,8143.7,9309.3
1.0681e+08,1.077e+08,1.1658e+08,1.1188e+08,1.1211e+08,2.238e+08,2.957e+08,2.9936e+08,2.4986e+08,2.7961e+08
0.47971,0.47528,0.51242,0.48165,0.47775,0.40963,0.38519,0.43154,0.3397,0.36281
735.01,792.39,1889.8,1513.6,7376.8,6310.5,828.48,5233.3,547.83,7703.7
