16893,15852,14099,14142,14386,14272,12997,11244,11052,10312
23397,25820,23823,23865,23818,15648,15146,13320,14682,13728
5969,6900,6459,6730,10085,5177,7621,7270,5258,5347
126,297,315,355,427,64,117,117,113,64
0.97889,0.95696,0.95123,0.94725,0.95766,0.98764,0.98465,0.98391,0.97851,0.98803
19759,20802,20504,20703,20753,21298,19163,17277,16831,15291
2.412,2.6567,2.6186,2.2914,2.5713,1.4374,1.6744,1.7279,1.3565,1.6067
10,10,7,11,12,6,10,10,8,6
1975.9,2080.2,2929.1,1882.1,1729.4,3549.7,1916.3,1727.7,2103.9,2548.5
1.0067,1.0073,1.0093,1.0071,1.0108,1.0097,1.0121,1.0096,0.99303,1.0315
1.0026,0.97859,0.98028,0.95423,0.96354,0.99335,1.0397,0.96663,0.96612,0.95879
4.6397,4.6671,4.694,4.7631,4.9276,9.031,7.3316,5.9829,8.8529,6.8747
20,25,20,25,27,25,19,13,17,13
22,25,24,26,26,23,27,25,23,24
129.62,246.13,438.8,298,191.31,468.11,610.09,241,887.33,391.47
129.62,246.13,438.8,298,191.31,468.11,610.09,241,887.33,391.47
12.444,16.992,22.195,18.548,11.997,32.677,30.457,17.745,46.427,25.034
0.19479,0.78703,1.1754,0.62592,0.50307,1.3653,1.4393,0.2775,2.6734,0.93233
4.5504,13.642,19.179,13.405,8.7794,22.078,24.659,8.13,39.103,17.531
105.01,233.83,414.19,261.25,175.69,439.77,549.58,216.9,787.69,363.13
-12.1,-24.613,-40.755,-26.82,-17.826,-22.487,-54.968,-21.69,-42.068,-35.241
-6.7302,-5.9074,-9.0248,-6.5046,-3.7081,-12.651,-5.3802,-11.429,-12.142,-8.7852
3.3742,2.6744,3.1738,3.2803,2.1474,4.4408,3.0953,2.2035,1.8977,3.2319
84.513,80.954,85.048,87.602,93.066,64.165,74.369,75.486,69.057,70.142
19.792,14.903,20.803,20.459,22.72,12.406,13.904,14.043,12.458,12.517
138,123,162,157,186,99,120,117,103,104
11,25,21,29,31,15,32,23,25,16
1406.3,1472.7,1473.3,1418.6,1457,4381.5,2436.6,1733.1,3987.4,2375
2.7788e+07,3.0634e+07,3.0209e+07,2.9369e+07,3.0236e+07,9.3317e+07,4.6693e+07,2.9942e+07,6.7113e+07,3.6317e+07
0.17167,0.18808,0.18816,0.15701,0.18052,0.29571,0.2129,0.17332,0.32136,0.24956
185.35,150.6,210.09,380.33,238.63,262.24,138.14,159.47,374.81,270.56
