12880,11808,13878,12834,17515,12629,13929,12069,13214,13241
11244,9413.5,10380,7391,15312,10258,10862,10611,10383,10829
9844,8442,6689,9003,10385,6547,6969,4438,5432,4093
117,289,75,146,157,2799,106,1979,64,1151
0.98811,0.96577,0.98879,0.98378,0.98488,0.57248,0.98479,0.55408,0.98822,0.71879
27157,27355,27802,27306,29738,29937,30384,31179,30781,30533
4.6005,4.6341,4.9103,5.5275,3.0476,2.3011,2.5736,1.8754,2.012,1.9956
10,12,7,11,12,179,6,117,4,72
2715.7,2279.6,3971.7,2482.4,2478.2,167.25,5064,266.49,7695.2,424.07
0.99549,0.99556,0.98418,1.006,0.96888,0.97556,0.97228,0.98969,0.98217,0.97929
1.0365,1.0931,1.1029,1.0379,0.97401,1.0861,1.0721,1.0829,1.1072,1.1259
2.8362,2.8335,2.7253,2.673,3.3744,3.7973,3.8001,3.6069,3.7824,3.84
18,21,16,18,21,15,15,14,17,15
47,34,38,32,47,40,37,23,32,26
130,249,155.57,156.34,130,119.2,146.61,178.82,175.74,180.76
130,249,155.57,156.34,130,119.2,146.61,178.82,175.74,180.76
10.023,14.66,13.191,12.937,16.436,21.057,22.23,29.393,27.354,31.121
0.29762,0.53582,0.26312,0.27831,0.17244,0.58654,0.56176,0.83949,0.78744,0.97305
6.0369,10.25,6.0232,6.0051,4.3556,2.8929,2.6912,3.63,3.5536,4.1118
130,229.2,145.67,151.34,120.1,17.747,14.942,18.051,22.109,22.313
-13,-22.585,-15.057,-13.31,-15.634,-7.8239,-7.8204,-9.0156,-8.7916,-10.239
-3.9079,-3.4982,-2.6069,-1.4221,-7.2535,-3.3136,-12.604,-11.221,-9.1933,-5.4531
2.1164,3.1722,3.2476,2.266,1.4887,3.8825,3.3963,6.3377,4.3406,5.4432
90.504,78.792,83.851,78.667,66.051,67.553,69.847,69.51,76.566,68.114
25.532,14.268,13.869,18.022,11.601,11.323,11.286,11.77,14.545,12.347
240,129,164,157,102,101,115,108,126,104
36,12,31,25,6,18,22,18,18,8
681.26,878.49,898.27,831.75,2874.7,2573.3,3270.4,2218,3217.5,2827
1.8501e+07,2.4031e+07,2.4974e+07,2.2712e+07,8.5487e+07,7.7036e+07,9.9368e+07,6.9156e+07,9.9039e+07,8.6315e+07
0.11541,0.14882,0.15865,0.16837,0.2946,0.19779,0.27701,0.13342,0.21031,0.18477
125.16,266.85,48.361,113.26,135.12,176.83,84.2,313.83,181.86,275.43
