17278,16179,16327,16286,15973,14635,15395,15476,15253,14399
18870,15383,15488,15592,15680,14888,14396,14579,15306,15911
6580,5819,5799,10385,8352,6078,5495,4610,4094,4609
205,20,75,135,0,1765,64,42,1205,1247
0.96884,0.99656,0.98707,0.987,1,0.70961,0.98835,0.99089,0.70567,0.72944
16284,16433,16583,16136,16036,17625,18221,17724,17476,18617
2.2161,2.4801,2.6473,2.3501,2.5119,0.7352,0.77566,0.76628,0.74013,0.73591
10,2,7,10,1,110,4,3,76,78
1628.4,8216.5,2369,1613.6,16036,160.23,4555.2,5908,229.95,238.68
0.99455,0.9944,0.99788,0.99856,0.99825,0.94627,0.96355,0.97113,0.9742,0.96773
1.0237,1.0347,0.98928,1.0222,1.0324,0.99916,1.0186,0.99568,1.0211,1.0107
5.7383,5.6206,5.4904,5.3473,5.2233,11.281,11.676,11.11,12.344,11.329
33,26,26,26,23,25,24,29,26,28
24,27,27,28,31,25,29,31,25,26
232.38,423.3,383.26,283.34,260,266.67,318.82,320.8,395.63,390.18
232.38,423.3,383.26,283.34,260,266.67,318.82,320.8,395.63,390.18
16.706,22.457,23.555,14.081,12.417,43.657,48.679,55.459,68.909,61.914
0.62047,0.97034,1.1133,0.7721,0.30801,1.0991,1.363,1.4036,1.8507,1.6138
10.599,17.847,17.428,11.619,8.7161,5.1329,5.9227,6.3642,8.4905,7.294
204.05,388.72,333.18,267.71,244.37,31.45,34.023,36.92,44.205,43.793
-20.779,-37.649,-32.381,-28.249,-24.437,-11.391,-14.575,-14.586,-21.872,-24.357
-26.727,-26.139,-23.487,-24.771,-23.781,-38.093,-41.814,-40.659,-42.203,-40.68
2.396,2.9947,3.0619,1.3733,1.5627,3.4439,3.8643,4.4368,4.3835,4.7268
80.891,96.547,90.463,94.526,94.267,73.809,73.75,70.369,72.35,72.713
29.081,30.498,21.01,18.613,24.53,13.628,12.741,11.329,12.297,12.095
220,255,184,155,220,111,108,104,110,109
5,28,21,17,26,9,15,22,19,23
2285.7,2159.1,1925.4,1714.3,1771.5,4440.9,5822.8,4798.2,4923.5,4212.4
3.7221e+07,3.5481e+07,3.1929e+07,2.7661e+07,2.8408e+07,7.8271e+07,1.061e+08,8.5044e+07,8.6043e+07,7.8422e+07
0.31107,0.32586,0.30738,0.24967,0.27749,0.18525,0.24788,0.20745,0.20852,0.16651
252.82,0,222.84,71.748,0,368.54,466.29,757.14,567.45,468.61
