13277,12346,12584,11418,13182,15163,14373,14253,15212,14927
17969,24891,23677,25650,24289,10703,10869,11497,11071,11201
14838,7979,13484,14432,15813,4151,3391,3640,3682,3094
1935,559,560,586,594,1882,193,1106,1136,1395
0.86959,0.92994,0.95847,0.9594,0.96244,0.54662,0.94308,0.69615,0.69147,0.54913
17079,15242,15739,14150,16781,18071,17228,18618,18568,17923
1.2015,1.4058,1.221,1.3348,1.2113,1.0639,0.99308,1.0884,1.1251,1.1021
9,7,10,9,12,110,2,60,62,81
1897.7,2177.4,1573.9,1572.2,1398.4,164.28,8614,310.3,299.48,221.27
0.99425,1.0027,0.9988,0.9972,0.97574,1.0683,1.0777,1.0756,1.0439,1.0506
1.0194,1.124,1.0741,0.95392,1.1107,1.0145,0.99495,0.99305,0.96042,1.0032
6.7861,5.7791,6.2031,6.2733,6.0211,7.9333,7.5695,7.2749,7.2079,6.9355
22,20,18,20,12,13,16,15,14,12
24,20,18,19,20,20,22,21,20,17
176.51,103.52,64.251,101.68,73.087,194.29,218.84,258.19,266.87,247.83
176.51,103.52,64.251,101.68,73.087,194.29,218.84,258.19,266.87,247.83
18.378,17.718,10.999,11.937,10.729,37.392,44.818,44.563,43.948,44.725
0.25412,0.42816,0.26676,0.22459,0.24444,1.1085,1.3017,1.3319,1.1745,1.3044
2.0421,2.2701,1.7737,1.7146,1.718,4.5809,5.3897,5.4446,5.4199,5.2944
14.465,10.322,7.6777,12.06,12.02,19.567,22.255,27.765,34.01,24.618
-7.4821,-5.7984,-4.9031,-6.1968,-4.9226,-9.199,-10.042,-11.214,-15.802,-10.445
-17.224,-12.491,-10.827,-8.7602,-12.318,-19.703,-22.997,-20.458,-19.426,-21.397
0.96459,1.8073,1.2711,0.99803,1.1841,4.1272,5.1562,4.7154,4.7501,5.4452
65.037,79.046,77.536,79.083,74.137,66.373,65.377,66.175,70.429,71.171
13.264,12.617,14.284,14.229,14.614,11.622,11.357,12.483,13.311,13.463
111,115,129,128,127,105,109,119,114,123
1,17,13,15,20,24,11,14,26,27
1560.9,1223.2,1355.2,1603.8,1352.7,1855.9,2783.6,2236,1874.1,1600
2.6658e+07,1.8644e+07,2.133e+07,2.2693e+07,2.2699e+07,3.3538e+07,4.7955e+07,4.1629e+07,3.4798e+07,2.8677e+07
0.10981,0.11282,0.10514,0.15128,0.097638,0.10926,0.16045,0.13071,0.11355,0.098384
1398.6,416.72,169.94,75.293,140.22,373.55,3132.4,410.4,424.66,418.3
