16917,15225,16204,15483,16217,16237,18455,17816,16781,16582
16797,18103,18417,19042,18908,18520,19363,18055,19011,19107
5348,4326,3675,3795,3635,4256,4517,4997,15843,4396
851,863,873,944,834,574,644,1065,8287,783
0.84088,0.80051,0.76245,0.75125,0.77056,0.86513,0.85743,0.78687,0.47693,0.82188
17773,16483,17029,17327,17774,23334,25022,24923,24923,22391
1.7777,1.3031,1.285,1.2958,1.2942,1.5877,1.8061,1.7241,1.3262,1.4869
3,6,9,7,6,6,7,9,16,7
5924.3,2747.2,1892.1,2475.3,2962.3,3889,3574.6,2769.2,1557.7,3198.7
1.0035,1.0084,1.0265,1.0292,1.0085,1.0252,0.98784,1.0003,0.99881,1.0057
1.0112,1.0242,1.014,1.0181,1.0084,0.98894,1.0138,0.99272,1.0104,0.97162
5.7639,5.9682,6.11,6.0765,5.9788,5.4691,5.5432,5.6014,12.016,5.7635
18,15,12,18,19,19,17,21,39,18
19,18,16,17,17,20,21,19,40,18
311.91,805.2,1062.2,246.13,217.67,656.25,275.51,375.29,1104,623.67
311.91,805.2,1062.2,246.13,217.67,656.25,275.51,375.29,1104,623.67
24.465,48.917,70.812,37.873,39.106,42.305,32.205,35.331,55.396,42.805
1.1106,2.1354,3.5515,0.72019,-0.0028447,2.0802,0.93271,1.2732,3.069,1.5943
16.169,38.694,57.397,13.868,1.6125,33.345,13.958,19.945,44.54,30.003
280.65,713.25,966.76,234.03,6.3567,601.65,252.22,362.29,998.38,567.01
-27.068,-69.407,-50.598,-23.313,-5.7457,-31.049,-24.093,-18.194,-52.326,-55.794
-38.787,-36.949,-38.708,-39.024,-42.18,-29.375,-32.504,-35.873,-36.349,-30.973
6.5576,8.8366,10.776,9.2287,9.9128,11.442,10.607,9.1904,9.3354,9.953
101.85,113.83,120.34,117.17,119.74,54.465,59.766,60.062,60.313,56.981
35.573,34.118,33.68,34.279,30.809,10.27,10.403,13.152,11.958,13.409
254,222,221,214,239,78,88,95,95,91
25,20,33,27,40,20,28,10,10,3
1695.3,1583.5,1732.2,1616.5,1759.2,2957,2958.7,3026.7,5590,3642.4
3.0131e+07,2.6101e+07,2.9498e+07,2.8008e+07,3.1267e+07,6.8999e+07,7.4034e+07,7.5435e+07,1.3932e+08,8.1557e+07
0.16956,0.12519,0.13072,0.12088,0.12809,0.2012,0.21357,0.20938,0.29745,0.24187
7730,3183.4,2183.8,2882.7,3376.8,3861.9,3678.6,2542.9,3594.9,3045.2
