12958,11765,11472,11354,12072,11377,10276,10653,11033,10951
21862,21906,22613,22532,22523,15885,15598,15838,14992,15635
7831,7111,8643,7280,10054,5578,5344,4360,4547,4838
3079,1617,1683,1617,3540,2731,927,504,1617,564
0.60682,0.77261,0.80528,0.77788,0.6479,0.5104,0.82653,0.8844,0.64438,0.88342
22887,19412,18518,20306,17426,23781,22887,24178,24724,25171
5.1339,4.4759,5.4901,5.1084,3.9098,2.4371,2.6026,2.6407,2.5337,2.4875
9,9,3,8,11,138,4,5,66,4
2543,2156.9,6172.7,2538.2,1584.2,172.33,5721.8,4835.6,374.61,6292.8
0.99149,0.99096,0.99278,0.98892,0.98898,0.98723,0.98613,0.97929,0.97596,0.98416
1.0548,1.0597,1.0257,0.96503,0.95639,0.99952,1.0072,1.0192,1.0173,1.0188
2.9689,3.3409,3.4558,3.2056,3.8323,4.576,4.1878,3.8855,4.0436,4.0292
14,16,14,18,24,22,22,20,20,19
22,26,30,23,24,25,26,23,24,25
149,100,260.54,191.94,156.97,122.02,120.78,145.95,142.65,145.95
149,100,260.54,191.94,156.97,122.02,120.78,145.95,142.65,145.95
12.224,10.412,15.855,11.398,10.532,21.079,23.214,27.299,26.337,25.408
0.46313,0.31083,0.91777,0.30167,0.29827,0.61229,0.59247,0.74331,0.70054,0.61638
8.0943,5.6815,14.256,8.1014,6.7173,2.9545,3.0072,3.4521,3.2459,3.1899
134.1,100,260.54,191.94,147.07,14.712,11.611,14.426,14.562,14.595
-13.41,-9.9,-26.054,-19.194,-14.707,-8.4916,-7.22,-7.5786,-10.09,-9.6897
-6.0023,-4.5726,-1.2779,-4.1454,-8.4723,-14.963,-15.561,-15.07,-11.569,-13.18
4.1271,3.0518,2.5217,3.105,2.2323,4.259,4.257,5.3936,5.4817,5.3592
60.171,59.448,63.394,60.305,58.485,63.098,66.848,72.552,72.821,69.383
11.048,10.302,9.9048,9.1139,9.9041,10.066,9.0147,10.661,11.265,11.542
88,93,92,91,92,98,98,99,102,97
11,10,16,12,13,18,38,29,31,19
621,756.71,752.13,749.26,1142.3,1669.2,1949.8,1803.7,1569.3,1615.9
1.4213e+07,1.4689e+07,1.3928e+07,1.5214e+07,1.9906e+07,3.9695e+07,4.4624e+07,4.3611e+07,3.8799e+07,4.0675e+07
0.1393,0.17448,0.22298,0.18849,0.25629,0.17106,0.22172,0.197,0.16082,0.15969
2039.4,1710.4,6443,2076.7,1245.1,313.31,5305.2,4491.3,438.92,6539
