13053,15292,13286,12558,12604,12478,12662,9541.2,13900,12190
14141,15726,13914,14330,14208,11166,11518,10044,10152,10974
4467,4476,4426,3645,3926,2754,2824,2603,14140,2684
64,93,62,53,53,42,0,31,7273,42
0.98567,0.97922,0.98599,0.98546,0.9865,0.98475,1,0.98809,0.48564,0.98435
16831,16384,16831,16334,16483,21844,19362,18369,19163,18767
2.451,2.305,2.2906,2.1185,2.1717,1.8504,2.1718,2.0607,2.0136,2.0771
6,7,5,5,5,4,1,3,8,4
2805.2,2340.6,3366.2,3266.8,3296.6,5461,19362,6123,2395.4,4691.8
0.96591,0.97711,0.96926,0.96619,0.97486,0.96266,0.98659,1.0279,0.97701,1.005
0.96812,0.99381,1.0215,0.99726,0.98811,1.0108,1.0343,0.98516,1.2514,1.0095
2.5153,2.3204,2.4979,2.5756,2.5501,3.9242,3.4657,3.2902,7.3144,3.1548
11,11,9,8,11,10,13,12,26,11
20,12,14,14,14,16,16,16,42,16
99,155.57,130.92,50.145,246.13,312.54,129.62,312.54,411.73,198
99,155.57,130.92,50.145,246.13,312.54,129.62,312.54,411.73,198
10.124,11.348,12.574,10.088,15.599,30.919,21.509,27.014,29.598,20.293
0.25291,0.26922,0.66939,-0.0045463,0.68283,1.519,0.38176,1.4875,1.5481,1.0055
4.726,6.5439,8.953,0.86097,11.898,20.237,7.1291,19.495,21.776,12.817
83.443,136.37,125.92,2.8334,222.03,273.39,117.52,271.32,374.27,178.87
-9.9,-13.637,-11.537,-4.9,-13,-28.805,-12.462,-27.128,-35.959,-10.9
-2.418,2.095,-0.77371,5.4376,0.1693,-13.204,-9.8579,-9.4383,-11.304,-11.388
3.4717,3.7238,3.5404,3.9614,3.9787,7.7969,6.2636,6.4168,5.1778,6.8117
87.699,94.056,89.825,89.626,92.339,65.451,68.576,62.668,63.641,64.785
13.397,16.19,15.767,14.87,17.938,12.104,13.508,12.478,10.696,12.763
121,140,127,134,168,95,99,98,112,93
21,11,23,21,32,17,11,13,6,16
720.55,219.1,572.89,675.23,684.09,1772.5,1131.3,731.76,1895.2,804.04
1.2128e+07,3.5898e+06,9.6423e+06,1.1029e+07,1.1276e+07,3.8718e+07,2.1904e+07,1.3442e+07,3.6317e+07,1.5089e+07
0.10493,0.030825,0.077965,0.087579,0.090131,0.15015,0.1269,0.082092,0.19914,0.088991
149.33,269.47,71.623,109.79,106.58,169.85,0,237.33,2488.7,263.1
