13068,13030,12942,13016,13055,13084,16612,13862,16812,18669
24373,26213,26263,25656,25985,14138,15056,14273,15608,15560
9109,5291,3932,3750,6213,2610,2885,2594,2157,2062
3923,1910,1833,1798,917,297,345,966,234,721
0.56933,0.63901,0.53383,0.52053,0.85241,0.88621,0.88042,0.6276,0.89152,0.65034
19363,19511,19363,16284,18965,20653,19710,18865,18071,20007
1.8911,2.131,2.3636,1.7555,2.1566,0.96858,0.9244,0.93216,0.86212,0.98271
4,84,101,97,4,2,4,45,2,34
4840.8,232.27,191.71,167.88,4741.2,10326,4927.5,419.22,9035.5,588.44
1.0122,1.0105,1.005,1.0074,0.98998,0.9436,0.95497,0.96413,0.96711,0.93789
1.0596,0.99789,1.0364,1.0138,1.1658,1.0484,1.1167,1.0835,1.0628,1.0534
3.8449,3.4896,3.2103,3.7535,3.8664,5.863,6.1654,5.96,6.7904,5.7975
11,9,9,9,21,10,12,10,13,12
18,13,11,11,19,15,17,14,12,13
69.162,72.4,75.112,75.059,72.889,313.36,313.36,289.2,362.63,337.2
69.162,72.4,75.112,75.059,72.889,313.36,313.36,289.2,362.63,337.2
12.46,13.323,13.831,15.322,13.462,53.082,55.419,51.163,63.498,59.504
0.38452,0.42788,0.60117,0.61561,0.42522,1.5379,1.4719,1.5127,1.7413,1.789
2.0097,2.062,2.3924,2.474,2.1445,6.3262,6.5164,6.2198,7.4137,7.2079
9.9936,9.5574,9.83,10.029,9.8453,33.482,36.153,27.158,41.189,33.72
-4.0167,-5.94,-4.82,-4.4186,-4.3424,-18.077,-17.112,-14.978,-20.585,-14.485
-9.2998,-11.155,-8.4559,-7.2986,-11.789,-14.06,-15.479,-17.537,-19.437,-7.4673
4.3237,4.8125,6.0826,5.4887,4.2363,10.707,8.3622,9.4528,9.9681,11.404
68.315,68.941,66.226,67.859,67.955,69.047,67,62.424,64.092,59.436
15.308,10.682,12.096,15.178,11.457,13.302,14.175,10.44,10.508,10.962
128,104,99,119,97,104,110,88,99,89
4,29,19,10,21,17,20,29,35,29
1989.9,1400.3,930.21,1034.4,1599.1,2991,2565.2,2085.5,2797,2169
3.8531e+07,2.7322e+07,1.8012e+07,1.6843e+07,3.0326e+07,6.1772e+07,5.056e+07,3.9343e+07,5.0544e+07,4.3396e+07
0.19435,0.15294,0.11355,0.11151,0.18184,0.14027,0.12031,0.10305,0.13344,0.10654
2578.1,216.97,216.91,197.65,2352.6,9890.5,3559.8,676.74,9299.5,945.37
