12496,13646,15585,13940,14079,8732.7,7988,7868.3,7422.4,7541.8
10621,11510,14134,13854,14952,25823,25218,26335,26630,26041
6603,5297,5000,5120,4620,3719,2478,2745,2828,2807
3190,590,2538,2641,479,1724,859,203,971,1303
0.51689,0.88862,0.4924,0.48418,0.89632,0.53643,0.65335,0.92605,0.65665,0.5358
14447,14447,14448,14447,15391,14001,14795,13504,13950,14447
2.665,2.665,2.4476,3.2414,3.2761,1.0663,1.2406,1.1557,1.1135,1.3325
76,4,118,121,4,95,43,2,49,71
190.09,3611.8,122.44,119.4,3847.8,147.38,344.07,6752,284.69,203.48
0.97778,0.96259,0.98455,0.98001,0.97895,0.97201,0.98045,0.97716,0.97929,0.97629
1.0454,1.0802,1.0624,1.0625,1.0551,1.0865,1.1587,0.9293,1.0022,1.0273
3.8261,3.9351,3.5855,3.6439,3.4674,8.3153,7.2651,7.0151,6.7591,6.2583
17,18,14,14,14,14,14,14,12,16
16,16,16,17,15,16,15,16,16,15
73.087,78.293,78.032,65.09,73.087,168.8,192.6,169.76,171.21,147.64
73.087,78.293,78.032,65.09,73.087,168.8,192.6,169.76,171.21,147.64
12.643,12.83,12.955,12.238,11.791,34.237,39.293,31.696,34.081,31.428
0.36685,0.38464,0.42762,0.4413,0.34712,1.0503,1.3474,1.0857,1.0919,1.0991
1.934,2.1234,2.0256,2.1384,1.9521,4.5513,5.3955,4.3673,4.718,4.3782
7.3975,10.448,10.388,7.6777,12.02,21.679,23.932,19.492,24.401,19.888
-4.82,-4.9226,-4.3377,-4.0167,-4.3424,-8.4437,-14.075,-7.779,-9.8239,-8.2963
-12.905,-9.8252,-12.327,-7.5185,-11.368,-18.367,-22.274,-16.086,-22.014,-17.253
3.5772,3.6041,4.0042,3.7527,4.338,4.9564,7.9963,6.0665,6.2078,6.6544
68.153,74.333,86.141,84.348,87.01,66.209,65.131,65.809,67.136,65.483
13.924,16.611,17.141,17.802,20.262,12.556,12.769,10.441,11.386,12.333
103,118,115,147,171,101,113,100,108,106
11,12,12,13,14,14,19,24,17,26
626.82,903.41,473.31,316.27,718.79,1813.1,1394.4,1704.6,1155.2,682.34
9.0557e+06,1.3052e+07,6.8383e+06,4.5692e+06,1.1063e+07,2.5385e+07,2.063e+07,2.3019e+07,1.6115e+07,9.8578e+06
0.11563,0.16665,0.080181,0.070961,0.153,0.13808,0.11692,0.14588,0.092209,0.062935
190.19,2504.5,152.14,151.11,1752.3,400,625,7741.9,477.19,418.68
