17532,16863,17250,16963,16882,18117,16258,17538,17075,18950
21273,22566,20805,20958,21679,16600,16441,16472,17043,16005
8342,7421,6168,5137,5157,4714,5438,4370,5375,3265
2129,2448,1715,1406,1304,2718,2209,2491,1245,1411
0.74479,0.67013,0.72195,0.7263,0.74714,0.42342,0.59378,0.42998,0.76837,0.56784
19610,21597,20951,21050,20951,22589,22738,22986,22342,21894
2.7131,2.8015,3.1057,2.5322,2.3189,1.1943,1.3292,1.0841,1.3248,1.5021
11,11,8,9,11,100,4,91,4,55
1782.7,1963.4,2618.9,2338.9,1904.6,225.89,5684.5,252.59,5585.5,398.07
0.99566,0.99375,0.99496,0.99302,0.99359,0.98058,0.97747,1.0044,0.9688,0.98641
1.0571,0.90581,0.92607,0.91035,0.92487,0.97253,0.94009,1.0137,0.92876,0.96918
3.4836,3.3169,3.3856,3.6554,3.7214,6.0684,6.2332,6.2038,5.9558,5.5068
21,13,19,15,19,15,16,14,16,14
20,17,18,17,19,18,18,17,18,17
156.34,156.34,149,130,374.33,270.22,256.89,291.19,211.99,200.71
156.34,156.34,149,130,374.33,270.22,256.89,291.19,211.99,200.71
10.2,10.789,14.265,12.691,22.645,37.939,42.628,41.835,32.216,38.471
0.19754,0.38235,0.78803,0.27306,1.0272,1.1534,1.3444,1.1608,0.98597,1.3678
5.8354,6.2723,10.669,6.1356,18.169,4.816,5.4417,4.9833,4.0462,5.4394
144.34,128.01,139.1,117.9,345.99,27.345,27.551,31.304,21.266,21.549
-14.072,-7.3387,-13.591,-11.437,-36.223,-14.739,-14.853,-13.858,-9.0757,-10.578
-2.0704,-11.835,-18.137,-18.256,-10.821,-21.352,-23.42,-21.959,-22.271,-17.934
1.0824,1.5965,1.5344,1.5074,1.0235,-0.43294,-1.4077,0.19746,0.055875,1.2943
61.374,59.2,58.388,56.775,58.429,68.11,68.884,74.785,74.05,73.089
12.76,12.958,12.794,13.327,13.17,15.066,15.037,15.57,16.383,15.154
97,87,96,85,91,100,106,119,129,109
12,6,6,9,13,16,13,22,11,23
1036.5,1184,1338.1,1619.4,1968,2942.3,4258.5,3196.8,3481.2,2260.5
2.0325e+07,2.5571e+07,2.8035e+07,3.4089e+07,4.1232e+07,6.6463e+07,9.683e+07,7.3481e+07,7.7776e+07,4.9491e+07
0.14339,0.15359,0.19836,0.19481,0.21782,0.15556,0.24893,0.15078,0.20641,0.15508
1347.2,1420.9,1651.3,1898.6,1325,531.65,8218.7,609.92,7572.7,727.62
