19163,15863,16008,15690,15732,14258,13846,11692,13109,16229
19758,9772.3,9992.8,9850,9942.8,11807,12175,10752,11756,9530.4
5208,5769,6859,6108,5348,5809,5488,4537,13519,4106
1375,1006,834,1717,1046,1215,1484,671,6589,603
0.73598,0.82562,0.87841,0.71889,0.80441,0.79084,0.72959,0.8521,0.51261,0.85314
23185,22937,22987,22888,23433,23731,21745,18568,22093,24675
3.6312,3.5929,3.6697,3.5185,3.2967,1.6836,2.0283,1.5261,1.6375,2.0484
13,10,9,12,10,7,6,2,3,6
1783.5,2293.7,2554.1,1907.3,2343.3,3390.1,3624.2,9284,7364.3,4112.5
0.97434,0.93534,0.93326,0.93395,0.93315,0.94164,0.9408,0.91165,0.93338,0.93611
1.1122,1.0974,1.092,1.1212,1.2156,1.0069,1.0814,1.1218,1.0524,1.056
5.406,5.6705,5.486,5.5321,5.5745,6.9656,6.4842,6.3992,10.315,5.8129
23,20,18,20,20,23,22,22,39,21
21,24,28,20,21,22,23,21,40,19
367.49,348,507.83,468.11,423.3,1133.4,801.96,504.5,824.83,502.14
367.49,348,507.83,468.11,423.3,1133.4,801.96,504.5,824.83,502.14
31.827,29.704,32.836,28.946,30.667,62.255,48.373,36.328,44.585,43.27
1.0138,0.87975,2.0826,0.85058,0.98882,3.3108,2.8602,1.8773,2.3835,2.6789
17.822,15.935,27.773,20.197,19.064,49.999,39.432,26.139,35.847,33.154
347.59,301.69,469.58,425.78,385.05,1009.7,716.96,442.49,737.09,463.82
-33.537,-32.045,-48.023,-42.978,-37.649,-54.478,-74.771,-46.545,-46.545,-45.207
-16.365,-19.985,-19.767,-20.168,-22.007,-24.473,-29.777,-23.973,-27.688,-28.476
7.9789,7.0736,5.0557,6.4044,7.9906,7.1162,8.5077,7.7171,8.0275,11.239
74.436,103.29,104.24,99.896,99.618,69.798,60.812,63.581,67.296,68.465
31.138,27.874,29.924,28.235,21.103,16.722,12.743,12.172,12.957,13.557
203,255,243,221,167,109,98,105,122,107
5,32,22,16,8,1,7,12,12,23
3371.4,3742.4,3376.5,3405.8,3457.5,7229.2,5326.6,5418.7,7123.1,5226.2
7.8165e+07,8.5839e+07,7.7616e+07,7.7952e+07,8.102e+07,1.7156e+08,1.1583e+08,1.0061e+08,1.5737e+08,1.2896e+08
0.52802,0.58621,0.53903,0.52356,0.48643,0.51289,0.49684,0.44536,0.52795,0.43385
2145.1,2749.3,2702.6,2084.7,2471.5,3713.8,4267.5,17166,14868,3315.4
