18318,18814,18459,18606,18406,12215,10923,11192,13916,13509
18257,19323,19496,19547,19675,14594,16006,19001,15616,11652
4756,3665,3675,4036,3766,4176,3825,4316,3515,3795
1055,864,1064,1244,1165,1424,1443,1415,1095,1325
0.77817,0.76426,0.71048,0.69177,0.69065,0.659,0.62275,0.67215,0.68848,0.65086
16184,16284,16433,16184,16184,18965,16085,13851,16383,14149
1.8403,1.8266,1.8687,1.9191,2.0052,1.1326,0.99641,0.71412,0.88888,1.0125
8,7,6,8,8,11,8,7,8,10
2023,2326.3,2738.8,2023,2023,1724.1,2010.6,1978.7,2047.9,1414.9
0.97866,0.98002,0.97809,0.9803,0.97949,0.99303,0.97491,0.9734,0.98252,0.96639
0.97576,0.96732,0.98281,0.97991,0.98525,1.1145,1.0823,1.0662,1.1316,1.0317
5.3142,4.9445,5.2742,4.8463,5.0425,6.7513,7.6254,8.0758,7.0118,6.8461
14,13,14,14,14,16,16,17,16,16
18,11,14,12,9,12,12,12,10,12
283.34,99,100,374.33,80.46,496,1092,246.13,98.335,84.578
283.34,99,100,374.33,80.46,496,1092,246.13,98.335,84.578
17.302,14.731,19.516,25.601,14.856,39.648,79.421,25.994,20.85,19.817
0.61865,0.23842,0.34721,1.0784,0.023302,2.3848,5.3389,0.69777,0.016606,0.064773
13.236,4.782,6.2397,20.345,1.0274,31.152,69.443,12.975,0.99495,1.0951
255.01,79.1,100,343.07,4.5877,435.18,967.31,221.54,3.5238,7.45
-26.778,-7.91,-8.7038,-19.9,-2.6907,-45.453,-99.76,-20.993,-2.458,-2.4512
-2.5009,-1.7869,-2.3977,-2.5848,-4.764,-16.058,-15.435,-2.9662,-6.4046,-3.1277
4.3171,6.3909,6.4804,3.9811,4.9699,6.212,8.5199,3.7458,4.715,3.4999
91.425,102,102.49,89.893,98.045,57.944,55.024,50.987,53.356,51.521
24.36,42.667,40.654,31.227,30.067,14.744,12.858,13.691,13.067,13.303
179,255,252,208,213,98,92,80,82,85
23,9,31,18,32,21,5,1,17,25
2500.6,2208.1,2464.7,2278.5,2298.5,8019.4,8551,8015.9,6798,4397.6
4.047e+07,3.5957e+07,4.0503e+07,3.6875e+07,3.7199e+07,1.5209e+08,1.3754e+08,1.1103e+08,1.1137e+08,6.2222e+07
0.28435,0.24769,0.28027,0.27019,0.28478,0.47894,0.5297,0.41328,0.36883,0.3147
2628.4,2951.5,3715.4,2478.5,2698.6,2305.2,3225.2,3272.6,3192.4,2159.4
