16493,16091,16350,16277,16637,12241,12076,10811,9885.1,8519.7
16226,16586,16502,16653,16475,10505,11553,10411,10753,11336
5588,3375,3285,3254,2954,2473,2624,3015,4817,2794
544,554,503,442,391,512,654,983,2885,1001
0.90265,0.83585,0.84688,0.86417,0.86764,0.79296,0.75076,0.67396,0.40108,0.64173
17724,17377,17178,17873,18121,16334,15639,17029,13702,12660
2.6273,2.4041,2.3766,2.432,2.2791,1.9651,1.9669,1.9102,1.5371,1.5231
6,6,6,4,2,5,5,3,2,2
2954,2896.2,2863,4468.2,9060.5,3266.8,3127.8,5676.3,6851,6330
0.99077,0.99607,0.99476,0.99715,0.99004,1.0199,0.98997,0.97465,0.98996,1.0221
1.0067,0.9809,0.99395,0.96831,0.96933,1.013,0.99387,1.0284,1.0397,1.0299
5.4243,5.2509,5.3105,5.0814,5.4543,6.9918,6.6264,6.3208,7.4739,7.1573
16,15,14,16,14,15,15,15,13,13
27,15,15,15,19,16,15,15,15,15
260.54,99,390.54,249,462.83,149,95.705,656.69,311.91,89.412
260.54,99,390.54,249,462.83,149,95.705,656.69,311.91,89.412
18.831,20.233,30.79,27.462,41.791,28.189,22.686,64.053,31.75,23.636
0.63586,0.29198,1.1147,1.0681,2.2978,0.56617,0.03131,5.266,1.2642,0.048068
11.835,5.261,21.008,15.154,29.959,9.0771,1.3407,59.406,19.013,1.398
232.21,87,351.39,225.85,411.77,125.85,3.8759,602.96,261.69,3.5814
-12.962,-4.47,-36.221,-21.92,-40.759,-12.987,-3.1254,-59.593,-29.277,-3.7422
-22.709,-23.265,-23.749,-24.329,-19.986,-35.584,-35.86,-33.99,-33.958,-39.976
5.5451,10.418,9.7746,10.958,12.663,14.758,13.702,14.503,13.324,11.609
110.96,93.201,94.577,95.666,99.023,66.554,60.104,56.99,53.205,57.822
45.135,27.722,23.094,25.371,36.023,14.549,12.939,11.165,11.262,11.752
255,238,211,224,255,97,89,82,79,90
30,41,38,26,29,25,17,26,16,26
2160.9,2113.3,2224.7,2002.3,2688.9,3352.9,3117,3143.1,3445.4,2826.9
3.8299e+07,3.6723e+07,3.8215e+07,3.5787e+07,4.8725e+07,5.4767e+07,4.8747e+07,5.3524e+07,4.7209e+07,3.5788e+07
0.32032,0.29238,0.30778,0.27246,0.33818,0.40339,0.39203,0.35256,0.38652,0.3401
3387.1,3648.3,3549.6,5566.4,16246,4606.6,4467.2,8847,14565,13918
