15834,15961,15811,15839,15763,17076,15989,16830,17420,16682
10380,10892,10757,11136,11222,16172,16810,16998,16363,16783
9003,8202,7841,6870,7440,6078,5359,8870,6312,7109
2521,2030,1568,1638,1653,2394,2367,3068,2462,1434
0.71998,0.7525,0.80003,0.76157,0.77782,0.60612,0.55831,0.65411,0.60995,0.79828
19809,19958,19710,19065,20404,25369,24674,24426,25618,23930
2.6102,3.0121,2.6389,2.4349,2.6886,1.1083,1.0504,1.0241,1.0424,0.9643
15,12,12,12,6,95,81,5,97,8
1320.6,1663.2,1642.5,1588.8,3400.7,267.04,304.62,4885.2,264.1,2991.2
0.98164,0.99866,0.99166,0.99562,0.9935,0.99099,0.97463,0.94873,0.95792,0.96449
0.97384,0.97766,0.98631,1.0028,0.9944,0.99072,1.0642,1.0313,1.0264,1.0422
7.8701,7.7804,8.1994,7.9438,7.8927,11.56,10.93,12.313,11.749,13.686
32,26,28,26,26,26,25,28,27,32
32,28,28,28,28,26,23,31,25,27
149,438.55,608.16,383.26,345.81,299.96,288.61,309.04,306.02,260.51
149,438.55,608.16,383.26,345.81,299.96,288.61,309.04,306.02,260.51
19.404,24.708,32.188,24.405,25.803,51.133,52.222,48.72,54.358,50.934
0.16334,0.77672,1.3289,0.78194,1.0597,1.6208,1.9167,1.3722,1.6926,1.6156
5.1978,16.653,25.361,15.847,17.826,6.4244,7.1102,5.7542,6.8156,6.2389
129.87,388.4,565.83,344.93,307.49,31.891,30.189,36.055,33.728,27.795
-14.9,-39.737,-55.226,-35.113,-33.018,-14.731,-15.095,-14.285,-15.457,-11.032
-19.457,-15.494,-18.174,-19.662,-18.068,-34.261,-34.603,-32.841,-34.155,-31.628
-1.9869,-2.3439,-2.5758,-1.0185,-2.3941,-2.2123,-0.87863,-2.0102,-1.5722,-1.9536
86.104,93.111,88.706,91.257,97.709,74.415,75.319,76.61,73.232,66.308
17.567,16.958,15.676,17.063,17.728,15.538,16.263,16.464,15.041,13.345
124,146,129,123,144,123,119,134,155,107
11,0,23,15,27,9,15,14,26,13
3005.2,2766.5,3379.7,3513.2,3053.5,9524,8268.6,10570,9540.3,11135
5.953e+07,5.5213e+07,6.6614e+07,6.698e+07,6.2303e+07,2.4162e+08,2.0402e+08,2.5818e+08,2.444e+08,2.6647e+08
0.396,0.41752,0.4525,0.44869,0.40235,0.4161,0.35199,0.44314,0.38819,0.44871
1917.3,2317,2137.6,2325,4587.7,942.43,966.6,11718,851.65,6583.5
