19206,19636,20874,19804,23103,12213,12778,13069,12950,12633
19872,19569,18756,19532,18662,14424,14409,17006,14908,14685
2584,8833,5447,11246,10155,4135,3687,3791,4343,3072
42,2079,84,3182,119,1867,1195,1603,1335,980
0.98375,0.76463,0.98458,0.71705,0.98828,0.54849,0.67589,0.57716,0.69261,0.68099
12015,9879,11568,11965,11469,10277,9632,11220,9433,9631
1.0498,1.0251,0.91454,1.0796,0.88976,0.3693,0.33594,0.53836,0.32763,0.36339
4,9,7,13,11,109,66,102,75,59
3003.8,1097.7,1652.6,920.38,1042.6,94.284,145.94,110,125.77,163.24
0.95025,0.9786,0.90825,0.91807,0.91861,0.96874,1.0818,0.96614,0.97941,0.96135
0.99573,0.99939,1.007,0.91248,0.99943,1.0226,1.0602,1.07,1.0123,1.0186
5.956,6.8571,7.0806,6.8039,7.3528,12.984,13.929,10.727,14.148,13.071
14,10,11,18,34,9,8,8,10,10
14,26,17,20,16,15,10,10,12,14
866.17,374.59,374.59,74.962,198,241.2,293.42,196.82,242.84,337.35
866.17,374.59,374.59,74.962,198,241.2,293.42,196.82,242.84,337.35
62.212,22.37,23.075,14.325,13.481,47.182,51.72,41.321,42.891,63.686
3.6947,0.46514,0.679,0.001478,0.29418,1,1.4441,1.0848,1.1552,1.3908
52.431,13.396,15.216,0.6971,6.8237,5.1303,6.2983,4.7195,5.0481,6.906
805.16,348.54,350.49,2.8282,183.1,29.173,38.959,26.962,31.446,38.712
-79.121,-35,-33.806,-2.6177,-17.81,-14.131,-14.726,-8.7776,-13.302,-15.839
-32.174,-26.656,-26.236,-14.21,-14.247,-37.171,-40.794,-29.433,-36.319,-38.691
3.8559,-0.11258,-0.4105,-0.11065,-0.3386,-0.58883,-0.20551,1.2921,0.48158,0.049456
60.954,61.429,71.954,63.351,69.095,66.977,67.538,71.226,66.745,66.234
11.676,13.006,14.559,18.508,12.576,10.81,13.569,13.203,13.207,12.166
88,97,113,135,119,95,106,112,114,115
5,3,13,3,14,15,13,19,16,12
2288,2096.4,2825,3599,3404.3,3932.9,4624,4412.8,4889.4,3778.8
2.749e+07,2.0711e+07,3.2679e+07,4.3062e+07,3.9044e+07,4.0419e+07,4.4539e+07,4.9512e+07,4.6122e+07,3.6394e+07
0.19991,0.21754,0.22334,0.32473,0.2641,0.14133,0.16127,0.21174,0.16982,0.14258
340.12,186.75,150.94,121.15,66.855,358.05,429.79,315.6,394.25,362.94
