14570,14802,15200,14572,14142,16623,17706,16751,16434,15572
15340,15244,15311,15602,16272,15090,15522,14108,14689,14772
5167,3936,4206,4606,5167,3765,4747,3956,3706,4276
474,324,424,454,534,53,50,55,123,62
0.90826,0.91768,0.89919,0.90143,0.89665,0.98592,0.98947,0.9861,0.96681,0.9855
17624,19611,19809,18816,19561,18965,20752,18419,19461,20753
2.0603,2.2298,2.0817,2.0826,2.3199,1.6399,1.8724,1.4701,1.5534,1.9141
7,6,6,5,7,5,2,6,8,5
2517.7,3268.5,3301.5,3763.2,2794.4,3793,10376,3069.8,2432.6,4150.6
1.0272,1.0056,1.003,1.0029,1.0027,1.0041,1.0043,1.0048,1.0128,1.0219
0.97894,0.98069,0.98063,0.97722,0.97424,1.0197,0.992,0.99108,0.98024,0.98748
6.565,6.0437,5.9437,6.0033,5.8467,7.365,7.1802,6.8503,7.1041,6.7928
17,17,17,17,18,15,18,15,15,15
21,18,18,18,21,19,18,17,18,22
437.98,500.73,311.91,156.97,1011,521.46,423.3,542.52,447,437.98
437.98,500.73,311.91,156.97,1011,521.46,423.3,542.52,447,437.98
32.62,40.269,35.933,23.981,51.162,38.895,28.588,34.266,31.923,37.752
1.3029,1.5994,1.2106,0.62332,2.4932,1.661,1.0209,1.1322,1.2357,2.1871
22.475,25.962,18.542,10.201,45.214,26.869,18.292,24.602,22.732,28.718
418.85,459.42,288.67,152.07,928.08,471.04,376.99,485.9,431.44,396.72
-23.221,-44.858,-28.431,-14.142,-90.537,-45.806,-40.84,-48.831,-39.108,-40.672
-24.938,-22.587,-27.188,-22.817,-25.52,-37.774,-34.324,-30.773,-34.384,-35.398
6.2993,8.2375,6.8527,7.4859,8.963,4.0792,1.4492,4.0431,6.6934,6.3558
97.748,92.637,90.813,93.145,90.801,48.841,52.643,51.214,46.24,51.64
18.082,16.523,16.322,18.672,19.375,11.545,11.616,9.1415,9.9008,9.8335
219,192,178,162,172,83,85,77,76,80
32,40,21,7,17,9,10,6,21,17
2833,2947.8,2609.7,2930.8,2232.9,4058.2,2820.2,3288.3,3533.1,3787.4
4.993e+07,5.7809e+07,5.1695e+07,5.5145e+07,4.3678e+07,7.6963e+07,5.8525e+07,6.0567e+07,6.8757e+07,7.86e+07
0.3312,0.33517,0.27424,0.32438,0.26481,0.3509,0.25446,0.26245,0.28201,0.34933
1887.6,2264.2,1642,3218.2,2487,358.72,3790.2,419.37,418.46,253
