13197,13297,13260,12861,13123,20604,13311,15628,17734,14608
18180,17548,17513,17352,17057,23130,9562.5,10171,12746,13807
6809,5598,7581,6028,6469,10775,12338,8673,9894,33238
1917,1367,2520,1551,1727,4723,5855,2480,3121,19791
0.71846,0.75581,0.66759,0.7427,0.73303,0.56167,0.52545,0.71406,0.68456,0.40457
16582,16929,16781,17327,16979,25916,20305,23036,26511,26561
2.5491,2.6025,2.4437,2.5232,2.3887,2.4447,2.0307,1.7074,2.0567,1.9007
13,11,15,6,14,15,15,15,12,30
1275.5,1539,1118.7,2887.8,1212.8,1727.7,1353.7,1535.7,2209.2,885.37
0.995,0.98859,0.98821,0.99189,0.99637,0.99911,1.0451,1.0006,1.038,0.98427
0.94635,0.97679,0.96831,0.97982,0.97526,0.94366,0.91651,0.93462,0.9594,0.97184
5.789,5.8826,5.6726,5.7306,5.4572,4.9946,5.3023,6.0828,5.6339,11.016
33,31,33,29,29,25,31,29,23,53
35,34,39,45,44,41,30,36,30,69
347,602,705.45,191.94,72.112,191.94,390.54,259.62,191.31,691.62
347,602,705.45,191.94,72.112,191.94,390.54,259.62,191.31,691.62
21.424,33.193,34.03,19.824,14.45,18.631,21.655,24.449,19.61,28.541
0.57299,1.2643,1.1108,0.56063,0.15592,0.40263,0.50792,0.85091,0.23885,0.91307
13.945,29.092,28.053,9.4566,2.7709,7.8921,13.685,14.207,6.8181,21.427
310.19,602,635.95,160.75,49,160.75,351.39,246.56,176.41,622.39
-30.543,-57.79,-64.955,-18.694,-4.9,-16.733,-18.819,-24.652,-16.816,-63.796
-12.131,-16.788,-12.844,-16.157,-15.029,-9.5153,-11.008,-14.995,-16.79,-13.556
-0.22825,0.12411,1.4501,0.49763,0.16884,0.46354,-0.57433,-0.1064,0.011409,0.60025
84.778,85.338,85.073,91.243,89.488,48.757,49.254,54.41,57.059,55.963
14.966,13.09,15.238,16.123,15.265,11.944,11.45,13.049,11.59,12.252
128,120,128,151,129,83,89,91,96,96
20,30,22,22,12,6,5,9,15,4
2554.1,2531.7,2703.3,2553.2,2231.3,1655.5,1920.5,3347.9,2900.6,4188.7
4.2353e+07,4.2858e+07,4.5364e+07,4.4239e+07,3.7885e+07,4.2903e+07,3.8996e+07,7.7123e+07,7.6898e+07,1.1126e+08
0.39264,0.38919,0.39366,0.3718,0.31391,0.15616,0.19207,0.24814,0.22503,0.29975
962.38,1156.6,837.79,2033.6,924.39,2003.1,1693.3,2116.7,2769.7,2473.7
