16095,16197,15801,16852,16433,15322,15400,15412,15353,15390
18568,18374,19371,19187,18202,10643,10933,10812,11699,11533
3735,3825,3565,3384,3275,5172,5041,4375,3657,5391
492,384,463,423,350,1295,2739,1272,2088,1495
0.86827,0.89961,0.87013,0.875,0.89313,0.74961,0.45666,0.70926,0.42904,0.72269
6900,9086,9780,9830,9482,8291,7993,8142,8093,7596
0.7637,1.0193,1.0409,1.1177,1.0932,0.43559,0.41212,0.41211,0.3861,0.36874
6,5,5,6,2,7,111,7,78,6
1150,1817.2,1956,1638.3,4741,1184.4,72.009,1163.1,103.76,1266
0.9855,0.99829,0.98726,0.9889,0.9854,0.96309,0.96155,0.99022,0.99043,0.97759
1.0052,1.0444,1.0352,1.0343,1.0027,1.0072,1.0361,1.0355,1.017,1.0276
8.4634,6.9141,6.8021,6.3169,6.6362,13.832,14.446,13.255,14.077,16.761
12,13,13,12,10,14,18,13,13,17
14,14,14,14,14,16,14,12,13,14
246.13,241,345.81,241,61.107,195.09,246.05,269.6,267.97,245.9
246.13,241,345.81,241,61.107,195.09,246.05,269.6,267.97,245.9
17.607,16.461,25.802,17.596,12.858,30.11,33.386,39.563,46.06,35.476
0.60115,0.56456,1.6111,0.64535,-0.011946,0.92419,0.88575,1.0311,1.3754,0.8857
12.196,11.697,22.795,12.6,0.99181,3.9828,4.0621,4.8515,5.8109,4.0627
220.08,216.39,317.48,216.9,2.5641,21.699,26.969,22.346,27.626,21.68
-22.008,-21.69,-32.257,-21.69,-4.9,-10.847,-11.481,-12.545,-14.707,-12.097
6.2544,-1.7237,-4.9312,-1.0553,-6.2989,7.9514,8.583,5.8848,8.2138,13.496
0.65077,0.39452,0.93272,0.22935,-0.051049,-1.6723,-1.2088,-2.0693,-1.9487,-1.2559
50.607,49.149,51.413,58.271,57.701,64.383,68.03,66.177,66.946,66.229
11.472,12.723,12.709,12.957,12.413,15.88,14.508,15.138,15.183,14.942
86,82,93,92,82,100,115,108,103,113
14,7,8,6,8,7,12,12,15,7
3778.3,3725.9,3959.5,3533.4,3255.6,8596.3,6711.5,9611,7187.4,12047
2.607e+07,3.3854e+07,3.8724e+07,3.4733e+07,3.087e+07,7.1272e+07,5.3645e+07,7.8253e+07,5.8167e+07,9.1512e+07
0.41818,0.41799,0.42141,0.40175,0.37533,0.45163,0.34604,0.48646,0.34289,0.58482
595.48,770.3,858.19,624.99,2195.6,2100.1,357.07,1720.5,510.95,3198.2
