14397,15172,14405,16221,15915,13592,12985,13177,13021,13309
16039,15867,15931,15281,15777,15261,15372,14585,15600,15348
6940,16093,5458,15302,3625,6188,6453,6047,5719,5594
816,4796,475,5496,552,2858,2134,2778,434,337
0.88242,0.70198,0.91297,0.64083,0.84772,0.53814,0.6693,0.5406,0.92411,0.93976
15440,17575,17178,18717,14994,19611,20554,19164,18717,19015
1.7557,1.9197,2.1936,2.1884,2.146,1.0571,1.1931,1.1697,1.0789,1.1275
12,20,8,18,6,161,107,157,7,5
1286.7,878.75,2147.2,1039.8,2499,121.81,192.09,122.06,2673.9,3803
0.98861,0.99446,0.99629,0.99492,0.99106,0.94841,0.97626,0.99776,0.97456,1.0087
0.9984,1.0051,1.008,1.0127,1.005,1.019,1.028,1.0103,1.0306,1.0399
6.1918,11.198,5.4307,10.278,6.2507,7.8085,7.075,7.2812,7.7543,7.5185
17,35,16,34,18,18,22,17,17,22
22,44,19,41,21,20,22,22,23,22
156.2,415.99,260,260,552.35,308.37,238.73,245.66,243.19,278.83
156.2,415.99,260,260,552.35,308.37,238.73,245.66,243.19,278.83
19.388,25.387,26.278,25.24,47.034,34.907,34.724,34.836,35.294,37.534
0.36708,0.62012,0.68529,0.45753,2.522,0.86399,0.68148,0.75157,0.83145,0.7695
7.1939,13.031,11.74,8.9829,35.555,3.991,3.9539,4.0422,4.1065,4.3174
131.61,377.72,244.37,244.37,505.91,32.463,25.22,26.919,25.36,30.029
-13.21,-19.421,-12.349,-12.349,-49.094,-15.419,-12.994,-11.213,-10.79,-13.709
-18.879,-19.214,-18.907,-17.912,-22.018,-8.6909,-16.152,-18.037,-11.425,-17.105
1.5083,1.6608,2.302,2.3975,4.5667,3.0873,2.5901,2.6498,2.9434,2.9187
72.812,74.959,77.495,75.977,72.25,68.997,68.158,69.035,69.755,70.282
13.989,15.264,15.227,15.221,13.601,12.728,13.486,12.993,12.346,13.011
112,140,113,113,121,108,117,132,112,115
13,1,14,10,20,4,13,5,11,17
1809.8,2187.6,1312.3,1785.6,1784.9,2066.2,2137.9,1849.3,2605.9,2920.4
2.7943e+07,3.8448e+07,2.2544e+07,3.3422e+07,2.6763e+07,4.052e+07,4.3943e+07,3.5439e+07,4.8774e+07,5.5531e+07
0.2058,0.23896,0.16758,0.20877,0.25546,0.11137,0.1241,0.11287,0.15021,0.17316
1070.3,1449.2,1711.4,1737.1,2373.4,338.86,357.62,290.09,2176.3,3216.9
