10151,9630.6,11531,9756.2,11267,11501,10822,11809,11549,10243
9986,11015,11453,12203,11705,15648,14953,14948,15416,15603
9383,8602,9013,9073,8422,7354,6594,5953,5703,5151
2531,2460,1999,2218,2119,3968,3515,3147,2926,1006
0.73026,0.71402,0.77821,0.75554,0.7484,0.46043,0.46694,0.47136,0.48694,0.8047
17327,15986,17227,16433,17227,23086,23781,23731,22341,22838
2.8768,2.885,2.9794,2.9023,2.8602,1.0706,1.067,1.0764,1.0537,1.0591
14,15,13,13,12,167,151,136,131,9
1237.6,1065.7,1325.2,1264.1,1435.6,138.24,157.49,174.49,170.54,2537.6
1.0048,1.0119,1.0086,1.0059,1.0116,1.0301,1.02,1.0297,1.0213,1.0077
1.0814,1.1176,1.0759,1.1197,1.0458,1.0136,1.0301,1.0188,1.0121,1.0039
5.6187,5.6923,5.4124,5.4002,5.4451,9.8726,9.5419,9.4673,10,10.258
29,32,28,26,28,28,33,31,27,29
29,32,31,31,32,26,24,24,25,24
99,156.34,130.55,130,149,265.19,361.94,386.55,386.11,337.2
99,156.34,130.55,130,149,265.19,361.94,386.55,386.11,337.2
11.136,13.315,12.259,12.24,15.738,35.07,39.752,42.574,42.363,47.01
0.18689,0.31575,0.14447,0.29098,0.35017,1.0346,1.0464,1.3245,1.2995,1.6344
4.1545,6.4012,4.8105,6.03,6.7545,4.5106,5.0127,5.4735,5.5531,6.5071
99,137.21,125.55,114.37,133.37,24.317,48.227,38.699,45.839,36.104
-8.3303,-14.434,-12.555,-12.1,-11.437,-13.222,-18.049,-17.558,-18.487,-15.427
-8.8904,-10.957,-5.1055,-6.7018,-5.4892,-18.812,-15.9,-15.447,-13.607,-17.562
0.38042,0.58533,0.60534,0.34206,0.64022,2.4953,2.6549,2.9525,3.4622,3.8144
48.9,51.905,56.155,54.868,57.129,66.821,65.52,63.233,66.509,66.157
9.8326,11.422,10.409,12.229,11.225,15.553,13.989,13.392,13.092,13.045
75,84,85,90,82,116,113,111,104,108
5,9,8,9,8,15,10,6,2,19
1697.4,1398.4,1679.4,1468.6,1652.5,3577.7,4055.7,4087.3,3299.3,5280.5
2.9411e+07,2.2355e+07,2.8932e+07,2.4134e+07,2.8468e+07,8.2595e+07,9.6448e+07,9.6996e+07,7.371e+07,1.2059e+08
0.28182,0.25237,0.29046,0.25938,0.27437,0.16592,0.18197,0.1854,0.15561,0.24488
1337.5,1054.6,1353.9,1250.8,1475.2,541.64,630.05,662.75,696.19,5479.4
