13950,13492,13247,13939,13935,13849,13747,13915,14116,13852
18571,17821,17901,17595,18636,16754,16728,15952,17507,16870
4276,4587,4266,4536,4557,5197,4578,4307,3469,3604
53,95,44,44,64,1397,1344,63,960,21
0.98761,0.97929,0.98969,0.9903,0.98596,0.73119,0.70642,0.98537,0.72326,0.99417
22738,24873,23383,23682,24476,21547,21249,20752,19760,19810
2.1449,2.3732,2.181,1.9463,2.2575,0.98817,1.0196,0.96234,0.88666,0.97303
5,8,5,5,6,87,85,4,61,2
4547.6,3109.1,4676.6,4736.4,4079.3,247.67,249.99,5188,323.93,9905
0.99036,0.98703,0.98939,0.98499,0.99336,0.98535,1.0042,0.99236,1.0116,1.0083
0.99177,1.0429,1.0386,1.0044,1.0059,1.0722,1.0305,1.0293,1.021,1.0325
4.4408,4.0946,4.1247,4.6278,4.0964,7.7783,8.0397,7.7881,8.425,8.0233
16,12,12,16,20,16,14,17,9,12
23,23,23,23,25,22,24,24,22,22
603,260.92,374.33,191.94,246.13,217,217.03,217.7,265.18,266.67
603,260.92,374.33,191.94,246.13,217,217.03,217.7,265.18,266.67
38.088,18.043,25.938,16.792,19.301,34.499,40.208,40.841,48.895,46.973
2.4901,0.66295,1.2559,0.30595,0.75834,1.1518,1.2753,1.2667,1.5542,1.4727
34.108,11.592,20.523,7.6545,13.236,4.6391,5.0872,5.261,5.9276,5.8377
542.8,232.59,337.79,160.75,217.8,28.96,21.724,24.46,28.915,27.168
-54.259,-12.722,-32.587,-17.632,-23.058,-9.8008,-10.977,-10.939,-13.185,-13.805
1.7478,0.61954,3.4671,1.7562,-2.4496,-3.8208,-2.1456,-2.6433,3.6379,3.61
5.9185,5.7601,5.7735,5.4995,5.7309,4.8817,5.4448,5.6877,6.8024,6.4376
62.465,59.599,64.364,61.05,58.797,66.962,65.334,64.746,68.716,65.831
11.513,11.428,12.463,11.32,10.393,11.499,10.376,11.663,11.507,10.985
95,90,105,94,89,105,97,103,101,98
10,3,5,11,13,20,20,15,30,25
1553.3,1470.2,1289.4,1896.5,1335.4,1738.2,2286.6,2352.5,2513,2633.7
3.5319e+07,3.6567e+07,3.015e+07,4.4912e+07,3.2685e+07,3.7453e+07,4.8588e+07,4.8819e+07,4.9657e+07,5.2173e+07
0.14652,0.14027,0.12027,0.15586,0.12317,0.079716,0.10972,0.10909,0.11276,0.12936
184.08,188.12,168.08,377.14,275.08,334.25,409.61,298.73,424.62,1339.7
