17505,16776,14438,14757,16299,24844,24172,25468,25376,25508
24391,24166,21230,21162,21017,14616,14886,14762,14683,14334
3666,3750,3438,3515,5401,3875,3657,2891,3297,3104
991,954,64,1029,43,455,1851,230,1128,516
0.72968,0.7456,0.98138,0.70725,0.99204,0.88258,0.49385,0.92044,0.65787,0.83376
14149,15043,16383,16185,15341,13057,14695,12610,13404,12759
3.356,3.202,3.2384,3.1986,2.7681,1.191,1.4021,1.1255,1.2094,1.0283
62,60,4,65,3,5,86,4,49,3
228.21,250.72,4095.8,249,5113.7,2611.4,170.87,3152.5,273.55,4253
0.99297,0.99006,0.99325,0.98908,0.98897,0.96875,0.96677,0.9555,0.97349,0.95108
0.96442,0.9589,0.96495,0.97173,0.98405,0.96101,0.96642,0.98304,0.97473,0.97404
3.9148,4.0735,3.6592,3.8012,3.9465,6.3774,5.2673,6.0114,5.8191,6.5727
8,11,14,8,10,12,14,10,14,14
16,16,14,16,16,16,16,18,18,20
109.51,121.59,139.2,139,109.4,140.75,169.96,168.88,147.64,201.51
109.51,121.59,139.2,139,109.4,140.75,169.96,168.88,147.64,201.51
20.57,22.026,23.732,23.661,16.848,26.36,29.428,32.466,28.844,37.196
0.4798,0.53244,0.58629,0.59994,0.40144,0.78476,0.75441,0.91286,0.89342,1.0525
2.484,2.7675,3.0055,2.9014,2.1776,3.4976,3.8477,4.1969,3.8007,4.7592
11.514,14.86,17.92,15.023,13.94,14.712,19.247,18.668,19.687,24.383
-4.9226,-6.5667,-7.2106,-5.7437,-6.48,-7.4919,-10.955,-9.6412,-6.6487,-10.511
0.82627,-0.026773,0.69306,-2.6932,0.46841,-0.95269,-5.1848,8.1697,-6.691,-1.3179
-1.3576,-1.4216,-2.1509,-1.1172,-0.96764,-1.401,-1.4142,-1.4796,-1.2874,-1.619
68.601,68.016,77.858,71.969,73.57,55.363,57.24,57.229,59.73,58.496
13.411,12.694,14.597,13.834,12.927,12.075,15.032,13.71,14.401,14.158
107,95,114,115,114,94,97,95,113,108
9,6,10,16,15,14,6,5,5,13
939.55,1016.1,983.56,1011.4,1076.1,3196.8,1364.2,2756.6,2097.5,2475.9
1.3294e+07,1.5285e+07,1.6114e+07,1.637e+07,1.6508e+07,4.1741e+07,2.0046e+07,3.476e+07,2.8115e+07,3.1591e+07
0.22285,0.21628,0.19442,0.19988,0.19417,0.2916,0.13016,0.24603,0.18925,0.19954
134.56,166.31,140.31,192.52,184.22,881.01,259.41,752.76,329.14,1855.7
