15299,15407,14247,13829,14835,16351,15639,16313,17171,16374
16311,17288,17949,17145,17866,18037,17947,18055,17768,17669
6370,5237,4777,4637,5487,5375,6062,4922,4213,4171
2817,1736,1244,1095,1525,1471,2868,2350,1089,2285
0.55777,0.66851,0.73959,0.76386,0.72207,0.72633,0.52689,0.52255,0.74151,0.45217
28895,28398,26214,24376,27405,28845,29986,29590,31129,30135
3.8687,3.5716,2.9014,2.8905,2.9934,1.4601,1.5956,1.5546,1.5566,1.507
13,10,10,9,10,7,73,77,7,96
2222.7,2839.8,2621.4,2708.4,2740.5,4120.7,410.77,384.29,4447,313.91
0.98789,0.99361,0.99229,0.98696,0.98334,0.98939,1.0051,0.98783,0.99592,0.98057
1.0418,1.002,0.9707,0.9349,0.95081,0.93698,0.93874,0.91998,0.91256,0.93859
3.5697,3.6959,3.9662,3.8648,3.8339,5.6124,5.234,4.9966,5.291,5.6845
17,19,20,19,23,20,23,22,21,21
24,23,20,19,22,26,22,24,25,24
283.34,191.31,368.11,311.91,191.31,178.82,175.8,178.82,247.58,237.52
283.34,191.31,368.11,311.91,191.31,178.82,175.8,178.82,247.58,237.52
26.372,15.386,24.831,24.572,15.941,32.071,28.779,31.994,40.919,40.097
1.9408,0.5137,1.4902,1.3513,0.35675,1.2162,0.9825,1.2043,1.582,1.5778
23.115,9.611,19.966,19.607,8.9013,4.4819,3.9264,4.4557,5.8552,5.6312
257.21,181.41,329.78,277.25,175.62,20.478,20.168,21.478,30.154,23.817
-26.151,-2.1999,-32.167,-28.065,-24.1,-9.211,-8.6422,-9.7732,-12.035,-12.418
-9.3864,-10.159,-18.495,-20.475,-13.4,-18.72,-21.081,-18.702,-24.03,-22.372
7.7515,7.3728,7.3168,6.6054,6.6526,6.7859,6.7575,7.7162,9.558,9.5195
46.539,47.075,49.137,52.378,50.14,60.118,62.935,65.936,65.155,64.593
12.23,10.337,10.659,11.096,12.615,11.976,13.961,12.591,15.125,14.831
77,81,77,88,87,91,99,101,111,115
5,14,7,12,2,18,6,20,14,20
1872.1,2100.2,2339.8,1906.4,2105.3,5357.2,3400,3114.6,4356.6,3755.4
5.4094e+07,5.9641e+07,6.1335e+07,4.647e+07,5.7697e+07,1.5453e+08,1.0195e+08,9.216e+07,1.3562e+08,1.1317e+08
0.25065,0.26414,0.25897,0.22606,0.22997,0.27117,0.18092,0.16363,0.21785,0.1878
1227,1535.7,1399.7,990.75,1167.9,4107.5,583.97,607.14,4524.4,648.36
