9627.8,10730,9678.8,10817,8923.8,18587,16799,16778,16232,17101
9876.2,10011,10042,10828,11794,13178,13459,14054,14121,14703
4296,2564,2604,4106,3976,2953,2651,2073,2359,1947
0,42,42,75,62,187,1254,974,847,208
1,0.98362,0.98387,0.98173,0.98441,0.93667,0.52697,0.53015,0.64095,0.89317
15688,12411,12312,16433,17079,15986,15738,17625,16433,16433
2.2453,2.2894,1.9283,1.7716,2.1812,0.63191,0.62809,0.71716,0.66866,0.72176
1,4,4,7,5,2,69,49,38,3
15688,3102.8,3078,2347.6,3415.8,7993,228.09,359.69,432.45,5477.7
1.0555,1.0257,1.0253,1.0957,1.0462,1.0611,1.0617,1.0463,1.0422,1.0262
1.0794,1.0766,1.0301,1.1469,1.2615,0.97604,1.0054,0.97532,0.94637,0.97972
4.1228,3.7975,3.9763,4.448,4.1362,9.6616,9.3388,8.8289,9.2157,8.5393
16,14,14,14,22,19,14,13,14,15
11,13,13,19,13,14,15,15,14,15
191.31,121,260.92,345.81,312.54,244.26,289.88,361.33,313.35,293.42
191.31,121,260.92,345.81,312.54,244.26,289.88,361.33,313.35,293.42
17.874,15.344,20.274,21.285,27.311,58.075,59.362,72.691,66.744,70.199
0.68241,0.80856,1.156,0.73038,2.1265,2.0129,2.2609,2.4835,2.4471,2.3324
10.765,9.9781,15.95,16.019,23.941,7.8321,8.3511,9.3442,9.0225,8.8475
171.41,116.1,236.33,322.61,277.96,31.278,38.592,30.094,36.172,33.426
-13.029,-12.1,-24.796,-32.257,-28.426,-13.416,-16.937,-16.769,-14.465,-14.147
-19.473,-19.396,-13.633,-20.228,-15.929,-17.474,-10.697,-7.2117,-17.576,-23.819
3.243,4.6537,4.1354,4.4287,4.6649,6.3862,7.5645,10.238,8.7981,10.123
52.891,51.783,48.92,40.535,39.57,73.825,73.157,67.585,76.82,74.579
14.295,13.217,8.9518,17.307,18.026,15.455,14.209,12.176,14.563,14.099
88,78,75,82,86,119,114,104,112,105
13,1,7,0,0,10,35,35,32,36
1870.5,699.57,987.94,1121.2,1180.2,1249.3,920.13,634.97,1163.5,1124.3
2.9345e+07,8.6824e+06,1.2164e+07,1.8424e+07,2.0156e+07,1.9971e+07,1.4481e+07,1.1191e+07,1.9119e+07,1.8476e+07
0.26771,0.12905,0.15473,0.12087,0.15072,0.049383,0.036722,0.025837,0.047342,0.049381
0,216.72,120.97,140.09,226.42,6580.2,641.19,925.19,802.08,4630.6
