13743,13297,13700,13043,12816,11778,12061,14791,13715,13033
18618,13623,14373,15510,18615,15370,15980,16339,16366,16899
6169,5218,4827,5437,8492,3835,3395,3685,3766,3565
1042,936,785,1115,3199,1231,1125,1254,1063,1034
0.83109,0.82062,0.83737,0.79492,0.62329,0.67901,0.66863,0.6597,0.71774,0.70996
13553,13355,13107,13008,11965,14745,13951,14894,15788,13106
2.1636,1.9797,1.8134,1.8303,1.4188,1.4572,1.8986,2.1689,2.1483,1.8132
5,11,9,10,11,5,9,7,4,6
2710.6,1214.1,1456.3,1300.8,1087.7,2949,1550.1,2127.7,3947,2184.3
0.99021,0.99129,0.98711,0.99885,0.99271,0.9684,0.98357,0.97792,0.97391,0.96334
1.0276,1.0075,0.97754,1.0012,0.96191,0.98257,0.96043,0.95984,0.96056,0.97158
3.7899,3.916,3.7577,3.9418,4.5044,5.9297,5.0326,4.6735,4.6802,5.4538
12,12,8,12,17,21,21,16,18,18
18,22,20,24,18,19,20,19,17,19
130.55,245.93,67.262,259.62,437.98,413.09,74.962,99,364.45,156.34
130.55,245.93,67.262,259.62,437.98,413.09,74.962,99,364.45,156.34
11.597,16.586,11.27,16.122,22.423,29.156,14.481,14.711,24.144,16.642
0.41791,0.78256,-0.0091977,0.5317,1.097,1.4557,0.016144,0.33043,1.1114,0.45564
7.5054,12.828,0.97642,11.778,19.167,24.443,0.97357,5.7786,20.047,8.2253
121,221.32,3.4817,246.52,410.38,393.96,2.4809,89.1,327.9,130.29
-10.9,-14.247,-5,-12.59,-39.412,-19.79,-2.4613,-7.9869,-32.802,-14.334
-22.916,-20.811,-20.293,-17.908,-12.85,-34.871,-22.693,-19.984,-14.223,-30.065
1.9829,2.2145,2.4753,2.1532,2.2808,1.4638,2.0559,2.4654,1.8477,0.68356
83.393,83.751,82.243,73.491,71.501,49.403,55.496,60.311,57.139,57.546
15.244,25.672,14.112,16.599,18.452,12.351,10.945,13.09,11.876,12.219
124,167,124,129,162,79,85,97,89,92
13,22,26,11,1,15,12,15,11,13
1128.8,1230.1,1022.1,1046,1166.9,2131.8,1604.4,1496.3,1830.3,2367.1
1.5299e+07,1.6428e+07,1.3397e+07,1.3607e+07,1.3962e+07,3.1433e+07,2.2383e+07,2.2285e+07,2.8897e+07,3.1023e+07
0.1802,0.18234,0.14141,0.14718,0.13837,0.21067,0.21834,0.21789,0.24906,0.32749
798.47,430.21,360.05,563.11,692.77,3372.7,2211.9,2146.9,4731.6,2594.1
