20061,20079,18168,19647,19094,12299,11658,12472,9891.6,11893
10648,10503,10757,10721,10577,16313,18455,19650,20022,19706
6359,5418,14261,4857,3966,3195,3064,3566,4036,3324
531,547,6217,434,394,744,892,1452,1874,1113
0.9165,0.89904,0.56406,0.91064,0.90066,0.76714,0.70888,0.59282,0.53568,0.66516
20603,20653,20653,21249,20553,20107,20852,18369,20008,20951
3.4207,3.2971,3.2971,3.328,3.3452,1.3143,1.1168,1.1212,1.2036,1.2078
2,9,15,8,6,6,6,7,6,5
10302,2294.8,1376.9,2656.1,3425.5,3351.2,3475.3,2624.1,3334.7,4190.2
0.9922,0.99593,0.9918,0.9861,0.99372,0.98917,0.9735,0.97744,0.99624,0.97308
0.94576,0.96109,0.92788,0.96357,0.94794,0.99755,0.99596,0.98592,0.9756,0.95443
2.8765,2.8581,6.2225,2.8565,2.8158,4.3689,4.0009,3.8747,4.027,3.9451
9,9,19,13,9,10,8,8,8,10
9,11,23,14,9,10,11,12,13,12
191.31,156.34,260.92,130,191.94,145.27,364.45,128.52,484.59,634.04
191.31,156.34,260.92,130,191.94,145.27,364.45,128.52,484.59,634.04
12.871,11.131,14.626,13.155,14.396,28.112,35.468,23.964,42.086,48.415
0.67093,0.27181,0.49475,0.61329,0.43304,0.12125,2.1183,0.028954,2.8707,2.2707
10.044,6.6601,10.294,8.606,9.164,2.4233,25.643,1.0585,33.629,37.635
176.41,146.44,248.82,130,172.81,30.806,340.35,3.745,435.38,561.06
-17.641,-14.634,-24.537,-13,-17.281,-4.9129,-33.839,-3.7422,-24.398,-57.983
25.449,26.175,27.992,27.459,27.282,34.311,26.12,23.606,20.249,33.87
-4.1113,-4.374,-5.065,-4.7825,-5.9604,-6.7908,-7.7307,-5.971,-7.1814,-8.0071
111.79,111.09,112.52,99.501,109.33,56.651,52.422,43.932,50.719,51.388
33.494,30.934,35.833,28.968,24.401,12.104,12.655,11.378,11.5,10.89
236,255,255,211,217,87,92,80,80,76
16,23,23,18,35,22,6,12,9,14
1151.3,1187.5,1414.7,1084.8,1173.1,1928.7,1435.8,1456.6,1620.4,1682.8
2.372e+07,2.4525e+07,2.9217e+07,2.3051e+07,2.4111e+07,3.8781e+07,2.994e+07,2.6756e+07,3.2422e+07,3.5256e+07
0.19115,0.18957,0.22584,0.1699,0.19094,0.12607,0.076898,0.088904,0.097475,0.097008
7641.6,1013.3,2108.4,1200.8,1397.9,1719.7,1917.9,1577.7,1817.5,2429.3
