18138,15819,15997,16208,15650,14798,16233,15528,16018,16382
12559,12412,12420,12280,12415,16922,16498,15531,15111,15773
8352,7591,6259,6680,6690,5027,6960,5418,6410,7040
765,937,616,550,606,1053,2113,976,1509,1657
0.90841,0.87656,0.90158,0.91766,0.90942,0.79053,0.69641,0.81986,0.76459,0.76463
24327,21994,22242,22341,22143,25171,26809,27008,26462,26859
4.9255,4.3466,4.7344,4.4152,4.377,1.8169,2.6812,2.4638,2.8163,2.347
9,11,10,2,8,8,2,6,13,10
2703,1999.5,2224.2,11170,2767.9,3146.4,13404,4501.3,2035.5,2685.9
1.0057,1.0244,1.0208,1.0094,1.0196,0.98913,0.99811,0.99697,0.99623,1.0159
1.0703,1.0089,1.0045,1.0306,0.99508,0.98815,1.0632,1.0967,1.0214,1.1013
3.7759,3.6777,3.5779,3.6909,3.9492,4.6457,5.4252,4.8267,5.4329,5.4783
33,27,24,28,26,32,28,30,34,34
32,25,28,27,29,29,31,35,33,32
191.94,191.31,283.34,423.3,191.94,497,500.73,155.57,89.4,282.82
191.94,191.31,283.34,423.3,191.94,497,500.73,155.57,89.4,282.82
15.87,14.071,15.872,22.339,14.054,37.491,33.218,21.434,19.61,22.131
0.64107,0.59783,0.39708,1.0971,0.58029,2.5318,2.1521,0.49653,-0.0029314,0.58708
10.501,9.842,10.706,19.054,8.6115,29.932,27.733,8.5543,1.2428,12.092
182.04,176.41,255.06,395.75,157.36,450.72,453.84,155.57,2.9152,267.2
-17.704,-17.641,-25.873,-38.498,-11.6,-45.072,-46.24,-13.097,-15.634,-25.448
-5.2628,-5.657,-5.1975,-5.3926,-5.06,-20.081,-29.834,-29.973,-30.985,-32.79
2.9027,2.7234,3.3943,2.851,2.8768,7.0969,3.1991,4.8685,4.0517,3.1713
83.81,89.826,85.594,89.793,84.442,47.535,46.947,49.292,43.7,47.127
15.563,16.29,13.844,19.735,15.533,10.499,11.262,10.908,11,10.264
157,163,140,158,174,84,80,85,78,77
17,22,15,20,15,17,5,9,9,12
1124.7,973.14,959.57,975.85,1167.4,3088.8,2812.5,2441.5,2890.2,2719.3
2.7361e+07,2.1403e+07,2.1343e+07,2.1801e+07,2.5849e+07,7.7747e+07,7.5401e+07,6.5941e+07,7.6481e+07,7.3039e+07
0.22772,0.19232,0.20425,0.19286,0.23075,0.22295,0.28128,0.22273,0.3076,0.23762
466.23,495.36,426.3,3557.8,667.19,753.02,9642,1316.1,912.02,1281.7
