17079,16606,15165,15341,15292,12807,13207,12933,16062,12915
14691,12687,12568,12413,12690,14598,13094,14742,11604,10788
6729,4417,4516,3716,6660,3595,3605,3555,4677,6459
1345,505,671,380,932,323,553,443,384,3107
0.80012,0.88567,0.85142,0.89774,0.86006,0.91015,0.8466,0.87539,0.9179,0.51897
19065,18618,18022,19164,19462,19512,20752,20404,23582,20752
3.6805,3.7696,3.4792,3.8801,3.9405,1.5725,1.485,1.4354,1.6313,1.5951
12,9,3,3,3,7,5,6,7,7
1588.8,2068.7,6007.3,6388,6487.3,2787.4,4150.4,3400.7,3368.9,2964.6
0.98605,0.98769,0.99033,0.98935,0.99363,0.95224,1.0068,1.0127,0.96589,1.026
0.95344,0.93584,0.91454,0.91097,0.90117,0.91201,0.89936,0.94026,0.91534,0.90502
5.4679,5.2091,5.4482,5.1541,4.8299,7.0649,7.782,7.988,7.3336,6.8926
17,20,20,18,19,14,16,19,24,18
18,20,23,21,21,16,13,18,20,15
348,248,852.49,437.98,198,1245.5,551.45,936.22,1425,604.99
348,248,852.49,437.98,198,1245.5,551.45,936.22,1425,604.99
26.876,28.401,52.938,42.831,19.749,72.96,49.479,65.504,77.665,42.382
0.66297,0.52496,2.8915,2.4693,0.59903,3.7407,2.4722,2.8446,4.1615,2.14
13.763,11.754,42.227,29.921,11.012,64.102,34.03,49.245,65.808,31.894
293.4,233.1,772.07,387.76,187.04,1139.8,500.67,863.38,1263.7,542.97
-34.8,-22.471,-39.756,-40.34,-18.694,-112.4,-47.862,-83.289,-129.57,-29.038
-13.611,-13.567,-15.739,-14.618,-13.549,-19.082,-19.92,-25.789,-17.749,-21.49
3.2571,3.9095,3.0109,4.433,1.7307,7.0481,6.4645,6.449,2.4605,3.4971
84.773,86.022,87.271,94.878,86.651,66.176,68.997,71.031,63.169,61.416
15.298,15.641,21.234,27.719,23.618,12.084,15.893,18.325,13.26,18.228
128,131,187,255,255,97,118,147,102,112
35,39,20,37,21,18,16,11,28,7
1881.5,1898.3,2093.6,1758.2,1801.9,6745.9,7862.9,6130.5,7132.9,5808.8
3.587e+07,3.5343e+07,3.7732e+07,3.3695e+07,3.5068e+07,1.3163e+08,1.6317e+08,1.2509e+08,1.6821e+08,1.2054e+08
0.36322,0.38436,0.40418,0.35599,0.36482,0.54368,0.56268,0.43127,0.49342,0.44649
1442.2,1125.5,3278.3,3751.1,2943.5,1364.5,2746.4,2106.2,1178.9,2523.1
