11133,10750,10174,10023,10395,14844,14770,14624,14646,15614
23317,22644,23261,23658,23901,10872,13004,13009,13338,12982
3165,7280,3955,5659,6479,6109,5819,4937,4286,4387
631,3925,723,1367,2916,3064,1633,1314,1394,1226
0.80063,0.46085,0.81719,0.75844,0.54993,0.49844,0.71937,0.73385,0.67476,0.72054
19511,16731,15937,17823,16830,24525,20702,20355,19810,20107
2.2187,1.9289,1.9744,1.8728,2.3681,1.6551,2.604,2.522,2.6104,2.5289
3,3,10,11,6,4,3,10,6,8
6503.7,5577,1593.7,1620.3,2805,6131.2,6900.7,2035.5,3301.7,2513.4
1.0426,1.0298,1.0312,1.0471,1.0194,1.097,1.0302,1.0212,1.0389,1.03
1.0741,0.99264,0.98007,1.0293,1.0552,1.0545,1.076,1.1601,1.1083,1.1167
5.104,5.1971,5.1801,5.3649,4.7702,5.4871,4.7707,4.683,4.9814,4.8821
9,12,11,13,11,12,10,12,10,10
13,13,9,9,11,12,13,11,7,13
829.77,507.83,511.28,606.98,149,268.1,283.34,754.6,275.94,120
829.77,507.83,511.28,606.98,149,268.1,283.34,754.6,275.94,120
59.097,33.487,33.545,35.401,20.174,45.329,19.806,41.605,25.637,18.153
3.2944,1.8629,1.5638,1.2006,0.59252,1.4689,1.1571,2.3032,1.274,0.41404
48.141,26.324,26.119,26.083,9.0605,5.727,16.818,35.833,17.235,6.7712
754.31,457.69,469.81,547.3,139.1,27.906,264.21,674.19,261.04,120
-39.233,-45.768,-24.508,-28.949,-14.4,-12.388,-26.415,-35.846,-25.114,-11.01
-8.0835,-9.9021,-10.859,-15.436,-7.2944,-22.101,-16.788,-19.695,-17.636,-19.68
9.3827,1.859,4.6981,4.2367,3.3823,7.8007,3.8196,5.08,3.6104,4.9117
62.016,66.399,69.442,64.858,55.145,69.981,53.209,55.225,50.185,50.948
12.02,14.411,12.667,15.907,13.231,17.933,10.793,10.844,10.75,10.043
101,118,111,116,94,117,86,97,82,82
21,9,18,15,9,9,10,9,11,14
4944.9,3906.2,3757.9,4082.4,2881.2,5672.1,2717.2,2340.1,3369.2,3064.4
9.648e+07,6.5354e+07,5.989e+07,7.276e+07,4.849e+07,1.3911e+08,5.6251e+07,4.7632e+07,6.6744e+07,6.1616e+07
0.5623,0.45033,0.46555,0.42896,0.4054,0.38278,0.34178,0.28994,0.44396,0.38541
5956,3203.1,956.65,986.34,1605.9,3685.8,5346.6,1397.7,2631.4,1762.6
