11668,10625,9553.4,10547,10273,11570,11359,11669,11617,11820
13243,12982,13936,14537,14104,11997,12312,12115,12256,12262
6900,6349,6049,5257,6169,5758,7441,5117,4096,4627
1773,1436,1973,1125,817,601,2378,581,481,694
0.74304,0.77382,0.67383,0.786,0.86756,0.89562,0.68042,0.88646,0.88257,0.85001
17476,16086,16434,14844,14844,13603,13752,12610,13554,13057
1.1074,1.0351,1.0335,0.97026,0.97026,1.0754,1.1191,0.97828,1.0136,1.0226
3,9,4,8,10,2,10,2,7,7
5825.3,1787.3,4108.5,1855.5,1484.4,6801.5,1375.2,6305,1936.3,1865.3
1.0257,0.9906,0.9984,1.0289,1.0209,0.96816,1.0268,0.97942,0.96679,0.97864
1.0301,1.065,1.0809,1.0316,0.95502,1.0499,1.0373,1.0381,1.032,1.0371
5.828,5.8899,6.0606,6.9483,6.563,6.2202,5.6706,6.327,6.1022,6.0443
20,24,16,18,24,17,15,15,15,17
19,25,17,24,29,16,16,14,14,16
383.26,484.48,260.92,155.57,126.77,283.34,283.34,364.45,464.42,413.09
383.26,484.48,260.92,155.57,126.77,283.34,283.34,364.45,464.42,413.09
28.044,29.715,28.071,25.404,22.148,21.098,16.028,21.474,34.491,25.536
0.86221,1.108,0.65309,0.50775,0.0087271,1.5758,0.61345,1.1937,2.8107,1.3946
16.109,20.465,11.273,8.206,0.97778,18.982,11.99,17.909,31.269,21.068
333.04,434.13,224.39,143.47,3.2663,255.01,252.15,328.35,426.16,387.04
-34.42,-46.879,-12.568,-14.247,-2.8334,-26.421,-25.501,-32.792,-42.758,-36.929
-25.349,-21.081,-27.151,-27.533,-20.525,-22.695,-23.898,-24.294,-26.705,-21.92
2.2891,2.0799,1.8565,2.2353,1.3284,2.7798,2.2395,2.7472,3.2761,2.3207
56.75,60.988,58.976,61.934,61.711,50.521,50.626,53.698,56.247,56.943
13.2,12.375,14.134,12.79,11.265,10.377,9.8407,10.991,11.536,11.573
88,85,98,96,92,84,84,92,90,95
3,9,13,11,8,16,7,6,10,11
5141.8,4183.7,4453,5610.9,5449.3,5093.8,4527,5523.4,5306,5345.4
8.9858e+07,6.7299e+07,7.3181e+07,8.3289e+07,8.089e+07,6.9291e+07,6.2255e+07,6.965e+07,7.1918e+07,6.9795e+07
0.32582,0.2692,0.28005,0.36675,0.35619,0.4027,0.36841,0.4285,0.3968,0.41862
7074.6,1610.6,4101.2,1557.5,1297.4,2813.5,397.74,2490.8,635.91,542.77
