12133,13052,12330,12367,12110,12363,11879,12907,13014,12651
16003,16917,16975,16493,15882,17898,16409,16491,15775,15847
10615,8453,7811,8111,7791,6539,7330,6710,5909,5948
2099,1029,1010,966,1119,1156,2017,1178,882,925
0.80226,0.87827,0.8707,0.8809,0.85637,0.82321,0.72483,0.82444,0.85074,0.84449
17128,16234,17526,17525,17475,16582,17029,19660,20256,20058
2.4097,2.2842,2.4657,2.6453,2.4585,1.6006,1.6829,1.8977,1.7515,1.8098
18,13,14,11,10,10,11,10,4,9
951.56,1248.8,1251.9,1593.2,1747.5,1658.2,1548.1,1966,5064,2228.7
0.98237,0.98199,0.98152,0.97886,0.97599,0.97985,0.98146,0.98187,0.9913,0.97985
1.0293,1.0248,0.98766,0.97747,0.97258,1.0557,1.0385,0.9726,1.0561,1.0443
6.1054,6.4422,6.1704,6.4765,6.2175,9.6776,8.0925,7.6818,7.872,8.2305
30,32,36,37,31,39,32,33,38,39
36,40,38,43,40,34,28,30,30,32
232.9,149,390.54,260.92,312.54,375.29,283.34,199,361,724.73
232.9,149,390.54,260.92,312.54,375.29,283.34,199,361,724.73
15.507,12.865,19.067,17.639,19.261,25.544,20.029,19.145,28.468,46.972
0.71133,0.24108,0.45286,0.55593,0.54243,0.79291,0.63584,0.53153,1.3887,2.6629
11.927,6.6484,13.002,10.831,11.964,16.287,12.726,9.9018,20.762,39.904
223,129.87,340.09,247.87,286.49,338.85,257.29,184.1,348.9,628.33
-21.8,-26.092,-35.149,-24.796,-29.335,-34.924,-26.054,-18.41,-32.446,-58.761
-17.278,-22.853,-18.239,-15.869,-19.079,-14.999,-19.555,-22.416,-22.707,-26.495
1.5054,1.5062,1.1533,1.8393,1.3554,2.6016,2.9879,3.4842,3.417,3.8402
81.147,82.054,78.935,79.163,81.925,50.946,49.93,51.828,53.185,51.833
20.134,15.272,18.763,23.537,17.314,10.02,11.628,11.091,10.799,10.654
151,132,126,220,167,76,83,84,82,86
18,23,23,31,23,9,6,7,15,15
1927.3,1817.7,1927,1947.6,2130.5,2650.7,2812.1,2892.9,3064.2,3402
3.3011e+07,2.9508e+07,3.3772e+07,3.4131e+07,3.723e+07,4.3953e+07,4.7887e+07,5.6874e+07,6.2068e+07,6.8238e+07
0.27115,0.25576,0.2711,0.29397,0.29973,0.25586,0.2779,0.27923,0.26495,0.30696
762.44,977.52,888.19,949.46,756.07,2064.4,1465.7,1456.1,4255.5,1910.1
