10692,11993,11021,9051.1,12753,17823,16311,18509,19350,17557
17662,17497,17986,17519,15344,19214,17505,15769,16631,15647
7160,18556,7240,6990,7841,5969,8492,6700,6500,6560
2587,9561,2516,2068,2928,2139,3690,2508,2052,2110
0.63869,0.48475,0.65249,0.70415,0.62658,0.64165,0.56547,0.62567,0.68431,0.67835
14348,14398,14150,14596,14497,17128,21696,22241,19114,18916
1.6314,1.6371,1.6779,1.8639,1.941,1.4967,1.5938,1.8839,1.3446,1.7068
14,33,9,14,16,14,19,17,12,16
1024.9,436.3,1572.2,1042.6,906.06,1223.4,1141.9,1308.3,1592.8,1182.2
1.0153,1.017,1.0153,1.0129,1.0082,1.0186,1.0051,0.99761,0.99849,1.0175
0.94801,0.95311,0.9712,0.94532,0.9778,1.0156,0.98197,1.0372,1.0091,1.0084
6.4079,13.546,6.1356,6.2148,6.1753,7.121,7.3789,6.6241,7.2598,6.0391
26,52,26,28,28,21,21,30,24,21
31,63,32,32,31,28,30,31,31,29
361,361,412.22,283.34,130.55,74.989,621.14,655.1,260.54,85.607
361,361,412.22,283.34,130.55,74.989,621.14,655.1,260.54,85.607
22.014,22.146,24.943,18.571,15.411,15.419,36.716,39.687,24.585,16.265
0.7482,0.86081,1.1882,0.72871,0.41262,0.0023941,1.6426,1.9705,0.45429,0.0072261
15.161,15.937,20.098,13.314,6.3442,1.0488,29.998,32.858,11.2,0.95545
324.47,324.47,371.04,268.44,114.92,2.826,582.08,593.68,236.54,3.8201
-17.136,-28.421,-20.96,-13.795,-7.9869,-2.6255,-57.069,-60.441,-23.593,-2.6899
-4.268,-3.0118,2.1867,-2.7734,-6.5928,-3.1063,-4.4598,-2.2243,-3.8,-1.4382
1.7289,1.9609,2.4711,1.8848,1.4511,3.9262,3.4776,3.1493,3.0891,3.1658
82.437,83.239,85.717,88.402,83.047,53.479,58.611,53.112,52.427,57.41
30.625,27.767,28.151,19.746,18.608,12.607,14.641,12.788,15.378,13.26
229,229,225,164,149,87,110,92,101,99
15,15,13,25,29,2,3,10,0,5
1243.9,1847,1005.2,1300.6,1414.9,2632.1,3916.3,5135.7,4954.1,3649.7
1.7848e+07,2.6593e+07,1.4223e+07,1.8983e+07,2.0512e+07,4.5083e+07,8.4969e+07,1.1422e+08,9.4693e+07,6.9037e+07
0.14144,0.21,0.1192,0.16608,0.18944,0.23,0.28769,0.435,0.34851,0.3293
1780.2,1853,2612.3,1805.8,1462.8,2622.2,2203.3,2404.1,3370.2,2015.4
