14259,14299,13746,14215,14111,15612,15259,15365,15328,15293
13392,13687,13978,13933,14115,13978,14667,14213,14176,14262
6259,5728,5648,6019,6138,7611,8752,7381,7371,7421
1111,976,1015,1003,1006,1888,3216,2024,2017,2118
0.8225,0.82961,0.82029,0.83336,0.8361,0.75194,0.63254,0.72578,0.72636,0.71459
20653,18717,21199,19015,18965,22738,20901,20951,22192,21696
3.4987,3.3057,3.3843,3.1565,3.2128,1.6853,1.6064,1.8116,1.738,1.9161
4,9,9,5,9,11,5,4,10,12
5163.2,2079.7,2355.4,3803,2107.2,2067.1,4180.2,5237.8,2219.2,1808
1.014,1.0195,1.0185,1.0223,1.0182,0.99511,1.0152,1.0048,0.99974,0.99606
0.97392,0.9671,0.96793,0.96993,0.95501,0.97672,0.96517,0.96026,0.99985,0.97963
4.4811,4.4445,4.5097,4.7386,4.7263,5.5004,6.0319,5.7752,5.4438,5.5836
22,20,22,21,22,22,23,23,16,19
23,23,26,25,25,26,26,26,24,25
156.34,130.55,130.55,501.42,156.97,364.45,521.46,121,390.54,374.33
156.34,130.55,130.55,501.42,156.97,364.45,521.46,121,390.54,374.33
18.931,18.536,21.933,27.359,17.107,23.595,31.075,18.047,25.21,23.775
0.4789,0.42734,0.3896,0.82692,0.46627,0.79316,1.3056,0.26679,1.2403,0.60533
8.2994,7.3747,7.0282,20.734,8.3253,15.118,22.23,5.0534,18.176,14.635
143.34,117.55,130.55,463.1,141.42,340.35,482.41,108.04,362.21,338.23
-7.492,-10.603,-13.055,-45.917,-11.691,-33.985,-48.232,-12.1,-35.149,-35.023
-18.427,-14.51,-14.009,-19.487,-17.875,-22.27,-24.246,-24.117,-24.444,-23.42
5.5622,5.8634,6.4854,6.3005,5.5162,5.1073,4.7752,4.8359,5.2299,4.9053
82.2,87.282,93.434,90.866,82.353,51.952,53.754,54.44,53.756,58.002
30.851,28.24,28.818,30.17,21.196,9.8031,13.606,13.368,12.603,13.368
225,255,255,222,183,85,110,88,102,105
14,17,34,34,20,11,2,6,11,14
917.35,1027.2,1264.5,1185,1139.5,1619.9,2353.2,1809.2,1538.7,1683.7
1.8946e+07,1.9226e+07,2.6806e+07,2.2533e+07,2.1612e+07,3.6833e+07,4.9185e+07,3.7905e+07,3.4147e+07,3.6529e+07
0.1554,0.18142,0.20187,0.19672,0.19305,0.12006,0.18086,0.15644,0.1205,0.1487
5896.5,1964.7,2461.3,4160.8,2196.1,2383.4,5947,7834.3,2751.4,2319.6
