12386,12064,11518,11965,11168,12983,12140,16408,11939,12908
20371,20141,21075,20731,21674,14690,10129,11526,11430,10663
8352,13860,8622,8552,8663,6960,6199,6840,5998,5618
1147,1472,1169,775,1027,876,865,986,676,625
0.86267,0.8938,0.86442,0.90938,0.88145,0.87414,0.86046,0.85585,0.8873,0.88875
15539,15837,15838,15837,15291,19511,16929,21497,20007,20852
2.1861,2.1911,2.2285,2.0541,2.1515,1.1909,1.041,1.405,1.384,1.1696
13,21,15,10,16,9,12,8,10,8
1195.3,754.14,1055.9,1583.7,955.69,2167.9,1410.8,2687.1,2000.7,2606.5
0.99237,1.0098,1.0004,1.0114,0.99976,1.0146,1.0327,1.081,0.99695,0.99114
1.0216,0.97023,1.0198,1.0264,1.0252,0.93623,1.0243,1.0267,1.0683,1.0298
7.8385,7.8401,7.7402,7.2044,7.4302,8.5613,8.5117,8.0129,7.7021,9.2599
34,30,30,26,28,31,34,37,31,35
39,41,39,31,31,30,33,31,30,31
311.91,149,198,232.9,367.49,521.46,1245.8,199,260.54,1010.7
311.91,149,198,232.9,367.49,521.46,1245.8,199,260.54,1010.7
22.007,11.607,15.988,17.124,20.87,35.064,59.543,30.256,33.632,60.231
1.0068,0.49901,0.3686,0.50145,0.85986,1.4859,2.6018,0.43905,0.69567,2.9122
15.184,7.6738,8.1562,10.789,15.347,22.751,50.264,9.0801,12.574,49.193
296.28,139.1,178.1,222.48,337.69,469.36,1130.7,175.85,235.93,926.09
-28.422,-13.092,-17.476,-21.748,-34.259,-24.77,-111.65,-18.41,-17.981,-90.477
-17.978,-12.781,-15.275,-12.844,-13.115,-28.254,-21.791,-22.398,-24.109,-31.19
1.0587,0.31991,0.41386,0.75253,0.77547,1.2143,-0.74915,1.4243,0.058354,2.9343
83.688,94.668,82.955,80.528,90.93,59.419,47.073,55.008,51.325,58.635
30.467,30.483,23.077,21.943,41.381,12.794,12.734,12.165,12.939,14.275
196,226,186,169,255,88,77,90,96,99
6,11,1,18,30,8,4,7,5,7
3135.6,3238,3000.1,3475.9,2875,7241.9,7201.4,7821.2,5582.1,6283.7
4.8724e+07,5.1279e+07,4.7516e+07,5.5047e+07,4.3962e+07,1.413e+08,1.2191e+08,1.6813e+08,1.1168e+08,1.3103e+08
0.44114,0.44797,0.42213,0.45083,0.40453,0.44201,0.44281,0.51119,0.38614,0.35244
717.52,421.29,779.39,550.4,397.43,573.6,823.27,864.56,930.19,870.24
