17028,15756,14337,13963,15903,17624,16826,16620,16110,16600
26581,27627,27896,27524,27555,15467,15546,15598,15782,15647
6104,6063,6281,6688,6531,6940,5007,5638,4957,5138
3207,1891,3911,4176,2341,2385,1583,1767,1714,1787
0.47461,0.68811,0.37733,0.3756,0.64156,0.65634,0.68384,0.68659,0.65423,0.6522
17227,19958,18618,17377,16681,16681,16979,16482,16979,16880
2.6003,2.7612,2.3778,2.153,2.5175,1.5915,1.5154,1.5036,1.5154,1.6484
80,9,123,125,8,6,5,14,5,12
215.34,2217.6,151.37,139.02,2085.1,2780.2,3395.8,1177.3,3395.8,1406.7
0.99136,0.9969,0.99697,0.99832,1.0008,1.0031,0.99133,1.0071,1.0005,0.99903
1.0334,1.0524,1.045,1.0133,1.0289,1.046,1.0554,1.0274,1.0397,1.0299
5.208,5.0005,5.1803,5.1744,5.2757,6.7348,6.6667,6.6328,6.7762,6.3305
20,20,22,24,18,20,20,21,22,23
19,21,21,21,19,20,21,20,20,19
124.17,166.15,190.12,170.5,165.9,260.54,240,121,283.34,116.72
124.17,166.15,190.12,170.5,165.9,260.54,240,121,283.34,116.72
17.044,20.361,20.046,19.201,19.689,20.501,23.241,15.683,23.405,19.305
0.53812,0.56749,0.56573,0.5172,0.51703,0.67063,0.80989,0.25857,0.81203,0.16577
2.311,2.4657,2.7449,2.3801,2.5336,12.02,11.857,4.9373,14.884,2.827
14.912,19.123,20.47,15.085,17.096,232.21,203.46,96.9,267.78,49
-5.3292,-6.9554,-7.9754,-7.7459,-8.5579,-24.844,-11.397,-9.7,-13.229,-3.6
-13.164,-2.6173,-12.587,-10.011,-7.1908,-20.002,-21.191,-14.047,-19.227,-22.007
5.1866,6.998,6.0356,5.0603,6.2456,5.6166,6.9622,5.3129,6.5069,6.4997
59.293,60.92,61.7,62.375,63.367,55.462,57.414,60.045,56.598,58.218
13.23,12.954,12.953,14.973,14.451,13.999,13.663,13.267,13.384,12.452
91,95,92,89,106,95,100,94,85,86
7,19,8,9,12,7,11,11,12,16
1091.8,1903,831.32,964.5,2180.4,4220.1,3743.5,3192.9,3186,3272.6
1.8809e+07,3.798e+07,1.5477e+07,1.676e+07,3.6371e+07,7.0396e+07,6.3562e+07,5.2625e+07,5.4094e+07,5.5241e+07
0.1648,0.26328,0.10617,0.1195,0.32906,0.40265,0.33413,0.29127,0.28436,0.31959
468.35,3589.2,411,346.57,3553.3,5529.8,7928.8,2476.3,8190.1,2855.2
