20542,18344,19821,19023,18645,17255,15896,14597,17600,16886
16899,17604,12702,12640,12580,18124,19097,20089,18865,18863
11957,10535,7701,7481,7351,5068,4667,5408,5007,6719
1081,1028,914,938,788,725,544,664,681,1166
0.90959,0.90242,0.88131,0.87462,0.8928,0.85695,0.88344,0.87722,0.86399,0.82646
23037,23682,23583,23583,23732,24575,24675,23036,25866,28050
2.4206,2.4574,2.303,2.478,2.3453,1.7895,1.7812,1.7705,1.7041,1.6751
16,13,10,13,11,12,10,10,3,8
1439.8,1821.7,2358.3,1814.1,2157.5,2047.9,2467.5,2303.6,8622,3506.2
0.97599,0.96879,0.9624,0.94876,0.94852,0.92543,0.94271,0.94305,0.94422,0.9353
0.99708,0.98496,1.0064,0.99448,0.98583,0.99802,1.0182,0.95216,0.97232,0.98709
5.8355,5.5449,5.7228,5.6587,5.6238,7.1785,7.3554,7.1413,8.0133,7.9711
20,17,13,16,12,16,22,20,22,26
27,24,20,23,21,24,22,24,23,22
276.84,232.05,463.09,246.13,345.81,146,542.06,1269.1,361,423.3
276.84,232.05,463.09,246.13,345.81,146,542.06,1269.1,361,423.3
14.725,15.277,25.845,18.321,20.811,30.952,46.307,63.942,41.913,35.293
0.37244,0.71566,1.0898,0.3771,0.78139,-0.0063671,2.0958,2.5533,0.59469,0.81625
9.4115,10.657,18.054,8.7495,14.305,1.3091,28.835,52.199,14.605,17.378
249.29,202.25,407.18,222.03,330.18,4.96,482.69,1131.1,299.99,395.71
-25.204,-20.881,-40.359,-11.658,-17.291,-15.62,-25.192,-115.72,-32.347,-37.656
-2.3856,-4.2131,-4.6186,-5.1036,-4.3463,-18.35,-8.6994,-9.3962,-13.353,-15.704
0.8773,0.44393,1.2151,1.3222,1.6265,1.7901,2.399,-0.184,3.1726,1.1432
101.21,105.63,100.43,104.55,106.01,59,58.646,59.217,57.674,56.714
20.125,21.144,24.471,26.36,24.711,12.234,12.265,11.474,11.853,12.343
170,213,187,255,231,99,98,105,114,92
30,15,15,26,18,15,14,2,4,8
3544.1,3276,3639,3659.8,3778,7166,7803.8,7414.4,8684.8,10356
8.1645e+07,7.7581e+07,8.5819e+07,8.6309e+07,8.966e+07,1.761e+08,1.9256e+08,1.708e+08,2.2464e+08,2.9047e+08
0.3724,0.33994,0.35537,0.38455,0.37336,0.52181,0.56333,0.56986,0.57216,0.61843
964.77,1165.7,1821.6,1242.3,1595.9,1796.4,1621.2,1301.3,7010.1,2309.3
