12762,13006,12838,13175,13285,14947,12913,11175,14481,14813
17337,16909,17122,17246,16787,15776,15439,16680,15392,15807
3004,2504,3355,3054,2544,2834,2834,6659,3485,3074
242,42,274,263,252,582,503,3826,591,602
0.91944,0.98323,0.91833,0.91388,0.90094,0.79464,0.82251,0.42544,0.83042,0.80416
12908,12461,15093,13256,16930,15291,11319,14447,16532,19312
1.0505,1.0664,1.392,1.1462,1.5276,1.1863,0.81702,0.92967,1.2825,1.4982
4,4,5,6,4,6,6,7,6,5
3227,3115.2,3018.6,2209.3,4232.5,2548.5,1886.5,2063.9,2755.3,3862.4
0.98077,0.98736,0.98817,0.99553,0.97761,0.98449,0.99705,0.94462,0.94209,0.95649
1.051,1.1229,1.1169,1.0947,1.0746,0.92376,0.95675,0.9684,1.0182,1.0203
7.0506,6.8182,6.1098,7.0976,5.3272,5.6492,5.753,5.9795,4.9125,4.32
14,10,10,10,10,14,10,12,10,17
13,15,16,16,13,13,11,13,15,18
248,130.92,159.35,385.5,745,283.34,504.5,411.73,374.33,275.51
248,130.92,159.35,385.5,745,283.34,504.5,411.73,374.33,275.51
30.211,28.391,21.463,32.793,58.979,27.407,35.507,31.874,31.105,31.565
1.0871,0.57449,-0.0087019,0.55066,3.6265,1.6651,1.7479,2.1224,1.2339,0.95039
15.139,7.7719,1.3935,8.5497,47.461,19.172,29.692,26.358,19.727,15.246
228.87,115.37,10.475,138,669.62,248.76,455.4,383.4,325.87,240.93
-21.125,-6.1573,-5.9318,-12.471,-64,-13.516,-45.528,-23.058,-33.788,-13.194
-1.5888,-5.179,-3.1406,0.7926,2.4576,-26.999,-16.021,-20.799,0.68639,-9.5131
4.1597,5.1845,5.0651,5.2824,11.29,2.8853,2.84,3.653,3.6216,7.6178
92.734,92.143,96.87,107.87,97.038,43.412,46.237,45.109,49.796,47.846
19.849,30.043,29.198,41.336,25.055,9.7893,9.133,10.455,9.7403,9.1498
165,201,255,255,254,69,76,74,77,73
29,35,30,13,28,8,14,11,21,10
4434.1,4242.5,3334.9,3300.6,2557.7,4056.8,3646,4675.3,3231.4,3223.4
5.7236e+07,5.2865e+07,5.0334e+07,4.3753e+07,4.3302e+07,6.2032e+07,4.1269e+07,6.7544e+07,5.3421e+07,6.2251e+07
0.36085,0.36307,0.30756,0.28539,0.23078,0.31472,0.26317,0.30086,0.25069,0.25007
1345.8,304.08,1363.1,2031.6,2667.5,2549,1748.2,2267.6,2086.5,1752
