14557,14726,14520,14896,14800,15415,16945,17602,16250,16546
14309,13926,14127,13957,13990,16733,14029,15089,15502,15204
5948,5268,5808,5267,6800,5798,6339,6359,6108,6229
400,485,464,353,420,1825,905,857,606,475
0.93275,0.90793,0.92011,0.93298,0.93824,0.68524,0.85723,0.86523,0.90079,0.92374
14546,14348,14646,14447,14944,21596,22887,23930,22639,24278
1.5284,1.5671,1.5389,1.4805,1.6323,1.5322,1.5702,1.7273,1.6062,1.7677
2,9,8,7,2,11,7,10,7,8
7273,1594.2,1830.8,2063.9,7472,1963.3,3269.6,2393,3234.1,3034.8
1.0213,1.027,1.0293,1.0305,1.0145,1.0282,1.0201,1.0041,1.0031,1.023
1.0228,1.0119,1.0147,0.99287,1.0244,0.93562,0.9654,0.99173,0.99604,0.96941
7.5769,7.7301,7.6806,8.1715,7.5361,7.3518,8.0739,8.1913,7.7363,7.9503
27,27,27,27,30,27,26,24,25,29
30,28,25,25,27,30,26,28,26,29
368.44,536.59,361,282.82,249,656.25,729.75,620.17,156.34,390.54
368.44,536.59,361,282.82,249,656.25,729.75,620.17,156.34,390.54
21.008,33.71,28.883,24.358,20.311,52.558,45.732,33.716,17.619,27.177
0.5596,1.8971,1.7638,1.4007,0.87385,3.4557,2.8396,1.0815,0.3765,1.3096
14.183,29.144,23.007,17.937,14.563,44.382,40.588,24.167,7.0688,20.211
331.72,511.79,336.9,258.2,232.93,609.97,680.54,558.05,140.72,362.21
-31.333,-37.504,-32.48,-26.72,-22.132,-60.033,-66.934,-55.815,-12.801,-24.1
-17.579,-18.45,-23.227,-22.545,-18.624,-19.682,-14.924,-23.388,-17.477,-22.74
-0.33345,-0.3049,0.12611,0.48805,0.16558,1.9328,3.979,3.5531,1.349,0.73828
95.754,96.772,99.308,97.616,100.07,43.273,44.236,49.746,53.56,53.513
15.344,12.603,12.96,12.758,17.128,11.107,12.954,10.807,11.298,11.244
158,132,146,140,188,75,81,91,88,99
36,38,32,46,38,7,5,9,13,10
3100,3225.7,2995,3363.1,2858.9,3673.3,4505.8,4256.8,4313.5,4993.7
4.5093e+07,4.6282e+07,4.3865e+07,4.8587e+07,4.2724e+07,7.9328e+07,1.0313e+08,1.0186e+08,9.7654e+07,1.2124e+08
0.32574,0.3523,0.3147,0.34465,0.31228,0.26061,0.30913,0.30726,0.30603,0.3636
3115.4,734.94,633.88,651.78,3376,1623.6,1528.1,1346.3,1220.4,1223.3
