12141,12594,12871,13042,13171,17540,17540,11754,17569,15519
19571,14127,14103,14105,14404,25717,25717,21742,23042,20254
5388,6619,7551,7381,7130,6019,6019,6189,4407,5407
1466,1976,2077,1948,2072,1235,1235,1048,864,823
0.72791,0.70147,0.72494,0.73608,0.7094,0.79482,0.79482,0.83067,0.80395,0.84779
12660,13008,13206,13008,12809,23930,23930,18717,21894,25717
1.695,2.2494,2.284,2.3996,2.0061,2.1828,2.1828,1.5085,2.0889,2.0528
10,11,12,15,8,13,13,12,11,10
1266,1182.5,1100.5,867.2,1601.1,1840.8,1840.8,1559.8,1990.4,2571.7
1.0079,1.004,1.0051,0.9942,1.0206,0.99128,0.99128,0.96487,0.98181,0.94901
0.97948,0.99161,0.99157,0.98034,0.97513,0.94851,0.94851,1.0053,0.95767,0.90646
6.71,6.1665,6.1668,6.1025,6.2936,6.866,6.866,7.1378,6.1533,6.4897
22,25,26,26,25,24,24,26,26,27
25,26,28,27,29,26,26,27,28,26
130.55,383.26,120,120,321.63,156.97,156.97,78.163,468.88,283.34
130.55,383.26,120,120,321.63,156.97,156.97,78.163,468.88,283.34
16.565,21.512,11.515,11.395,22.255,24.519,24.519,17.977,38.928,29.015
0.26326,0.99559,0.24447,0.16565,1.1932,0.79237,0.79237,-0.041803,2.1054,0.38782
6.0211,17.799,5.3463,4.9859,17.876,10.422,10.422,1.2147,27.987,11.319
118.55,368.36,120,115.1,287.05,141.42,141.42,2.4487,418.81,242.03
-9.41,-35.346,-10.691,-12,-27.482,-14.567,-14.567,-15.557,-42.207,-23.327
-25.04,-23.56,-20.305,-17.499,-20.138,-40.63,-40.63,-39.913,-33.796,-30.15
1.1261,1.3262,0.70866,0.59458,0.4361,2.0877,2.0877,1.2047,2.2638,1.8192
89.26,83.103,84.162,87.214,72.043,47.822,47.822,57.173,61.87,60.475
23.733,19.63,20.096,20.217,19.495,9.4785,9.4785,11.723,11.016,11.772
172,140,144,153,132,73,73,86,103,110
19,20,21,16,4,0,0,6,30,20
2052.9,1758.8,1902.1,1732.5,2006.4,3049.4,3049.4,3092.5,2752.2,4150.5
2.5989e+07,2.2879e+07,2.5119e+07,2.2537e+07,2.57e+07,7.2972e+07,7.2972e+07,5.7882e+07,6.0257e+07,1.0674e+08
0.27485,0.30414,0.32897,0.3196,0.31423,0.27815,0.27815,0.24923,0.26259,0.3313
2489.4,2057,2039.8,1562.6,3101.7,2930.3,2930.3,2767.1,2879,3976.2
