8683.8,7094.3,8734.1,9908.5,10174,13806,13857,14090,13907,13946
10396,11755,10938,10011,9980.3,17164,17042,17008,16984,17309
5427,3916,4938,5528,5097,3855,3956,3746,3535,4257
624,524,476,603,594,604,774,803,503,611
0.88502,0.86619,0.9036,0.89092,0.88346,0.84332,0.80435,0.78564,0.85771,0.85647
11617,12709,11518,11121,10773,17674,18071,17277,17873,17674
1.1905,1.1593,1.2748,1.7093,1.4194,1.2125,1.2501,1.2258,1.1591,1.1832
7,8,9,8,7,6,7,6,8,3
1659.6,1588.6,1279.8,1390.1,1539,2945.7,2581.6,2879.5,2234.1,5891.3
0.91916,0.93562,0.94438,0.95803,0.92978,0.99918,1.0324,0.99532,1.0078,1.0222
0.9793,0.98723,0.97744,0.9606,0.99622,0.9617,0.97374,0.98189,0.9633,0.99152
7.0845,6.2005,6.5399,5.4798,6.3609,6.1852,6.0561,6.3058,6.1373,6.31
11,21,14,13,11,11,12,11,11,15
16,20,11,14,14,10,12,12,10,10
504.5,90.215,390.54,231.53,121,244.95,149,437.98,484.59,365.44
504.5,90.215,390.54,231.53,121,244.95,149,437.98,484.59,365.44
28.079,21.469,25.415,17.042,14.848,18.782,18.037,33.878,36.552,24.638
0.83115,-0.015443,0.95647,0.74367,0.31285,0.61934,0.77453,2.0478,2.3114,1.3571
20.685,1.1579,17.946,11.317,5.6698,12.155,10.432,28.287,32,18.663
454.08,3.6348,364.45,212.33,108.04,218.86,134.1,370.81,436.23,316.99
-44.348,-9.9,-34.928,-20.027,-12.1,-21.886,-12.585,-37.556,-43.614,-32.934
-23.377,-16.007,-24.984,-18.904,-28.625,-26.192,-13.451,-12.925,-23.777,-17.537
-1.212,-1.4963,-0.63817,-0.44241,-0.63281,-2.6605,-1.7399,-1.988,-2.535,-2.1958
57.943,66.421,61.751,64.182,60.748,65.654,64.541,63.683,61.294,68.019
10.969,15.813,13.156,10.781,10.474,13.901,14.568,15.317,15.619,18.499
84,100,97,91,90,98,97,102,99,116
7,14,6,6,13,8,6,7,11,5
2602.7,1991.7,1780.6,1465.5,2103.9,2956.6,3281.1,3210.3,3181.6,3412
3.0236e+07,2.5313e+07,2.0509e+07,1.6297e+07,2.2666e+07,5.2254e+07,5.9293e+07,5.5464e+07,5.6865e+07,6.0304e+07
0.26672,0.18168,0.19708,0.22525,0.2772,0.20284,0.22697,0.22778,0.20633,0.22841
1306.8,1034.3,794.93,740.76,1166,1673.6,1080.6,1350.3,1031.6,3285.2
