10611,10449,11112,10915,10160,10252,10841,10888,8903.3,10394
15606,16140,16524,16403,17385,12375,12630,13200,13365,14978
3846,3095,2624,2644,3195,3034,2874,2854,2553,2473
44,51,33,92,91,93,42,33,31,40
0.98856,0.98352,0.98742,0.9652,0.97152,0.96935,0.98539,0.98844,0.98786,0.98383
21001,20455,19362,20157,21150,17972,18618,18071,16929,15738
3.7901,3.4652,2.9765,4.1828,3.817,1.8192,1.6617,1.5791,2.0075,2.0735
5,4,4,6,6,7,4,4,3,3
4200.2,5113.8,4840.5,3359.5,3525,2567.4,4654.5,4517.8,5643,5246
0.99638,0.99214,1.0013,0.99773,0.99836,0.98058,0.98162,0.9918,1.0155,0.98586
0.98422,1.0243,0.99536,1.001,1.0284,1.0165,1.0363,1.0067,1.0148,1.0164
2.7525,2.7079,2.7947,2.7126,2.7018,4.3119,4.3521,4.494,3.3456,3.7928
12,11,9,11,11,12,11,11,8,11
18,15,15,16,18,17,15,15,15,15
275.51,283.34,311.77,345.81,232.38,121,657.37,484.59,362,241
275.51,283.34,311.77,345.81,232.38,121,657.37,484.59,362,241
19.587,28.916,26.522,33.558,21.394,19.102,42.058,33.36,27.193,23.609
0.61051,2.1935,0.91858,1.9215,1.0735,0.30436,2.3331,1.3734,1.5519,1.8455
13.392,21.973,16.681,24.68,13.815,5.7022,35.666,25.998,20.828,18.399
260.61,236.45,267.89,311.23,204.83,97,591.7,436.23,313.9,204.9
-26.061,-25.738,-28.572,-33.091,-21.326,-9.69,-31.307,-43.614,-17.497,-21.639
-9.2422,-5.0018,-10.203,-10.777,-14.142,-9.582,-5.7719,-24.525,-1.269,-10.949
3.6651,5.2953,5.4298,6.7957,5.9799,5.0159,7.2592,5.5969,6.2059,6.8665
86.14,90.247,91.402,86.19,86.239,66.865,64.035,60.822,66.809,69.683
30.432,22.99,27.134,27.897,22.757,14.377,16.322,9.2222,12.773,12.91
246,192,191,188,221,98,101,87,109,109
5,17,27,19,27,19,23,10,18,33
976.91,1207.3,1023.9,998.95,883,2407.1,2475.7,3065.6,1155.1,1370.3
2.0516e+07,2.4695e+07,1.9825e+07,2.0136e+07,1.8676e+07,4.3261e+07,4.6093e+07,5.5399e+07,1.9555e+07,2.1566e+07
0.17631,0.20452,0.1574,0.2073,0.15936,0.24366,0.22097,0.26788,0.13698,0.18054
122.58,143.97,130,297.98,251.07,250.94,411.45,173.82,241,148.07
