13405,14447,15342,14597,14348,14508,13889,13901,13803,13976
13449,12877,13303,13927,14213,15819,15665,15673,15836,15899
3505,3354,2483,2343,2233,3505,2854,2734,3044,2984
433,343,202,190,171,33,33,42,0,33
0.87646,0.89773,0.91865,0.91891,0.92342,0.99058,0.98844,0.98464,1,0.98894
17128,16036,16383,16731,16879,20007,19312,20107,20454,20207
2.1542,1.8749,1.7,1.8037,1.7964,1.3393,1.2524,1.346,1.3693,1.2518
6,6,5,2,4,4,4,4,1,4
2854.7,2672.7,3276.6,8365.5,4219.8,5001.8,4828,5026.8,20454,5051.8
1.0025,1.0058,1.0062,1.0124,1.0148,0.98897,0.98992,0.98911,0.99275,0.99704
1.0251,1.0266,1.0057,0.99701,0.99597,1.0552,1.0412,1.0065,1.0404,1.0383
5.1401,5.3963,5.9184,5.7295,5.9458,5.8108,5.9345,5.75,5.7725,6.1622
14,15,13,14,13,10,13,13,11,11
13,14,18,18,16,11,11,11,11,11
803.17,109.87,199,345.81,613.46,246.13,411.73,738.19,482,260.54
803.17,109.87,199,345.81,613.46,246.13,411.73,738.19,482,260.54
49.442,20.998,31.662,39.226,57.543,19.336,27.729,61.88,38.494,21.362
2.6168,0.14343,0.65285,1.3263,3.6644,0.94664,1.196,4.487,3.109,0.72968
41.749,3.1014,11.404,21.917,42.588,14.381,21.934,58.045,35.119,13.807
723.67,50,171.41,318.22,553.78,233.13,367.94,686.09,445.47,236.44
-37.903,-3.83,-17.067,-31.826,-29.235,-23.308,-37.418,-67.618,-44.59,-24.484
-26.958,-23.863,-20.947,-17.663,-20.614,-16.912,-16.589,-14.718,-12.02,-14.815
-0.32257,2.1521,1.8974,1.4639,5.5883,4.253,5.2341,6.6253,4.8445,4.3075
93.902,97.169,97.342,99.144,106.6,62.884,62.404,65,65.556,62.207
15.819,18.146,19.115,23.916,21.376,12.347,12.952,12.827,11.512,10.593
140,163,161,185,167,93,87,90,99,91
50,37,27,37,42,13,5,22,19,22
2581.4,2664.2,3650.4,3364.3,4047.9,5193.5,5328,5314.2,5337.8,6032.2
4.4214e+07,4.2723e+07,5.9805e+07,5.6288e+07,6.8325e+07,1.0391e+08,1.0289e+08,1.0685e+08,1.0918e+08,1.2189e+08
0.32466,0.31149,0.37879,0.36269,0.43081,0.34767,0.34553,0.35575,0.35733,0.37369
1462.7,1317.6,1559.2,6015.4,2144.4,345.78,448.77,501.29,0,339.62
