15914,13867,14907,15937,16597,14589,14491,15561,15168,14852
18365,19170,18609,18388,18234,18070,17478,17398,17674,17493
4537,4216,4266,4456,3895,4046,3625,3254,3665,4046
554,614,623,651,473,394,333,250,363,434
0.87789,0.85436,0.85396,0.8539,0.87856,0.90262,0.90814,0.92317,0.90095,0.89273
25966,23136,24427,25966,26313,22242,22043,22589,22192,21745
2.1994,1.9798,2.2782,2.3949,2.2288,1.7926,1.7764,1.7524,1.7884,1.7357
6,6,5,2,6,6,6,2,7,6
4327.7,3856,4885.4,12983,4385.5,3707,3673.8,11294,3170.3,3624.2
0.97729,0.95721,0.97158,0.95736,0.97272,0.98061,0.98346,0.98176,0.98428,0.98415
0.98607,0.99954,0.96128,1.0048,0.97174,0.9615,0.96689,0.97788,0.98305,0.96088
4.07,4.3678,3.8717,3.6856,4.0802,4.252,4.0712,3.9146,4.0934,4.2888
17,18,16,17,19,16,16,15,16,16
17,17,16,17,19,17,17,18,20,22
120,311.91,346.53,692.34,764.35,260.92,260.54,283.34,437.98,536.59
120,311.91,346.53,692.34,764.35,260.92,260.54,283.34,437.98,536.59
20.99,24.556,27.04,41.72,45.682,22.664,23.891,26.257,34.334,32.487
0.17942,0.67381,1.4317,2.3683,2.0605,0.9632,0.9343,1.5444,1.9899,1.2355
5.6382,14.758,19.613,36.654,38.077,14.498,14.275,17.717,27.008,24.303
107.9,279.74,330.89,635.81,700.98,229.73,236.44,255.01,385.83,461.53
-24.1,-29.201,-32.74,-32.974,-69.718,-23.633,-24.854,-13.136,-20.482,-47.085
-27.487,-36,-31.082,-31.65,-31.322,-32.609,-30.278,-32.31,-27.967,-29.339
6.732,6.7419,7.3786,8.8875,7.6937,6.3674,6.299,7.1826,6.4479,6.9041
61.118,59.043,55.266,59.306,54.34,59.748,65.777,62.715,63.613,68.995
13.458,13.12,10.893,12.336,12.398,11.952,13.864,11.606,12.304,15.463
96,87,85,98,83,102,103,102,97,103
22,11,15,15,4,12,14,19,14,20
2709.4,2798.6,2317.9,2416.9,2755.9,2570.4,2361.5,2186.4,2338.3,2621.3
7.0351e+07,6.4749e+07,5.6619e+07,6.2758e+07,7.2516e+07,5.7171e+07,5.2054e+07,4.9388e+07,5.1892e+07,5.6999e+07
0.22949,0.23949,0.21618,0.22292,0.23343,0.20716,0.1903,0.16962,0.18844,0.20923
851.86,938.68,1505.2,3673.9,1333.5,998.25,1030.1,5139.9,944.03,1073.2
