15877,16996,17367,16103,17596,16086,15917,15409,15380,16116
15377,21996,22251,22574,22486,14235,14602,14463,14754,14462
8843,7991,7330,6659,7300,9093,12528,9634,9033,8673
1591,1257,921,895,826,807,1010,849,757,656
0.82008,0.8427,0.87435,0.8656,0.88685,0.91125,0.91938,0.91187,0.9162,0.92436
25121,26710,26611,27901,27405,29292,28845,29986,29440,29143
3.1599,2.9964,2.8688,2.7907,2.8796,1.8282,2.0821,1.9755,1.8945,1.8754
14,10,3,8,10,12,13,14,10,11
1794.4,2671,8870.3,3487.6,2740.5,2441,2218.8,2141.9,2944,2649.4
1.0015,1.0051,1.011,1.0018,1.0086,0.9884,0.96582,0.98053,0.97129,0.99476
0.96945,0.90902,0.89627,0.92969,0.90477,0.9514,0.94889,0.92837,0.92448,0.93379
5.8582,5.8385,6.3617,5.6746,5.9738,7.1968,6.8045,6.8586,6.9863,7.216
39,31,32,26,28,31,23,23,22,25
26,28,29,32,30,35,30,32,30,34
198,275.94,320.7,705.45,130.92,397,462.83,552.35,447,423.3
198,275.94,320.7,705.45,130.92,397,462.83,552.35,447,423.3
19.451,23.96,27.22,45.397,26.606,26.763,20.829,26.128,26.428,28.006
0.22,0.65937,0.53844,2.1702,0.1736,1.4051,0.69326,1.0913,1.2622,1.5283
6.9293,11.843,12.454,32.985,5.2163,20.748,15.339,20.011,19.926,21.552
183.1,248.39,301.51,630.95,130.92,362.2,412.04,501.32,397.4,376.99
-17.81,-19.9,-30.58,-66.075,-9.9,-35.73,-40.759,-26.35,-40.23,-38.36
-3.2424,-4.6374,-9.0951,-5.0748,-7.6005,-13.61,-10.465,-10.698,-13.086,-11.07
3.6926,3.5506,4.5124,6.171,4.2853,3.1475,2.675,3.42,4.4248,4.1769
107.93,84.092,82.233,86.51,80.188,58.765,57.182,59.646,62.926,62.733
44.337,18.565,17.388,19.71,20.08,10.738,10.905,11.509,11.255,12.497
245,178,163,175,156,97,89,101,96,111
12,9,27,20,24,8,12,14,14,12
3576.3,3781.5,3840.8,3935.3,3796.8,7473.4,6207.8,6419.1,6500.6,6647.6
8.984e+07,1.0101e+08,1.0221e+08,1.098e+08,1.0405e+08,2.1891e+08,1.7906e+08,1.9248e+08,1.9138e+08,1.9373e+08
0.44985,0.42423,0.41406,0.39361,0.39895,0.46645,0.44809,0.42289,0.41832,0.42778
1328.3,1374.2,6356.6,1813.4,1716.8,1605.1,1177.7,1247.2,1892.4,1511
