16914,14385,14639,16452,15563,18021,18255,17044,18148,17556
16617,15774,16725,16267,16345,14631,14752,15016,15323,15410
4096,4046,3795,3485,3285,5057,4476,4577,4356,4737
92,53,71,93,42,564,44,785,411,554
0.97754,0.9869,0.98129,0.97331,0.98721,0.88847,0.99017,0.82849,0.90565,0.88305
20951,26214,26015,27008,25469,21596,21845,20852,21298,20802
2.2014,3.2475,2.666,3.3463,2.8572,1.4458,1.511,1.4188,1.4857,1.451
6,5,5,7,4,8,5,7,2,10
3491.8,5242.8,5203,3858.3,6367.2,2699.5,4369,2978.9,10649,2080.2
1.0115,1.0297,1.0011,1.0139,1.0287,1.0449,1.0485,1.0433,1.0398,1.037
0.95542,0.97832,0.96549,0.97652,0.96858,0.98151,0.98059,0.97,0.97979,0.9909
4.2205,3.8002,4.1949,3.7481,4.1596,5.5347,5.1398,5.6839,5.3596,5.5955
11,13,13,15,15,13,11,15,17,17
14,16,16,14,15,22,16,16,16,20
149,446,496,992,364.31,447,462.83,566.68,245.93,415.03
149,446,496,992,364.31,447,462.83,566.68,245.93,415.03
15.966,28.934,37.738,56.071,28.653,30.058,26.995,31.884,20.515,27.993
0.47565,1.3899,2.8864,2.8523,1.888,1.7146,1.2797,1.543,0.89522,1.7296
7.5858,22.685,34.272,48.762,23.942,25.717,22.327,28.079,13.853,22.975
125.71,396.3,451.3,896.83,352.21,395.95,418.13,535.49,208.47,360.43
-12.962,-39.63,-43.39,-47.49,-31.585,-39.11,-42.313,-53.203,-22.132,-38.023
-17.455,-15.627,-13.997,-21.656,-19.519,-7.7838,-8.1759,-8.2192,-6.7026,-9.6318
0.31058,-1.0357,-1.1149,-2.3099,-0.18107,-0.73361,-1.089,0.79974,0.67356,-0.19558
63.84,60.948,60.572,58.649,62.577,67.802,69.567,77.345,74.535,74.707
11.263,11.153,11.97,11.394,10.491,13.303,13.107,13.342,13.565,14.12
97,86,97,87,94,106,104,117,104,114
12,23,26,18,22,13,9,24,9,18
2752.9,2694.4,3289.7,2358.9,3179.1,3475,3577.4,4155.5,3827.5,3481.9
5.7676e+07,7.0632e+07,8.5581e+07,6.371e+07,8.0968e+07,7.5045e+07,7.8148e+07,8.6651e+07,8.1518e+07,7.2431e+07
0.28926,0.3338,0.33712,0.29227,0.35664,0.23264,0.24745,0.28275,0.267,0.24288
177.38,209.71,235.14,301.96,161.82,1942.9,195.28,2163.4,10438,1438.9
