12266,12785,13552,13477,13580,15225,17176,14727,15866,15049
12388,12005,11857,11779,11805,15707,15479,15251,15480,15521
5437,4567,3976,4416,3845,6760,4998,4807,5488,5358
1864,1496,1226,1375,1133,3327,1512,975,952,847
0.65716,0.67243,0.69165,0.68863,0.70533,0.50784,0.69748,0.79717,0.82653,0.84192
26015,22986,20404,23334,24178,18071,18071,17624,19908,20603
2.8416,2.3556,2.0406,2.362,2.255,2.1431,2.0001,1.7211,1.9214,2.1114
13,10,11,8,9,6,2,7,2,8
2001.2,2298.6,1854.9,2916.8,2686.4,3011.8,9035.5,2517.7,9954,2575.4
1.0288,1.0173,1.0305,1.0371,1.0213,0.99999,1.0281,1.0417,1.0506,1.0248
0.98209,1.0005,1.0128,1.0089,1.0177,0.95832,0.97689,0.97168,1.0277,0.98327
3.9187,4.4717,4.5208,4.3826,4.1373,5.3953,5.7391,6.0246,6.2549,6.9119
18,20,16,22,18,26,22,18,24,26
20,20,22,24,19,32,23,26,30,31
283.34,345.81,194.66,311.91,749.81,283.34,383.26,275.51,246.13,191.94
283.34,345.81,194.66,311.91,749.81,283.34,383.26,275.51,246.13,191.94
38.909,38.717,34.874,40.886,58.92,32.505,40.541,27.421,30.898,33.005
1.4337,0.96111,0.0062361,0.87413,2.1564,1.2199,1.9493,0.99356,1.0994,0.38851
17.926,17.96,1.2881,16.202,40.388,18.155,26.219,15.915,14.963,8.6158
283.34,318.13,5.8177,284.26,671.81,248.76,351.13,260.61,233.04,181.94
-28.334,-16.796,-4.0052,-15.115,-67.761,-24.429,-34.175,-24.791,-22.154,-17.289
-26.682,-24.966,-24.167,-24.223,-26.214,-15.487,-17.194,-15.239,-22.964,-23.666
7.6961,7.7844,8.8254,8.4553,10.094,8.2079,4.8369,5.1935,2.4273,3.2169
94.893,95.299,93.727,92.936,91.933,57.582,54.838,53.388,51.805,52.533
42.564,38.355,38.381,32.273,27.742,9.1638,10.787,12.559,11.03,11.468
255,255,246,223,197,89,87,84,92,85
16,21,26,15,20,20,11,0,5,6
1365.1,1395.3,1490.9,1515.5,1469.7,2137.6,2988.6,3943.9,2886.2,3025.9
3.5513e+07,3.2071e+07,3.042e+07,3.5363e+07,3.5535e+07,3.8628e+07,5.4006e+07,6.9507e+07,5.7458e+07,6.2342e+07
0.14911,0.14299,0.1491,0.15341,0.13707,0.25351,0.33078,0.38515,0.27856,0.31009
1094.8,1864.4,1265.4,1909.7,1773.9,2957.9,2536.6,1464,1561.2,571.9
