12545,10912,11026,13289,11207,9548.3,10057,9755.3,9501.3,9800.7
15407,14281,14419,15310,14646,16207,16236,15997,16069,15985
6238,6639,6018,7030,7371,5568,5728,5618,5759,5287
1071,1296,925,1024,957,763,805,865,786,796
0.82831,0.80479,0.84629,0.85434,0.87017,0.86297,0.85946,0.84603,0.86352,0.84944
31526,29838,27306,31923,30285,24030,23334,23880,23136,23880
5.3416,5.7602,5.3964,4.3439,5.3488,4.8644,4.5038,4.7194,4.5723,4.834
4,11,7,11,11,8,10,9,9,10
7881.5,2712.5,3900.9,2902.1,2753.2,3003.8,2333.4,2653.3,2570.7,2388
1.0027,0.99395,0.99964,0.99056,1.0101,0.99213,0.98866,0.9865,0.98788,0.98765
1.012,1.0633,0.99728,1.0113,1.0824,0.91768,0.92132,0.92197,0.91889,0.90078
3.9514,3.5792,3.5472,4.0013,3.7891,3.0977,3.2379,3.189,3.1773,3.1014
23,21,18,22,27,20,23,25,26,20
22,28,23,26,27,28,19,21,20,19
546,298,155.57,735.6,398,348,191.94,275.94,241,94.4
546,298,155.57,735.6,398,348,191.94,275.94,241,94.4
35.898,22.022,17.452,36.358,23.658,20.928,14.201,17.877,14.951,13.099
2.0226,1.0093,0.67943,2.1335,0.85605,1.3409,0.54715,0.82973,0.50503,-0.016842
30.64,15.408,10.005,30.976,16.075,16.853,9.1407,14.061,10.485,1.5084
490.08,265.87,150.57,684.47,368.3,309.67,168.79,252.71,229,2.9945
-44.701,-21.639,-13.993,-66.022,-35.34,-30.653,-17.281,-25.114,-21.491,-26
-6.8978,-2.3801,-4.5819,-9.6642,-7.4104,-8.6251,-5.7934,-4.1382,-2.6242,-5.8087
6.1826,5.8952,4.9596,3.6956,4.4811,5.3245,3.8176,4.0431,4.0104,4.4372
48.125,55.298,55.378,52.616,51.326,61.483,55.513,55.214,57.503,57.815
10.74,13.66,12.242,13.549,12.262,14.061,11.41,12.589,13.948,13.033
77,95,85,87,87,103,89,89,92,102
0,3,5,3,2,7,15,14,13,16
1700.2,1047.1,1175.5,1598.9,1248.6,673.11,789.29,701.39,706.03,676.64
5.3602e+07,3.1242e+07,3.2097e+07,5.1043e+07,3.7814e+07,1.6175e+07,1.8417e+07,1.6749e+07,1.6335e+07,1.6158e+07
0.28808,0.20213,0.23231,0.21757,0.22052,0.13626,0.15234,0.13861,0.13953,0.13697
2201.6,644.76,877.28,979.19,853.76,808.82,644.74,877.95,674.53,743.41
