21547,11006,11850,11195,11944,11297,11744,11818,11744,11993
22941,14989,14427,14681,14592,13649,13148,13265,13313,13346
3797,4375,4938,5156,13750,2534,2354,2764,2884,2273
1859,2173,932,2560,8932,322,291,374,451,273
0.5104,0.50331,0.81126,0.50349,0.3504,0.87293,0.87638,0.86469,0.84362,0.87989
8787,11717,9781,11121,12511,12064,12313,12660,11766,11269
1.5197,1.3324,1.4499,1.2476,1.4035,1.1127,1.0647,1.1301,0.99661,0.99514
94,107,4,128,236,5,5,5,5,5
93.479,109.5,2445.2,86.883,53.013,2412.8,2462.6,2532,2353.2,2253.8
1.0001,1.0022,1.0025,0.99922,1.0053,1.0075,0.99668,1.0102,1.007,1.0181
1.0257,1.0665,1.0609,1.0358,1.0394,1.0254,1.0239,1.0501,1.0267,1.0443
6.1347,5.9965,6.6536,6.4306,12.56,6.3814,6.5628,5.9113,6.619,6.7743
10,12,11,11,23,9,10,11,12,9
14,9,9,9,19,9,9,9,9,10
79.6,121.59,99.2,63.876,102.26,321.63,521.46,73.56,260.54,92.591
79.6,121.59,99.2,63.876,102.26,321.63,521.46,73.56,260.54,92.591
14.117,18.62,15.651,12.348,14.966,29.248,46.878,15.887,28.859,18.547
0.46718,0.53314,0.51125,0.45489,0.51127,2.0149,4.1283,0.029237,2.5307,0.037942
2.0354,2.4713,2.3639,2.0266,2.2492,23.915,42.274,0.94557,25.142,1.0208
8.7413,12.155,10.578,9.8762,12.412,284.91,471.11,2.8334,248.44,2.6016
-3.8263,-6.5498,-5.95,-4.9226,-5.2656,-29.183,-47.302,-2.4613,-23.644,-2.5572
-21.53,-26.688,-21.094,-19.504,-22.654,-44.467,-33.334,-25.222,-25.74,-26.784
2.9754,2.7239,2.1355,2.1451,2.5946,4.987,6.0091,4.2413,2.5528,3.9577
69.46,71.557,62.772,73.357,73.56,62.596,63.491,67.275,66.187,66.254
15.735,18.008,16.529,17.332,17.231,12.509,15.143,14.503,14.647,13.681
105,121,112,131,131,93,105,100,99,99
11,9,9,17,17,15,11,0,14,25
1586.3,1768,2317.8,1748.5,2398.1,2358.1,2691.1,1944.6,2641.4,2794.3
1.3939e+07,2.0715e+07,2.267e+07,1.9445e+07,3.0003e+07,2.8448e+07,3.3135e+07,2.4619e+07,3.1079e+07,3.1489e+07
0.27435,0.20104,0.34358,0.19616,0.26903,0.2175,0.23269,0.17358,0.22373,0.24676
190.43,237.02,2060.8,200.69,273.05,2024.9,2315.8,2114.5,1975.1,2143.5
