18332,18148,19206,21160,19419,9076.1,9347.8,9536.8,9291.4,9743.9
20330,20671,20406,20471,21654,10070,10557,9884.9,10203,9784.1
10198,9932,8479,9010,8813,3606,3104,3225,3084,2834
5194,5004,4325,3273,1148,0,42,42,42,33
0.49068,0.49617,0.48992,0.63674,0.86974,1,0.98647,0.98698,0.98638,0.98836
9581,10525,9929,9235,9284,8390,8540,8936,8837,8539
1.205,1.1202,1.0567,1.0796,0.96337,1.0552,1.1253,1.1964,1.2025,1.1075
239,237,200,132,6,1,4,4,4,4
40.088,44.409,49.645,69.962,1547.3,8390,2135,2234,2209.2,2134.8
0.99426,0.99909,1.0025,1.0124,1.0054,1.0458,1.0326,1.032,1.0435,1.0556
1.0006,1.0016,0.98529,0.9942,1.0071,0.93971,0.95352,0.95153,0.93498,0.93416
6.7035,6.4474,6.2788,6.4936,6.4395,4.8601,4.8682,4.6868,4.4505,4.8739
18,22,18,18,18,14,12,14,10,14
20,20,20,18,18,18,16,15,12,13
52.185,49.226,52.108,65.09,49.226,149,130,241,156.34,37.529
52.185,49.226,52.108,65.09,49.226,149,130,241,156.34,37.529
9.0776,8.8497,9.185,9.4251,9.2703,12.455,12.851,18.975,11.804,8.7386
0.20744,0.22216,0.26663,0.236,0.21981,0.58892,0.70679,1.3593,0.41484,-0.033127
1.7092,1.7437,1.719,1.7848,1.7658,8.8806,9.7947,16.702,8.259,1.2549
9.64,9.8453,7.8217,10.334,9.8453,129.1,130,228.9,143.34,2.41
-4.82,-4.82,-4.0167,-4.1111,-5.2108,-13.91,-13,-22.9,-12.1,-12.962
-6.9767,-8.1881,-3.1539,-6.9076,-1.9898,-12.13,-10.573,-13.366,-11.312,-14.531
1.204,1.4283,1.802,1.2751,1.3199,2.512,2.5103,2.5062,2.7889,2.6731
81.325,85.195,82.497,79.499,84.555,53.997,55.34,59.698,60.329,57.319
15.446,14.465,13.373,11.656,11.855,12.192,11.251,11.583,12.251,12.138
122,132,119,117,118,93,86,90,95,100
10,13,22,14,15,6,10,12,19,5
1180.6,1219.6,1368,1439.4,1911,1284.6,1805.2,1514,1338.3,1505.3
1.1311e+07,1.2836e+07,1.3583e+07,1.3292e+07,1.7741e+07,1.0778e+07,1.5417e+07,1.3529e+07,1.1826e+07,1.2854e+07
0.14849,0.12979,0.1456,0.16827,0.19829,0.16157,0.23787,0.20271,0.1821,0.19525
103.94,122.79,121.34,130.91,1886.3,0,127,208.48,200.64,162.64
