16492,14449,12762,13086,9186.7,11105,10203,10535,10707,10155
12639,11915,11390,9953.3,12782,11892,11829,11821,11853,11989
8832,11757,13570,12427,10635,6199,6339,5709,6089,5648
2427,4483,4286,3004,4239,1476,1576,1326,1335,1195
0.7252,0.6187,0.68416,0.75827,0.60141,0.7619,0.75138,0.76774,0.78075,0.78842
28646,23284,22043,23086,16235,17525,17128,17426,17228,17376
5.6624,4.027,3.6598,4.4568,3.4557,2.6449,2.9016,3.0138,2.804,3.1353
16,13,12,5,14,8,8,10,11,9
1790.4,1791.1,1836.9,4617.2,1159.6,2190.6,2141,1742.6,1566.2,1930.7
1.0026,1.0147,1.024,1.0225,1.0328,0.99396,1.0048,0.99662,1.0055,1.0002
1.1817,0.93084,0.91591,0.90317,0.95556,0.9642,0.96013,0.94844,0.96225,0.95018
2.7133,3.0108,3.1672,2.7042,2.7998,3.5156,3.5385,3.4268,3.4057,3.3797
20,22,31,25,22,25,16,18,18,17
25,28,41,61,34,26,28,25,23,28
283.34,149,155.57,130,345.81,246.13,155.57,149,155.57,149
283.34,149,155.57,130,345.81,246.13,155.57,149,155.57,149
15.789,10.422,10.581,8.317,14.952,14.621,13.555,11.598,13.486,10.932
0.57946,0.298,0.47467,0.089614,0.51255,0.68588,0.81648,0.49908,0.89838,0.46485
11.684,6.4891,8.0127,3.8685,13.091,11.958,11.32,8.3168,10.981,7.7606
255.01,129.87,155.57,115.2,330.18,233.08,155.57,139.1,139.95,129.87
-14.067,-12.987,-15.557,-14.9,-33.019,-13.055,-15.557,-13.41,-14.067,-15.62
-17.735,-18.374,-15.411,-13.065,-3.4344,-8.5461,-7.798,-8.2269,-6.3377,-6.3078
2.5338,1.9623,1.6304,1.542,1.7791,3.3591,3.4203,3.504,3.5898,3.5024
57.345,48.878,52.947,51.837,48.324,59.387,59.359,58.856,59.663,58.089
12.004,12.067,12.378,9.2008,13.19,14.711,13.093,12.378,12.777,11.689
88,84,86,80,79,94,94,90,93,89
6,5,2,7,5,16,13,13,12,15
534.25,596.71,546.08,365.17,268.79,531.92,614.77,583.62,516.4,507.06
1.5304e+07,1.3894e+07,1.2037e+07,8.4304e+06,4.3639e+06,9.3219e+06,1.053e+07,1.017e+07,8.8965e+06,8.8106e+06
0.1056,0.1032,0.090665,0.070497,0.057215,0.080278,0.10415,0.10094,0.084049,0.091493
1074,1192.5,1359,2718.2,777.54,1466.4,1306,1095.5,951.74,1153.7
