18858,19107,18766,18938,16802,16732,17078,17194,16977,17722
12723,13024,13175,13620,12622,12754,12485,13302,12608,12924
5478,4766,4967,4366,6789,4927,5668,5398,4316,5698
635,605,715,654,1006,691,1335,1386,643,2167
0.88408,0.87306,0.85605,0.85021,0.85182,0.85975,0.76447,0.74324,0.85102,0.61969
25370,24724,25916,26263,25816,24675,27157,27803,25766,25966
3.1912,3.0181,2.9073,2.7948,3.1986,1.313,1.383,1.5807,1.455,1.283
8,8,8,8,9,3,9,9,7,7
3171.2,3090.5,3239.5,3282.9,2868.4,8225,3017.4,3089.2,3680.9,3709.4
1.0108,0.99998,1.0018,1.0027,1.0226,1.2255,1.202,1.121,1.081,1.1381
1.0292,0.97763,1.019,0.9915,1.0209,1.0808,1.0205,1.0678,0.9969,0.96712
4.0131,4.0561,3.9203,4.2148,4.2263,5.56,5.4219,4.9902,4.8592,5.3325
20,20,20,20,22,31,27,29,24,26
29,20,22,23,23,32,33,31,23,27
95.073,107.05,559.25,348,199,246.13,506.47,158.31,468.11,161.04
95.073,107.05,559.25,348,199,246.13,506.47,158.31,468.11,161.04
20.879,22.029,35.771,35.302,16.927,28.769,41.44,29.034,35.252,33.142
0.021983,-0.0033723,1.1644,1.064,0.24717,0.78466,1.7093,0.017114,1.9177,0.30251
1.9973,0.89924,25.495,17.239,7.3085,13.213,27.844,1.2086,26.075,6.3381
34.366,2.8535,529.45,323.2,174.2,230.5,448.95,3.4897,408.72,117.55
-19.9,-4.157,-26.565,-16.482,-17.981,-23.058,-46.414,-4.2248,-44.205,-10.449
-13.235,-9.711,-10.949,-12.586,-14.492,-22.161,-24.022,-22.637,-16.811,-29.725
0.16714,0.28502,1.2165,1.0953,0.48731,-1.675,-1.4125,-0.0042099,0.84242,0.32509
98.539,98.953,97.897,95.551,101.38,50.221,49.656,49.175,55.61,52.114
18.886,23.684,18.304,18.896,25.224,11.86,10.166,11.045,11.376,12.135
164,255,152,172,237,81,76,77,83,86
18,26,29,30,27,6,11,8,15,8
2268.8,2445.5,2589.8,2991.8,2372.2,8032.2,7050.7,6661,5866.3,6788.3
5.756e+07,6.0462e+07,6.7116e+07,7.8575e+07,6.1239e+07,1.9819e+08,1.9148e+08,1.8519e+08,1.5115e+08,1.7626e+08
0.28539,0.29852,0.29053,0.31838,0.29391,0.4274,0.35907,0.3787,0.33126,0.33542
1897.3,1848.2,2053.9,2010.3,1700.1,8279.1,2038.3,1864.7,3020,2835.6
