14919,14323,13851,14897,14124,13205,9640.3,11865,9715.1,8937.2
14544,15278,15785,15638,16513,15022,16123,14264,12980,16241
2293,2414,3865,2313,3625,1382,1502,1563,1332,1632
0,42,63,22,91,11,22,22,31,31
1,0.9826,0.9837,0.99049,0.9749,0.99204,0.98535,0.98592,0.97673,0.981
20107,19015,17426,19710,19611,12958,8489,8689,7447,8291
2.9806,2.5053,2.5828,2.9213,2.8562,0.74699,0.92725,0.66782,0.76317,0.6682
1,4,5,3,6,2,3,3,3,3
20107,4753.8,3485.2,6570,3268.5,6479,2829.7,2896.3,2482.3,2763.7
1.0164,0.99133,0.98398,0.98603,0.98994,1.0188,1.0083,1.0285,1.0062,1.011
1.0434,1.0464,1.029,1.0663,1.0723,1.014,1.0209,1.0143,1.036,1.0318
3.5208,3.7454,3.7838,3.6851,3.5154,6.3231,5.3928,6.4643,6.5157,7.0412
9,10,12,8,13,7,8,9,7,8
9,11,8,9,10,8,8,8,7,8
484.59,120,156.34,246.13,397,364.45,88.649,688.55,611.07,246.13
484.59,120,156.34,246.13,397,364.45,88.649,688.55,611.07,246.13
46.456,29.964,22.941,33.322,27.934,45.43,23.854,58.877,54.91,30.696
2.0871,0.28097,0.63059,0.86118,1.5278,2.0317,-0.0037635,3.4781,3.8394,1.0998
31.381,7.5019,9.494,14.598,22.195,27.036,1.2021,48.439,49.186,15.706
472.59,107.9,141.44,220.08,362.2,315.24,3.5542,601.2,561.85,198.03
-23.327,-39.7,-12.421,-22.008,-18.929,-32.825,-3.8326,-62.427,-55.006,-22.203
-27.067,-18.971,-22.232,-19.535,-4.072,-28.067,-24.976,-19.757,-31.693,-16.543
3.0744,2.1913,1.009,2.433,0.73415,6.9594,3.951,6.894,3.5444,3.6351
96.291,95.074,98.91,104.94,107.4,70.221,69.099,63.209,62.276,61.72
36.556,31.453,37.89,39.976,42.222,15.087,14.721,13.601,11.869,12.518
208,247,237,252,255,106,106,91,97,98
18,20,27,39,47,35,12,9,29,29
1811.1,1406.3,1653.1,1636.5,1169.6,3798.9,1128.6,1922.8,1910.8,2209.5
3.6416e+07,2.674e+07,2.8807e+07,3.2256e+07,2.2937e+07,4.9226e+07,9.5807e+06,1.6708e+07,1.423e+07,1.8319e+07
0.26847,0.18528,0.24502,0.24256,0.17034,0.219,0.12328,0.14779,0.19582,0.17807
0,86.847,38.892,364.08,272.17,603.99,392.24,123.07,580.85,367.8
