15433,15090,14781,15396,15364,11689,11838,10567,10552,10350
18015,17706,17671,17706,14404,12280,10582,10130,9073.2,11016
8132,7201,5798,5328,6049,8962,9023,8663,7701,6400
3368,3398,2305,2215,2505,3899,4180,3781,2269,2013
0.58583,0.52812,0.60245,0.58427,0.58588,0.56494,0.53674,0.56355,0.70536,0.68547
19809,19511,19461,19759,20008,22292,22639,21745,20703,20256
5.305,4.6278,4.8946,4.9708,4.1519,2.5008,2.5057,3.0084,2.8175,3.0027
16,13,17,17,17,15,14,13,15,6
1238.1,1500.8,1144.8,1162.3,1176.9,1486.1,1617.1,1672.7,1380.2,3376
0.99082,0.99923,1.0055,0.99854,0.99987,0.94791,0.97453,0.96377,0.95523,0.97042
0.89263,0.96293,0.9754,0.97455,0.97214,0.96366,0.94593,0.94744,0.94854,0.9773
5.1179,6.3434,5.8767,6.0032,6.2706,6.8837,6.3946,6.2864,6.4183,5.5469
24,31,28,27,26,27,27,25,28,25
25,22,23,23,37,29,23,31,30,27
414.74,223.73,298,645,695,1198,156.34,901.16,184.1,241
414.74,223.73,298,645,695,1198,156.34,901.16,184.1,241
28.835,30.3,31.159,47.694,47.317,57.491,29.334,48.766,31.582,31.665
0.91687,0.59316,1.2773,2.764,2.8261,2.6101,0.27877,1.4592,0.19299,1.4367
17.764,9.6161,16.697,36.539,38.271,48.56,6.4938,37.093,5.247,15.763
384.94,147.07,270.41,545.7,640.4,1076.5,143.34,825.7,121,227.91
-19.579,-14.9,-13.743,-60.816,-63.54,-56.983,-7.5695,-79.686,-12.1,-21.641
-7.9438,-5.9482,-8.2379,-7.4248,-6.4939,-15.374,-18.394,-12.7,-10.69,-8.2606
-0.81056,0.10337,-0.43506,-0.095828,3.9903,3.917,4.0922,2.532,3.5619,3.9925
91.22,83.866,84.054,80.831,85.896,54.198,52.188,51.189,53.58,54.108
31.755,23.534,21.349,27.87,30.219,12.961,12.772,11.805,12.459,11.608
231,177,169,243,245,89,82,85,92,87
17,24,27,26,26,9,9,7,4,14
1433.2,1772.8,1425.2,1468.4,1479.3,4717.1,3447,3035,3295.6,2007.4
2.839e+07,3.4589e+07,2.7736e+07,2.9014e+07,2.9597e+07,1.0515e+08,7.8037e+07,6.5997e+07,6.8228e+07,4.0661e+07
0.38383,0.4205,0.35845,0.36941,0.30696,0.52917,0.38152,0.4199,0.4485,0.29757
2144.5,3835.9,2804,2906.6,2862.4,1594.1,2093.1,2519.3,1662,4057.3
