16160,16291,16597,17134,16145,13370,13724,14641,13898,13828
13704,13823,14041,14143,14219,10337,10370,10418,10388,10224
8962,9323,7901,7952,7892,11587,12088,13069,12428,11918
1288,1869,1509,1606,1209,2010,2993,4765,3923,3772
0.85628,0.79953,0.80901,0.79804,0.84681,0.82653,0.7524,0.6354,0.68434,0.6835
19859,19859,20504,20405,19809,24675,24973,24674,24525,23980
7.8494,6.3407,5.4912,5.132,5.8728,3.5316,3.5742,3.5936,3.7696,3.5547
15,14,13,15,13,14,7,24,17,17
1323.9,1418.5,1577.2,1360.3,1523.8,1762.5,3567.6,1028.1,1442.6,1410.6
0.99806,0.99887,0.99478,0.99259,0.99639,0.9924,0.99581,1.0003,0.9936,0.9938
0.95156,0.99955,0.99222,1.0202,1.0345,1.0224,1.0134,1.0251,0.99114,1.0355
3.5805,3.4699,3.9813,4.2176,3.8081,5.0265,4.7951,4.6798,4.8752,4.8562
31,33,36,35,34,33,34,34,42,39
46,41,43,45,42,49,51,47,41,41
155.57,198,129.62,275.94,156.97,191.31,468.88,149,191.31,149
155.57,198,129.62,275.94,156.97,191.31,468.88,149,191.31,149
11.997,13.745,12.346,18.854,12.876,14.591,20.893,11.125,14.337,12.138
0.40744,0.51544,0.29896,0.95886,0.21463,0.87897,1.0324,0.36279,0.74258,0.4803
7.865,9.5909,5.88,14.394,6.0777,11.794,17.433,6.7869,10.808,7.2072
155.57,183.1,117.52,256.04,156.97,186.31,418.81,135.91,176.41,135.91
-14.557,-17.31,-11.962,-23.624,-7.7262,-17.226,-43.43,-14.9,-15.557,-15.557
-8.1122,-9.8406,-11.097,-10.531,-12.256,-11.614,-12.757,-11.655,-8.43,-11.747
1.8211,2.1885,1.9393,2.3091,1.9233,1.9319,1.4544,2.1834,1.8639,2.2649
89.079,82.841,83.709,91.272,85.301,41.575,47.927,43.866,42.79,47.97
18.588,18.861,18.932,24.973,17.999,9.4527,11.965,12.476,12.594,11.162
222,168,181,230,171,73,90,76,79,78
22,24,18,26,14,4,4,5,5,10
477.31,531.07,800.7,807.49,653.95,1202.8,1252.3,1106.9,1210,1257.1
9.4789e+06,1.0546e+07,1.6417e+07,1.6477e+07,1.2954e+07,2.9678e+07,3.1273e+07,2.7313e+07,2.9675e+07,3.0146e+07
0.18866,0.16956,0.21443,0.20309,0.19388,0.17214,0.17923,0.16122,0.18598,0.18635
624.15,686.08,863.24,952.24,931.5,1966.7,4614.1,1267.3,1836.6,1772.4
