13478,11572,12591,11836,12911,15791,16426,16984,16507,16006
18059,18160,16548,17657,17267,7947.2,7851.3,7788.3,7797.1,7955.5
6260,5594,5510,5182,5219,5969,5227,4987,5588,5197
2673,2377,1488,2188,85,0,64,163,86,104
0.573,0.57508,0.72995,0.57777,0.98371,1,0.98776,0.96732,0.98461,0.97999
16681,14199,17029,14596,15589,13305,13603,13553,13355,13404
2.7696,2.8749,3.0733,2.6337,3.3182,2.124,2.455,2.5567,2.3094,2.2255
171,152,93,140,5,1,6,10,8,8
97.55,93.414,183.11,104.26,3117.8,13305,2267.2,1355.3,1669.4,1675.5
1.0003,0.99798,1.0004,0.99503,1.0029,0.98052,0.99856,0.99023,0.99677,0.9779
0.98282,0.98818,1.0335,1.0062,0.98651,1.0092,0.99381,0.99842,1.0208,1.0139
4.3032,4.4539,4.0944,4.8645,4.1253,5.3777,4.5321,4.2634,4.4568,4.7307
11,25,17,21,15,17,13,17,23,19
22,20,22,20,20,20,23,21,21,19
178.8,183.1,211.39,256.5,301.68,198,156.97,283.34,78.363,191.31
178.8,183.1,211.39,256.5,301.68,198,156.97,283.34,78.363,191.31
19.253,19.031,21.953,23.381,25.958,14.204,12.153,16.879,10.518,15.541
0.42619,0.33228,0.49423,0.44876,0.46501,0.68394,0.44115,0.82888,0.075354,0.64662
2.3203,2.1065,2.7791,2.4856,2.8052,10.377,7.919,13.387,2.1342,11.375
17.88,12.316,24.943,17.859,33.515,173.1,144.01,257.29,45,191.31
-8.95,-7.7609,-10.573,-10.966,-15.567,-17.81,-13.092,-14.247,-5,-19.131
-6.8055,-7.8105,-5.3533,-9.3482,-4.9758,-12.749,-12.659,-11.966,-10.925,-15.494
-0.089289,0.051393,-0.54458,0.1258,-0.38092,-0.055769,1.0473,1.1912,0.99178,0.97687
70.68,68.712,71.852,71.205,77.926,46.728,44.539,42.758,46,42.017
12.749,13.878,13.342,14.99,16.01,9.2812,9.2885,10.396,9.3626,10.327
104,117,122,116,121,79,82,78,72,79
5,14,7,14,11,10,14,10,9,5
679.01,597.08,542.21,732.06,807.29,1059.1,725.18,639.12,688.01,815.64
1.1327e+07,8.478e+06,9.2333e+06,1.0685e+07,1.2585e+07,1.4092e+07,9.8647e+06,8.6619e+06,9.1884e+06,1.0933e+07
0.11274,0.12089,0.097855,0.13209,0.17184,0.16908,0.13088,0.12057,0.11897,0.13542
114.69,116.62,142.04,146.9,69.75,0,96.589,268.99,125.14,29.315
