12016,11519,10973,12761,12041,13382,12338,13033,12087,12735
16533,15898,16418,16164,16414,16732,17809,16486,16806,17327
4216,3945,4016,4496,4356,2273,2774,2594,3134,3435
44,51,62,44,53,22,22,22,42,42
0.98956,0.98707,0.98456,0.99021,0.98783,0.99032,0.99207,0.99152,0.9866,0.98777
17773,20008,19461,21100,22788,16930,20802,14944,21696,18667
2.9509,3.0758,2.6056,2.7803,3.1523,1.3012,1.5842,1.3197,1.566,1.5192
5,4,5,5,5,3,3,3,4,4
3554.6,5002,3892.2,4220,4557.6,5643.3,6934,4981.3,5424,4666.8
0.99036,0.98272,0.98835,0.98509,0.98997,0.98849,0.98093,0.98335,0.97983,0.99478
0.99404,1.0193,1.0041,1.0306,1.0428,1.0468,0.9702,1.0071,0.96208,0.93146
4.3652,3.9875,4.5889,4.2919,3.8616,4.7154,5.1182,5.8647,4.9875,5.2292
12,16,18,15,14,9,10,8,12,14
25,26,25,25,27,21,22,19,20,19
1741.2,189.08,189.08,205.02,219.73,156.2,634.68,375.29,390.54,138.87
1741.2,189.08,189.08,205.02,219.73,156.2,634.68,375.29,390.54,138.87
89.44,33.622,36.215,34.241,37.046,27.425,52.275,38.807,37.691,29.23
3.3622,0.43794,0.27685,0.030879,0.55724,0.53837,2.2514,2.0556,1.2098,0.27714
77.187,7.2202,6.9823,1.5101,9.7099,9.2038,34.688,26.054,20.794,6.6625
1576.9,120,136.37,13.052,155.57,137.01,559.69,339.19,362.26,120.1
-161.16,-12,-13.987,-8.0921,-14.347,-12.787,-55.657,-35.068,-35.149,-15.634
-5.6374,-11.199,-18.854,-15.244,-4.5968,-15.681,-11.715,-10.717,-16.14,-14.152
6.5712,3.7207,3.0921,2.9781,4.2711,5.2089,4.9634,4.638,5.1104,3.928
83.498,89.413,85.762,88.102,87.217,51.114,48.239,47.809,50.057,51.526
18.47,24.59,37.645,40.847,32.82,9.09,11.116,9.3211,10.898,10.527
214,243,255,255,255,76,82,83,80,76
50,50,3,22,43,18,8,17,7,20
1472.2,2068.7,2058.6,1742.7,1677.5,3350.4,2865.8,2976.8,2599.5,3021.7
2.6166e+07,4.1391e+07,4.0063e+07,3.6771e+07,3.8227e+07,5.6723e+07,5.9614e+07,4.4485e+07,5.6398e+07,5.6406e+07
0.24443,0.31802,0.27562,0.22964,0.23205,0.25751,0.21824,0.26287,0.18763,0.24593
0,104.18,171.84,208.14,95.385,445.58,130.27,376.65,280.19,43.333
