14900,15439,14347,16159,15539,12802,13273,12882,12112,11515
19271,19262,20171,19915,20089,13555,13235,13141,14540,14038
3355,3204,2854,3084,3145,3245,3626,4427,3284,3104
575,612,433,733,513,843,935,1766,963,772
0.82861,0.80899,0.84828,0.76232,0.83688,0.74022,0.74214,0.60108,0.70676,0.75129
18071,20455,19114,18022,19114,14149,15490,17675,12511,13107
2.2728,2.3916,2.4408,2.0494,2.3682,1.2496,1.3394,1.8341,1.2666,1.395
8,3,6,5,7,6,5,5,4,5
2258.9,6818.3,3185.7,3604.4,2730.6,2358.2,3098,3535,3127.8,2621.4
1.0091,0.9913,0.98956,0.99773,0.99832,1.02,1.0205,0.99964,0.99095,1.0081
1.001,1.0067,0.99811,1.0044,1.0094,1.0053,0.9599,0.98447,1.0123,1.0224
4.5655,4.5099,4.4551,4.7815,4.6184,5.3416,6.6673,5.9198,7.2974,7.2131
18,18,18,18,17,18,19,24,19,19
16,15,18,16,18,17,19,20,17,17
107.78,183.96,1379.3,232.9,468.88,383.26,651.46,283.34,390.54,312.54
107.78,183.96,1379.3,232.9,468.88,383.26,651.46,283.34,390.54,312.54
22.772,33.882,92.166,36.582,39.168,35.835,47.957,28.827,37.024,37.622
0.0012228,-0.0065188,4.7029,0.7715,2.0032,1.961,1.9694,0.83279,1.4368,1.9164
1.0636,1.6646,77.683,13.423,28.229,24.55,35.175,14.702,23.589,21.941
3.1206,7.6246,1218.6,205.35,426.55,355.66,577.64,239.54,359.35,255.87
-3.3815,-13.055,-66.089,-20.975,-42.771,-17.819,-59.207,-25.215,-34.923,-22.008
-18.712,-18.526,-19.07,-16.008,-17.784,-32.537,-36.696,-34.723,-25.923,-28.884
6.295,8.3209,11.748,7.984,8.7028,6.0778,6.1005,7.7413,5.3953,5.4431
102.18,89.106,103.39,93.892,96.581,41.935,45.011,48.404,50.068,53.208
23.111,21.382,31.847,24.006,23.995,10.57,9.6627,11.552,9.1399,12.025
194,192,248,185,191,74,82,75,85,83
31,6,28,35,32,10,6,8,20,21
1783,1851.6,1458.3,2000,1998.3,1849.7,2760.8,2575.7,4202.4,3500.1
3.2221e+07,3.7874e+07,2.7874e+07,3.6044e+07,3.8196e+07,2.6172e+07,4.2765e+07,4.5525e+07,5.2576e+07,4.5875e+07
0.22425,0.21648,0.18622,0.22743,0.24759,0.16336,0.23872,0.26727,0.42543,0.37251
1524.3,7403.8,2275.8,2913.1,1828.5,1773.9,3093.2,3386.8,2765.8,2496.6
