14456,15118,14929,14607,14862,13672,12941,10369,10705,10605
14473,13944,13732,13827,13877,22993,8516.4,10108,9059.1,9700.4
7601,6279,5748,5197,6289,7831,6790,6670,5337,5087
726,491,505,515,486,1715,1075,1605,845,1126
0.90449,0.9218,0.91214,0.9009,0.92272,0.781,0.84168,0.75937,0.84167,0.77865
23533,23483,23533,23582,23831,26959,25419,20256,20554,21745
2.7514,3.1958,3.2022,3.3181,3.297,2.072,2.512,1.8683,2.2749,1.9837
9,2,7,8,9,8,9,8,7,9
2614.8,11742,3361.9,2947.8,2647.9,3369.9,2824.3,2532,2936.3,2416.1
0.99448,0.98529,0.97837,0.98601,0.98263,0.98447,0.97513,1.0384,1.0489,1.0203
0.99179,0.92778,0.96012,0.97304,0.95213,1.0126,0.95467,0.95227,0.96384,0.98979
2.9301,2.6435,2.609,2.649,2.6196,4.013,3.3857,3.581,3.2298,3.5612
14,16,12,12,16,17,16,12,16,14
26,28,24,24,27,26,27,34,29,27
156.34,99,260.54,56.668,149,364.45,80.149,246.13,130,260.54
156.34,99,260.54,56.668,149,364.45,80.149,246.13,130,260.54
11.339,11.259,17,11.666,10.977,24.458,14.111,18.797,15.565,19.819
0.4113,0.14274,0.80265,-0.025669,0.19526,1.1744,0.043609,0.58074,0.48515,0.56084
7.4118,3.9927,12.578,1.0274,5.4295,18.704,2.2766,10.937,7.9391,12.076
131.82,94,232.21,2.7594,129.87,328.02,49,207.08,121,241.35
-24.613,-5,-24.564,-13,-12.1,-32.692,-12,-19.768,-12.1,-24.499
-12.811,-12.241,-7.7448,-13.234,-11.975,-14.072,-11.934,-10.994,-10.779,-13.578
2.592,3.2431,3.2583,3.6507,3.2715,3.7352,3.8152,3.5437,3.9199,4.8878
88.136,94.132,84.234,91.958,91.463,51.906,56.397,59.329,56.299,54.87
16.395,13.796,11.315,13.705,18.802,9.7436,10.873,12.416,13.593,11.602
145,144,115,130,212,82,78,82,85,86
27,23,36,29,26,1,14,8,4,6
1741,1378.1,1436.7,1516.6,1447.3,2973.9,1976.7,1919.8,1559,1452.9
4.097e+07,3.2362e+07,3.381e+07,3.5764e+07,3.449e+07,8.0174e+07,5.0246e+07,3.8888e+07,3.2043e+07,3.1593e+07
0.20355,0.18755,0.1955,0.21339,0.20023,0.22857,0.19535,0.17707,0.17255,0.13254
401.68,2844.6,547.5,559.15,417.21,776.69,483.69,621.88,471.78,467.2
