15777,17804,17587,17422,17478,14099,15436,14100,17735,13846
14628,15368,15442,15915,15711,11094,10055,12702,10338,12517
5538,4837,4336,4747,4456,4135,4386,3845,4356,3745
86,95,44,164,53,53,53,62,53,0
0.98447,0.98036,0.98985,0.96545,0.98811,0.98718,0.98792,0.98388,0.98783,1
19810,19611,19114,19263,19512,20256,19610,19859,21100,19611
3.2243,2.9597,2.994,3.1353,3.0559,1.2455,1.2148,1.3512,1.4718,1.6783
8,8,5,7,5,5,5,5,5,1
2476.2,2451.4,3822.8,2751.9,3902.4,4051.2,3922,3971.8,4220,19611
1.0038,1.0068,0.99331,0.99675,0.99796,1.001,1.0349,1.0125,1.0254,1.0044
1.0458,1.0527,1.0506,1.0382,1.0267,0.97911,1.0221,1.0665,1.0376,1.0811
3.8523,3.8793,3.6424,4.062,3.7611,8.9779,8.3474,8.4283,7.8714,6.7939
22,18,18,18,24,18,17,17,17,17
17,16,16,16,16,17,17,17,17,17
364.45,155.57,232.38,260.54,463.09,542.52,671.72,621.14,521.46,671.28
364.45,155.57,232.38,260.54,463.09,542.52,671.72,621.14,521.46,671.28
19.104,12.491,15.824,17.069,29.698,36.317,47.791,41.063,39.002,40.586
0.80304,0.27143,0.36938,0.69011,1.9086,1.4391,2.7437,2.2203,2.34,2.4358
15.921,6.9506,9.815,12.593,26.155,25.628,40.862,31.251,31.298,34.025
345.25,150.57,201.19,236.44,424.76,504.19,615.05,534.52,454.29,581.87
-33.326,-14.557,-24.613,-24.613,-25.875,-25.957,-61.233,-57.996,-37.278,-59.629
-17.114,-22.026,-16.941,-27.316,-23.692,-43.064,-43.437,-44.652,-44.039,-35.888
3.7037,3.8197,4.8026,3.8246,5.1185,4.6893,4.5689,5.2557,4.2527,6.0262
87.162,84.295,82.351,79.301,77.804,62.682,62.961,74.72,71.621,66.947
13.619,18.215,15.957,19.444,15.896,13.114,14.459,15.57,15.069,12.994
131,131,119,126,122,103,104,131,138,106
31,9,19,9,16,10,16,10,35,24
1175.9,1307.3,1116.7,1396.8,1126.4,6671.5,5087.1,4932.1,5132.9,3248.9
2.3295e+07,2.5637e+07,2.1344e+07,2.6907e+07,2.1979e+07,1.3514e+08,9.9758e+07,9.7947e+07,1.0831e+08,6.3714e+07
0.19139,0.19729,0.17492,0.22735,0.17642,0.41023,0.31513,0.33559,0.35805,0.27804
181.89,190.42,87.731,462.64,251.11,579.39,452.89,188.12,478.48,0
