15632,15542,15589,15971,15792,13528,14664,14569,13993,14213
14952,14970,14935,13931,14481,14541,16767,17284,15927,14827
5498,3395,3405,4176,3404,4897,4246,5498,4095,4656
93,53,44,71,42,165,44,465,0,84
0.98308,0.98439,0.98708,0.983,0.98766,0.96631,0.98964,0.91542,1,0.98196
9085,9433,9433,9582,9582,14000,16135,16532,17526,16036
1.4787,1.5059,1.666,1.3481,1.5297,1.1394,1.1546,0.99447,1.2329,1.1378
7,5,5,5,4,11,5,8,1,7
1297.9,1886.6,1886.6,1916.4,2395.5,1272.7,3227,2066.5,17526,2290.9
0.98711,0.98668,0.9965,0.99343,0.9947,0.97322,0.99331,1.013,1.0131,0.99834
0.9797,0.98474,0.99157,0.98087,0.98333,1.0457,1.0259,0.94166,0.99876,0.99748
7.1587,7.1743,7.2506,7.4724,6.6437,8.3744,7.622,9.3388,7.7498,8.7683
11,11,12,15,13,21,14,25,19,16
24,21,21,27,24,23,18,24,20,19
364.31,501.45,111.93,374.33,99,241,362,560.22,246.13,551.45
364.31,501.45,111.93,374.33,99,241,362,560.22,246.13,551.45
20.706,33.232,21.043,24.571,18.198,20.464,27.043,34.583,25.638,32.079
0.79823,1.2942,0.0007566,1.1895,0.23538,0.38199,1.1576,1.3907,0.82698,0.94553
14.942,25.214,1.086,18.265,5.5474,9.9867,19.086,25.345,13.202,22.929
327.87,463.13,3.7106,345.99,99,216.9,325.9,510.62,222.03,491.68
-32.777,-24.014,-3.5448,-33.779,-13.092,-22.804,-31.365,-51.062,-23.403,-49.177
-4.1651,-4.3353,-0.12884,-1.5482,-5.9007,-27.731,-6.0209,-24.299,-22.529,-21.313
0.95583,0.50398,1.329,1.5475,1.6226,2.4916,3.7504,3.3644,3.912,0.58119
83.65,84.601,87.155,89.36,75.664,48.621,53.967,52.665,54.027,55.647
19.79,12.902,13.057,12.417,15.597,10.8,12.503,11.991,10.544,12.436
175,130,134,122,123,80,90,85,85,91
28,46,47,45,29,3,3,0,16,10
2372.3,3269.6,3144.1,2801.8,2515.2,3836,5655.4,8201.6,6587.9,8175.5
2.1553e+07,3.0842e+07,2.9659e+07,2.6847e+07,2.4101e+07,5.3704e+07,9.125e+07,1.3559e+08,1.1546e+08,1.311e+08
0.38612,0.52196,0.5553,0.39418,0.40154,0.3122,0.40471,0.49336,0.46345,0.58007
139.05,256.71,116.86,94.264,56.667,498.13,242.8,331.02,0,164.96
