16581,16703,16927,16443,16556,15512,15687,16062,15821,15801
12992,12988,12949,13580,13310,14950,14972,15092,14818,14169
2984,2644,2013,3975,2704,3094,3215,3345,3074,2874
0,42,31,33,42,631,962,792,623,721
1,0.98411,0.9846,0.9917,0.98447,0.79606,0.70078,0.76323,0.79733,0.74913
9234,9880,9433,9383,9880,13305,14397,14199,13107,13405
0.6608,0.6614,0.63148,0.71457,0.62607,0.92808,0.98772,0.95829,0.89916,0.9047
1,4,3,4,4,2,5,4,5,3
9234,2470,3144.3,2345.8,2470,6652.5,2879.4,3549.8,2621.4,4468.3
1.0318,1.0089,0.99124,1.0169,0.98501,1.0173,1.0075,1.0159,1.0037,0.99311
0.9431,0.9934,0.9894,0.97862,0.99107,0.95765,0.92911,0.95272,0.94775,0.94052
6.6513,6.3574,6.6841,6.8972,6.6541,6.0032,5.433,5.7721,5.6651,5.9276
6,7,6,8,6,8,9,9,8,8
6,6,6,6,6,8,10,8,8,8
382.48,232.38,260.92,248,283.34,368.44,537.33,646,464.42,656.69
382.48,232.38,260.92,248,283.34,368.44,537.33,646,464.42,656.69
35.423,21.198,24.197,15.466,23.787,28.875,43.977,47.481,32.227,52.826
2.7266,1.3392,1.6001,0.45855,1.6013,1.3197,3.2945,3.8926,1.6319,4.5681
30.426,16.77,18.016,10.801,20.376,20.622,38.83,41.378,26.536,48.676
350.35,209.14,226.34,213.42,264.21,321.99,490.51,581.84,417.9,599.17
-34.567,-19.78,-13,-21.587,-26.421,-17.679,-31.369,-27.047,-22.06,-60.655
-29.085,-31.388,-36.074,-25.981,-29.422,-23.624,-24.042,-27.677,-15.001,-24.157
0.99766,2.2345,3.3687,0.8501,1.9849,0.084788,1.259,4.3775,0.58522,1.3037
75.49,73.996,72.108,73.765,78.062,50.486,53.489,50.989,55.299,49.679
15.742,14.894,15.75,15.249,15.033,12.454,15.548,13.181,14.21,13.501
129,108,108,121,116,85,87,97,89,84
7,22,14,7,18,6,4,6,8,6
4471.4,5460.3,5458,4911.3,5949.2,4859.9,4816.9,4844.5,4907.7,5484.2
4.1289e+07,5.3948e+07,5.1485e+07,4.6083e+07,5.8778e+07,6.466e+07,6.9349e+07,6.8787e+07,6.4325e+07,7.3515e+07
0.31998,0.36553,0.36538,0.37402,0.37699,0.339,0.33047,0.32696,0.33667,0.37013
0,190.9,376.58,235.07,267.02,4875.4,1329.9,1632.6,1562.3,2230.4
