16199,16026,16500,16011,16484,14615,13956,14326,13999,14272
16850,16585,16273,16632,16825,17218,17616,17176,17708,17468
8913,9003,5037,8091,6650,4636,4527,4216,4045,3846
696,115,64,30,0,53,64,53,53,0
0.92191,0.98723,0.98729,0.99629,1,0.98857,0.98586,0.98743,0.9869,1
15341,15490,15191,16830,16483,12710,13603,12858,14397,14051
1.6325,2.4264,2.1742,2.0544,1.8491,1.1224,1.2013,1.3015,1.299,1.3406
10,9,6,2,1,5,6,5,5,1
1534.1,1721.1,2531.8,8415,16483,2542,2267.2,2571.6,2879.4,14051
1.0031,0.98878,0.99428,0.99753,1.0006,1.0131,1.0205,1.0161,1.0112,1.0149
0.95489,0.97991,0.97398,0.98456,0.96472,0.9547,0.95585,0.9499,0.95515,0.94432
5.8219,5.8903,5.7323,6.2343,5.5901,5.6656,5.8712,5.9787,5.3678,5.3918
18,20,20,20,18,14,17,16,16,16
19,21,24,22,23,15,17,15,15,15
283.34,130.92,155.57,156.97,231.53,156.97,423.3,260.92,191.31,231.53
283.34,130.92,155.57,156.97,231.53,156.97,423.3,260.92,191.31,231.53
14.71,10.489,15.281,12.182,17.35,15.643,30.379,21.75,19.122,20.553
0.64553,0.39538,0.69118,0.55609,1.0704,0.74039,1.7891,1.3155,0.72251,1.1679
10.699,6.8727,10.035,9.0504,13.04,10.214,25.616,17.052,11.141,14.677
244.29,116.02,134.1,156.2,203.84,152.07,384.98,247.87,172.12,203.93
-25.501,-13.055,-13.993,-13.784,-20.829,-14.401,-38.105,-25.602,-17.212,-20.384
-20.396,-19.138,-21.978,-19.596,-19.579,-20.303,-21.054,-22.144,-21.08,-21.058
0.43864,0.1229,0.44784,0.14474,0.61899,0.39139,0.03314,0.058285,0.074321,0.68353
64.87,65.891,59.31,57.249,65.877,56.914,58.345,60.915,59.202,56.404
13.744,13.556,12.146,11.817,13.712,9.3375,9.4324,10.051,10.592,10.175
111,103,93,105,121,83,84,93,102,88
7,11,22,16,9,14,10,22,17,10
3073,2518.8,2407.8,3457,3065.9,3680.9,3431.3,3230,3089.1,3166.2
4.7142e+07,3.9016e+07,3.6577e+07,5.8182e+07,5.0536e+07,4.6785e+07,4.6676e+07,4.1531e+07,4.4474e+07,4.4488e+07
0.32702,0.39455,0.34462,0.422,0.34395,0.32506,0.30301,0.32695,0.27872,0.30209
123.89,117.66,308.62,654.55,0,118.64,78.109,202.91,93.642,0
