11990,12319,13051,12820,12510,9196.8,12463,13281,12287,12896
17236,17700,17594,17994,21282,14060,16744,15117,16229,15961
8913,6870,6159,10205,7471,9273,5958,6469,5979,5718
1867,1667,1487,1889,2930,3594,1665,2286,2007,1896
0.79053,0.75735,0.75856,0.81489,0.60782,0.61242,0.72054,0.64662,0.66433,0.66842
13007,13156,12759,13405,16284,15639,18518,18319,21547,19958
1.7699,1.7904,1.8913,1.9521,2.3717,1.0818,1.1646,1.0487,1.2775,1.0899
15,15,16,17,15,6,13,12,11,13
867.13,877.07,797.44,788.53,1085.6,2606.5,1424.5,1526.6,1958.8,1535.2
1.006,1.0007,0.99793,0.99864,0.98556,1.0104,1.0383,1.0519,1.0504,1.0602
1.001,1.0002,1.018,1.0337,1.0194,1.0381,1.0201,1.0263,1.0467,1.0163
6.1505,6.0513,6.2951,6.2135,5.6201,8.0774,7.4447,7.9872,7.1703,7.4487
22,22,27,38,25,19,17,19,17,19
22,21,23,26,21,23,21,23,21,22
232.9,249,462.83,320.7,191.94,364.31,298,155.57,996.41,361
232.9,249,462.83,320.7,191.94,364.31,298,155.57,996.41,361
13.499,18.731,28.773,15.327,23.562,24.786,26.871,25.845,57.191,32.014
0.45903,0.6101,1.1211,0.46994,0.35101,0.73365,0.74869,0.78111,2.7863,1.0984
9.2778,11.261,20.446,10.874,7.9029,15.212,13.409,10.299,46.87,18.1
206.84,229.95,408.23,288.58,168.7,339.7,263.2,142.47,888.58,336.9
-20.975,-12.061,-39,-15.344,-18.204,-32.777,-25.33,-14.001,-47.33,-17.447
0.77537,4.5307,6.5643,5.1638,5.1881,0.049557,3.3434,-2.3213,1.9783,-1.6451
2.7211,3.6582,2.989,2.3826,4.9819,3.8554,4.5166,6.1438,9.1438,7.0888
102.26,88.134,92.654,102.16,98.86,61.832,69.092,65.441,59.017,58.73
40.36,30.358,29.948,39.273,31.698,13.631,14.949,14.629,14.021,14.396
255,186,231,255,190,98,103,107,102,103
38,17,34,20,12,14,9,15,19,8
1700.5,1611.7,1730,1802.4,1515.7,3863.8,3855.6,4515.4,4060.5,4117.4
2.2118e+07,2.1203e+07,2.2073e+07,2.4162e+07,2.4682e+07,6.0426e+07,7.1397e+07,8.2718e+07,8.7491e+07,8.2175e+07
0.23139,0.21933,0.25645,0.26248,0.22076,0.26728,0.24247,0.2585,0.24075,0.22486
1175.1,1318.9,1094.1,1069.5,1525.7,3947,2053.5,2481.5,2898.8,2158.8
