16012,15856,15759,15585,15659,17858,15399,16431,17134,17945
17047,17255,17702,17557,17387,17652,18503,18143,18035,15733
7160,6710,7060,6430,8402,6850,9774,9895,10345,10375
724,656,866,531,998,1548,3471,4156,4461,4186
0.89888,0.90224,0.87734,0.91742,0.88122,0.77401,0.64487,0.57999,0.56878,0.59653
24625,24377,26015,24228,23930,22689,24575,27653,26908,25369
3.0507,2.8501,2.9583,2.9148,3.0097,1.4269,2.0198,1.8075,1.8459,1.7549
8,9,10,2,11,11,11,5,9,3
3078.1,2708.6,2601.5,12114,2175.5,2062.6,2234.1,5530.6,2989.8,8456.3
1.0074,0.99921,1.0014,1.0008,0.99806,0.99437,1.0284,1.0254,1.0158,1.0156
1.0009,1.019,1.0177,1.0268,1.0145,1.0243,1.0176,1.052,1.0417,1.055
7.1776,7.3982,7.1868,7.3807,7.6028,8.2211,8.2173,8.2566,7.9699,8.2639
22,21,21,23,23,21,21,23,21,21
28,21,23,24,25,20,19,20,22,21
1296.6,283.34,345.81,750.61,298,312.54,232.38,312.54,625.08,574.57
1296.6,283.34,345.81,750.61,298,312.54,232.38,312.54,625.08,574.57
59.821,27.873,32.128,41,29.816,27.448,22.925,30.184,39.67,40.167
3.4194,0.98166,1.0245,1.4258,0.98886,0.72477,0.68309,1.1279,1.9918,2.4409
52.282,14.065,16.753,28.347,15.535,13.631,11.266,17.658,30.791,32.402
1165.2,252.15,298.92,657.05,265.87,273.49,209.09,292.71,550.16,520.84
-117.5,-15.651,-31.456,-70.38,-27.045,-31.254,-21.675,-28.93,-56.847,-53.232
-28.96,-27.79,-27.661,-29.927,-27.041,-44.187,-33.424,-34.462,-40.118,-34.145
5.6568,4.5652,5.0007,5.7327,3.6769,4.9301,4.9338,5.4925,5.8792,7.1907
106.34,111.28,113.8,107.17,105.16,59.417,55.497,52.743,57.423,56.778
31.261,26.345,31.057,23.782,26.289,14.293,13.475,15.233,12.842,13.688
247,232,233,206,240,107,92,95,111,93
34,25,32,32,37,8,8,0,4,14
2846.3,3336.6,3180.4,3026.6,3371.6,4614.6,5841.9,5588.2,5022.8,4401.2
7.0089e+07,8.1336e+07,8.2738e+07,7.3328e+07,8.0684e+07,1.047e+08,1.4356e+08,1.5453e+08,1.3515e+08,1.1165e+08
0.35261,0.39011,0.36166,0.36412,0.42405,0.29021,0.48014,0.36527,0.34457,0.30446
2029.2,1715.8,1726.1,12670,1381.6,1686.3,2354.9,8410.8,3487,12938
