10796,11418,11095,10796,10722,10617,17328,13007,19587,12610
17451,15888,15009,14965,14695,15839,15231,17548,15625,16453
3765,4065,4216,3626,4266,3255,3165,3215,3104,3385
262,243,0,355,244,53,53,65,71,33
0.93041,0.94022,1,0.9021,0.9428,0.98372,0.98325,0.97978,0.97713,0.99025
7844,7993,7199,7497,6951,10476,10277,8787,8986,7645
1.2058,1.144,1.1491,1.1112,1.1541,0.60812,0.63193,0.47988,0.60647,0.67511
6,5,1,8,6,5,5,6,5,4
1307.3,1598.6,7199,937.12,1158.5,2095.2,2055.4,1464.5,1797.2,1911.2
0.98637,0.97905,0.97504,0.9803,0.97662,0.93095,0.95773,0.94423,0.96529,0.94437
0.98622,0.99893,0.98862,0.97982,0.99379,1.019,0.99987,1.0123,1.0124,1.0186
6.5326,7.0831,7.2291,6.4499,6.8967,10.75,10.57,12.057,10.934,8.4387
16,10,10,12,10,14,17,13,13,14
18,18,18,16,17,18,19,18,20,18
246.13,463.09,156.34,232.38,155.57,197.37,241,143.4,723,1038.1
246.13,463.09,156.34,232.38,155.57,197.37,241,143.4,723,1038.1
22.445,29.846,19.71,22.926,17.227,38.768,34.811,34.151,60.166,60.25
0.59371,1.238,1.1165,0.58925,0.5848,0.012924,1.0472,0.00040197,3.5435,2.5122
12.442,21.949,12.691,11.972,9.3211,1.276,14.641,1.1109,48.123,51.569
233.04,412.06,156.34,217.48,145.67,4.7009,216.9,2.7993,638.11,944.45
-23.317,-42.076,-15.634,-20.483,-14.067,-5.045,-24.1,-3.5156,-53.446,-93.076
0.47274,-2.8223,-5.7038,5.2022,1.1887,-12.106,-27.824,-11.041,-21.437,-27.117
-0.60423,-1.2616,-0.33129,-0.86867,-0.3044,-1.2315,0.11186,-0.59241,-0.32644,1.0988
102.23,96.219,91.248,93.509,100.5,64.44,65.116,69.898,66.792,70.548
41.373,38.398,35.418,27.443,39.289,15.124,14.224,15.167,14.033,18.342
255,255,255,180,255,122,101,119,112,153
14,40,36,14,7,16,20,22,15,5
2423.8,2628.8,2674.6,2016.8,2572.7,5555.7,5693.4,6648.1,4878,2113.6
1.9012e+07,2.1012e+07,1.9254e+07,1.512e+07,1.7883e+07,5.8201e+07,5.8511e+07,5.8417e+07,4.3833e+07,1.6158e+07
0.3726,0.37624,0.42691,0.29892,0.42714,0.3225,0.35008,0.36307,0.32921,0.18665
126.46,537.25,0,194.25,144.6,234.04,297.25,597.78,361.86,33
