14994,15343,15814,15417,15914,16609,14623,15392,14885,15789
18582,17895,18167,17787,18203,18167,18201,18274,18200,18788
2684,2564,2293,2223,2153,1802,1552,1602,1582,1592
33,42,0,31,30,100,0,20,31,0
0.9877,0.98362,1,0.98605,0.98607,0.94451,1,0.98752,0.9804,1
15192,15390,13851,13553,13554,13752,12560,12511,12462,13405
1.417,1.2775,1.1977,1.103,1.1969,1.1891,1.1333,1.049,1.1755,1.2364
4,4,1,3,2,2,1,2,3,1
3798,3847.5,13851,4517.7,6777,6876,12560,6255.5,4154,13405
0.97426,0.98124,0.95595,0.97492,0.98505,0.96754,0.97034,0.96699,0.97138,0.97218
0.98899,0.99758,1.0063,1.0106,1.0239,1.0113,0.9932,0.9903,0.99119,1.0102
5.4137,5.4851,5.6817,6.279,5.732,5.7627,6.0204,6.39,6.0495,5.4507
8,10,8,10,9,8,10,8,8,8
12,12,13,11,12,12,11,11,11,11
298,656.07,364.31,482,260.92,542.06,155.57,1021.8,240,1070.5
298,656.07,364.31,482,260.92,542.06,155.57,1021.8,240,1070.5
26.286,46.575,32.647,39.364,33.735,51.428,33.087,93.569,33.131,89.285
0.91298,2.7463,1.439,2.3898,1.8343,2.6009,0.98162,8.3977,1.3576,7.4204
16.635,38.677,21.765,30.382,20.274,38.231,12.646,85.82,18.884,82.509
270.41,590.34,327.77,433.54,245.37,495.17,155.57,926.75,235,986.08
-27.81,-58.552,-17.564,-22.59,-17.212,-50.3,-14.347,-91.964,-21.59,-97.045
5.2985,2.0546,6.9437,-1.7499,4.5796,1.7446,-4.5852,-2.5087,-9.2775,-1.9633
4.1294,1.0737,3.5775,3.9686,2.7425,5.6023,3.9326,-1.3115,5.3846,-2.7701
41.915,46.671,46.057,46.156,46.252,46.233,50.397,49.444,54.975,53.263
11.676,13.065,13.399,12.499,16.258,14.679,12.447,12.829,13.353,11.491
78,82,80,90,88,84,76,84,88,80
7,7,6,8,5,7,12,4,15,15
3978.9,3985.4,4589.1,4578.1,4148.6,5226.1,4305.2,4869.2,4287,4254.5
6.0448e+07,6.1335e+07,6.3564e+07,6.2047e+07,5.623e+07,7.1869e+07,5.4073e+07,6.0918e+07,5.3425e+07,5.7031e+07
0.37113,0.33082,0.39681,0.3726,0.36636,0.45189,0.38845,0.40825,0.4044,0.39241
203.52,227.53,0,380.14,1008.1,120,0,391.47,376.89,0
