14280,13627,14100,13775,14150,13702,14024,13696,13653,13850
13457,14078,13705,13746,13384,14184,13418,13980,13971,13592
2694,2714,2974,3075,2613,2894,3235,3054,2915,3475
33,0,51,0,22,42,73,33,53,42
0.98775,1,0.98285,1,0.99158,0.98549,0.97743,0.98919,0.98182,0.98791
8688,10078,9681,10376,10277,10425,10078,10376,11320,9929
0.7839,0.86247,0.67534,0.7362,0.98063,0.71522,0.78919,0.8444,0.9035,0.80802
4,1,4,1,3,4,6,4,5,4
2172,10078,2420.2,10376,3425.7,2606.2,1679.7,2594,2264,2482.2
1.0152,1.0243,1.0341,1.0192,1.0215,1.0361,1.0389,1.0357,1.0286,1.0324
1.0181,0.99751,0.98913,1.0024,0.97927,1.0095,1.0148,0.9884,1.0038,0.9936
9.115,8.1609,8.8285,8.044,8.1413,7.9808,8.2362,7.5971,7.0589,8.3593
13,13,14,13,15,13,13,13,13,13
14,14,14,14,16,13,13,14,14,16
132.5,283.34,383.26,566.68,194.29,464.42,345.81,156.91,157.31,1084
132.5,283.34,383.26,566.68,194.29,464.42,345.81,156.91,157.31,1084
22.887,31.372,35.323,39.105,29.077,41.824,27.845,22.093,24.675,63.456
0.37952,2.152,2.2182,1.6455,0.47106,2.5684,1.4716,0.39804,0.91018,4.1854
6.5603,22.824,25.527,29.73,7.3329,33.014,21.229,6.9179,11.442,55.219
105.39,264.15,351.13,516.54,116.53,409.32,322.66,118.82,144.1,963.09
-11.695,-20.939,-33.304,-51.987,-11.392,-38.222,-31.116,-11.792,-12.987,-24.787
-38.073,-42.376,-38.249,-36.57,-37.427,-38.614,-38.028,-36.608,-32.322,-40.456
0.24205,-0.0055481,-0.70721,0.39194,-0.10555,-0.77914,-0.43983,0.0063874,-0.7125,-1.1759
61.328,57.465,56.656,54.754,52.304,54.368,57.215,56.984,56.102,60.554
11.763,12.581,12.351,11.949,10.76,13.148,11.279,11.935,11.385,12.264
98,97,108,93,102,99,88,99,96,100
18,16,7,4,14,6,16,22,10,10
2983,3501.8,3456.1,3632.7,3145.1,3346.2,3571.5,3684,2982.1,3194.3
2.5917e+07,3.5291e+07,3.3458e+07,3.7692e+07,3.2322e+07,3.4884e+07,3.5994e+07,3.8225e+07,3.3758e+07,3.1716e+07
0.26915,0.29968,0.24109,0.25774,0.3001,0.22957,0.27968,0.2998,0.23802,0.25995
302.03,0,134.78,0,364.27,335.85,295.65,276.71,412.9,340.21
