15642,15718,15716,15716,16456,14853,15309,14995,15396,15369
16417,16637,16636,16636,16380,17297,16922,17052,16711,16790
5147,4757,4687,4687,4246,4266,4536,4687,4977,4746
725,702,795,795,793,725,734,694,1043,745
0.85914,0.85243,0.83038,0.83038,0.81324,0.83005,0.83818,0.85193,0.79044,0.84303
18816,19362,19163,19163,16632,19560,19760,19312,19462,20008
1.7163,1.6742,1.6745,1.6745,1.4687,1.5764,1.7086,1.5415,1.7752,1.6283
9,3,8,8,7,8,7,9,8,8
2090.7,6454,2395.4,2395.4,2376,2445,2822.9,2145.8,2432.8,2501
1.0467,1.0451,1.0608,1.0608,1.052,1.0687,1.0533,1.0535,1.0515,1.054
0.99266,0.9867,0.97061,0.97061,0.97784,0.98536,0.97229,0.98662,0.97677,0.96277
5.7473,5.9907,5.6934,5.6934,6.1854,5.3555,5.4365,5.4715,5.3048,5.5726
18,20,14,14,14,14,16,16,20,17
20,24,19,19,17,18,20,19,20,18
129.62,246.13,260.54,260.54,997.21,361,124.69,283.34,641.95,100.97
129.62,246.13,260.54,260.54,997.21,361,124.69,283.34,641.95,100.97
16.848,23.376,25.394,25.394,56.603,26.827,20.02,23.071,37.65,18.249
0.2346,1.142,0.87836,0.87836,2.9355,0.85511,0.086875,0.88732,2.2005,0.11409
5.5994,14.703,13.835,13.835,49.845,17.817,2.1149,14.293,32.03,2.6538
116.53,220.08,241.41,241.41,918.89,336.39,36.908,255.01,576.25,50
-12.1,-22.008,-24.491,-24.491,-89.573,-32.344,-5,-26.771,-59.083,-3.7
-18.275,-17.282,-20.155,-20.155,-17.744,-18.292,-14.881,-19.115,-17.196,-18.05
5.8168,7.7187,6.6934,6.6934,8.976,6.6153,7.0368,6.7416,7.6672,6.8884
63.687,60.23,63.987,63.987,63.423,62.813,63.473,63.93,58.864,65.812
12.119,12.712,12.646,12.646,13.332,13.783,14.068,13.792,12.172,12.924
102,100,99,99,108,112,103,102,88,105
15,11,19,19,16,18,18,13,14,25
4113.5,4104.8,4001.2,4001.2,5047.4,4355.2,4162.4,4075.5,4004.5,4099.5
7.74e+07,7.9478e+07,7.6676e+07,7.6676e+07,8.3948e+07,8.5188e+07,8.2248e+07,7.8705e+07,7.7935e+07,8.2023e+07
0.37522,0.35494,0.34964,0.34964,0.44572,0.351,0.35991,0.32531,0.36527,0.33362
1915,7768.2,2147.2,2147.2,2427.7,1772.1,2443.9,1669.1,1911.1,2182.1
