15276,14469,14063,14105,14495,14726,14720,14615,14891,14473
12562,13963,13610,14049,13731,12733,13330,13627,13160,13600
3125,2964,2684,3595,2984,2494,2654,2824,2623,2463
43,42,0,30,51,64,33,31,22,31
0.98624,0.98583,1,0.99166,0.98291,0.97434,0.98757,0.98902,0.99161,0.98741
17674,16929,16234,15986,16582,16979,17128,16234,16433,16532
1.0049,1.0258,1.0132,0.96156,0.9116,1.0288,1.0084,0.94897,1.018,0.99441
4,4,1,2,4,6,4,3,3,3
4418.5,4232.2,16234,7993,4145.5,2829.8,4282,5411.3,5477.7,5510.7
0.92828,0.94308,0.95702,0.94536,0.9314,0.96331,0.94031,0.9422,0.96988,0.94572
1.1461,1.1139,1.0954,1.061,0.98755,1.0521,1.0463,1.0824,1.1188,1.1296
5.8609,6.0525,6.3894,6.2614,6.8096,6.266,6.4038,6.4474,6.115,6.2202
7,7,7,7,7,7,10,9,6,7
13,14,11,12,11,11,11,12,11,11
604.07,249,656.07,374.33,620.17,99.564,492.26,633.73,367.49,501.42
604.07,249,656.07,374.33,620.17,99.564,492.26,633.73,367.49,501.42
42.722,24.282,47.805,24.423,47.922,23.29,35.174,54.893,28.201,37.512
2.5134,1.303,3.1337,0.82778,2.9987,0.088192,1.6105,4.4655,1.1338,2.1478
36.16,17.031,41.479,17.875,41.272,1.2769,28.879,49.246,20.274,30.567
553.62,234.1,582.51,335.18,556.7,9.1639,467.67,573.32,326.02,463.1
-55.562,-17.81,-58.712,-33.518,-55.815,-3.6445,-43.025,-53.152,-32.102,-44.203
-14.412,-16.595,-10.637,-7.0167,-21.863,-15.521,-25.519,-15.621,-8.9192,-17.444
1.823,3.2397,1.6019,1.8949,2.2498,3.135,2.5951,2.4785,3.9006,3.9441
66.787,67.906,67.956,62.657,64.873,62.442,64.154,68.789,61.727,64.044
13.522,14.252,14.987,13.142,15.231,13.162,13.772,15.892,13.125,14.593
97,112,112,97,106,91,103,117,95,102
9,16,13,9,18,16,14,11,17,20
5068.8,5047.3,5429.2,4767.8,5080.6,5081.5,5312.8,5050.6,4556.5,4594
8.9587e+07,8.5446e+07,8.8138e+07,7.6218e+07,8.4246e+07,8.6278e+07,9.0998e+07,8.1992e+07,7.4878e+07,7.5949e+07
0.2882,0.30582,0.33886,0.28678,0.2793,0.30789,0.31278,0.29524,0.28226,0.27633
160.33,283.83,0,964,121.81,437.27,421.83,675.81,499.74,625.52
