15529,16409,15654,16478,16195,16926,17773,16979,18492,17878
16104,18176,17493,16632,16828,16668,16984,17528,17287,17074
1672,1610,1594,1828,1594,1609,1484,1541,1485,1541
724,0,683,827,672,677,416,647,631,674
0.56699,1,0.57152,0.54759,0.57842,0.57924,0.71968,0.58014,0.57508,0.56262
13802,15291,14845,15986,15837,14398,14497,16086,15440,12660
1.0609,1.2089,1.3109,1.2402,1.252,1.1718,1.337,1.2139,1.0336,0.89061
46,1,42,53,44,44,27,42,41,43
300.04,15291,353.45,301.62,359.93,327.23,536.93,383,376.59,294.42
1.0085,1.0321,1.0235,0.97966,1.0133,1.0066,1.0157,1.0071,1.0008,0.97686
1.0063,1.0149,1.0112,0.99355,1.0029,1.0061,0.99604,1.0021,1.0054,1.0131
6.7811,6.2123,6.211,6.3159,6.4854,6.8423,6.4091,6.2884,6.9249,7.8302
11,15,13,11,11,11,11,11,11,11
15,14,15,17,15,15,14,15,15,13
303.52,367.74,293.42,306.55,399.02,351.09,364.82,331.32,366.28,296.91
303.52,367.74,293.42,306.55,399.02,351.09,364.82,331.32,366.28,296.91
63.253,67.168,59.808,65.301,70.603,64.047,65.479,70.038,69.911,63.269
1.8835,2.0968,2.0299,1.8599,2.251,2.0043,2.2853,2.357,2.4593,2.2257
7.5178,8.2588,7.9567,7.4245,8.9372,7.9265,8.9727,8.8811,9.2183,8.2099
30.201,34.885,34.261,28.896,45.281,32.586,42.796,39.035,41.543,29.687
-13.947,-15.632,-16.738,-14.103,-17.619,-16.023,-19.651,-16.731,-16.232,-14.611
-18.823,-23.388,-20.516,-22.058,-16.208,-20.962,-20.643,-22.12,-20.006,-23.172
6.9411,5.7135,12.147,6.5053,5.9821,6.2129,7.3577,7.1994,8.9674,6.8806
57.371,61.623,57.323,59.729,57.636,58.393,56.061,57.91,61.387,59.915
17.149,15.811,15.832,17.976,18.599,18.159,17.566,20.28,20.084,18.114
101,99,97,106,101,108,93,102,111,104
9,4,18,9,9,13,6,15,25,20
2710.9,3827.7,2464.3,2231.8,2537.2,2641.1,3003.7,2937.9,3516.8,3346.4
3.7416e+07,5.853e+07,3.6583e+07,3.5678e+07,4.0181e+07,3.8027e+07,4.3545e+07,4.7259e+07,5.4299e+07,4.2365e+07
0.20837,0.30261,0.21762,0.17314,0.20058,0.21495,0.27702,0.22171,0.23543,0.23541
587.49,0,728.2,553.07,609.54,621.93,785.16,666.33,669.27,665.81
