14026,13618,13440,13558,14473,15063,15892,13036,15222,15175
15090,15355,14129,14964,15076,14969,14532,15336,14488,14551
1912,1923,1983,1953,1983,2103,1903,2013,1873,1973
231,192,243,182,240,160,201,171,122,170
0.87918,0.90016,0.87746,0.90681,0.87897,0.92392,0.89438,0.91505,0.93486,0.91384
13405,12312,12958,13950,13801,14695,15291,15291,14696,15887
1.3091,1.4395,1.5588,1.4474,1.5075,1.6051,1.5293,1.336,1.6051,1.6281
5,3,5,5,5,2,6,3,4,4
2681,4104,2591.6,2790,2760.2,7347.5,2548.5,5097,3674,3971.8
0.97425,0.99072,0.98466,0.9735,0.99141,0.97786,0.99555,0.99749,0.98251,0.99388
1.0348,1.0413,1.0334,1.0335,1.0561,1.0685,1.0314,1.0431,1.0814,1.0321
6.0482,5.9694,5.6717,5.3921,6.0402,5.505,5.6528,5.8753,5.0565,5.1768
18,17,18,19,16,17,17,17,17,17
17,17,18,18,17,19,18,18,16,17
149,260.54,108.41,492.06,657.05,345.81,931.8,573.79,607.18,283.34
149,260.54,108.41,492.06,657.05,345.81,931.8,573.79,607.18,283.34
27.318,27.506,21.593,41.289,68.248,32.462,83.243,53.235,48.522,30.578
0.63597,1.3477,-0.0010344,2.2117,7.2751,1.6279,7.0849,4.5401,2.8654,1.4103
9.4544,19.846,1.3081,33.041,62.645,21.903,76.126,47.039,42.625,20.135
121.41,260.54,3.0347,441.61,606.02,299,855.37,527.26,565.58,271.34
-13.344,-24.135,-5.045,-43.995,-49.015,-29.16,-85.156,-33.518,-53.318,-13.136
-23.762,-17.69,-18.057,-17.787,-19.887,-14.805,-20.894,-21.259,-19,-17.308
4.2794,4.5825,5.718,4.303,3.6875,6.3842,5.8805,1.8883,1.8046,4.0455
72.414,75.232,73.05,75.71,73.846,73.796,78.292,78.08,74.067,75.465
15.314,15.127,15.185,12.026,14.145,14.004,16.521,15.622,13.92,15.3
103,118,111,108,113,109,130,127,109,105
14,22,23,30,15,14,14,28,23,13
3359.3,2817.4,2631.6,2843.9,3045.9,3194.9,3880.7,5097.1,3109.7,4120.4
4.5031e+07,3.4688e+07,3.41e+07,3.9672e+07,4.2037e+07,4.6949e+07,5.934e+07,7.794e+07,4.57e+07,6.546e+07
0.32806,0.32941,0.31656,0.29507,0.3327,0.34897,0.38811,0.44536,0.33964,0.42225
1369.9,2302.5,1103.8,1057.7,1667.6,4930.4,1335,2716.8,1468.7,1396.1
