14770,16470,12933,16011,14869,16484,17228,15210,16507,15936
14753,16143,12697,14361,13838,14231,14474,18470,14179,16820
1332,1281,1272,1362,1342,1272,1352,1392,1282,1302
142,141,141,201,152,161,130,141,120,90
0.89339,0.88993,0.88915,0.85242,0.88674,0.87343,0.90385,0.89871,0.9064,0.93088
15340,13802,14546,16532,17376,15390,16583,16135,17029,15391
2.3155,2.7277,2.2782,2.495,2.7739,2.1292,2.5493,2.7906,2.28,2.4105
4,4,4,3,4,4,2,4,2,2
3835,3450.5,3636.5,5510.7,4344,3847.5,8291.5,4033.8,8514.5,7695.5
1.0306,1.028,1.0647,1.034,1.0357,1.0452,1.0451,1.0072,1.0574,1.0239
1.0047,1.0064,1.049,1.0232,0.99525,1.0273,1.0177,0.97784,1.0152,0.99314
5.0389,4.4067,4.492,4.565,4.6209,4.7189,4.2755,4.1328,4.0843,4.2816
12,10,10,11,12,11,10,12,10,11
10,11,14,13,8,10,9,12,9,9
134.08,124.45,546,468.11,167.75,364.31,283.34,133.13,902.15,596
134.08,124.45,546,468.11,167.75,364.31,283.34,133.13,902.15,596
33.868,30.182,55.089,52.601,41.205,44.498,39.145,31.598,86.345,58.119
-0.0050476,0.0013012,3.6907,3.2,0.01445,2.5875,1.8812,-0.13287,6.2544,4.0543
1.5057,1.3143,44.544,39.084,1.6834,29.14,23.257,1.8394,75.288,49.584
3.4229,2.7567,476.5,421.67,3.335,310.1,253.64,3.0801,802.13,540.1
-2.97,-5.0783,-49.969,-43.166,-4.1822,-17.183,-27.834,-15.557,-83.765,-51.57
-3.8924,-1.9393,-2.6299,-5.8789,-2.7024,-5.6572,-2.4422,-6.1114,-6.2103,-4.5487
-3.0488,-1.2421,2.5107,-0.72293,-2.6216,-3.2369,-0.84491,-0.74538,4.7677,1.4548
65.724,65.195,62.992,69.483,63.309,61.853,64.26,65.162,66.701,67.656
13.892,11.467,10.807,14.419,17.008,14.523,15.285,15.198,11.734,14.057
98,93,91,99,96,85,104,93,96,99
16,24,37,20,15,12,24,6,25,23
2651.7,1716.9,2236.4,2136.6,2082.1,2365.1,2418.2,2132,2233,2376.5
4.0677e+07,2.3696e+07,3.2531e+07,3.5322e+07,3.6179e+07,3.6399e+07,4.0101e+07,3.44e+07,3.8026e+07,3.6576e+07
0.40026,0.33931,0.35027,0.32245,0.3324,0.32722,0.37174,0.36873,0.29897,0.3722
1581.6,916.38,704.92,2027.4,1839.6,1378.7,2733.6,1276.1,2951.2,2705.3
