11147,11430,12205,11835,12138,11853,10767,12617,12666,12055
16034,15632,16850,16972,16112,16119,15947,17608,17042,15839
1213,1218,1448,1438,1453,1422,1698,1640,1635,1500
497,476,318,250,245,799,427,637,692,853
0.59027,0.6092,0.78039,0.82615,0.83138,0.43812,0.74853,0.61159,0.57676,0.43133
22639,22143,18717,19462,19114,20107,21348,21944,19312,18965
2.2373,1.8948,1.9667,1.7371,1.6027,1.5599,1.79,1.98,1.4707,1.64
20,21,3,2,3,32,3,21,25,33
1132,1054.4,6239,9731,6371.3,628.34,7116,1045,772.48,574.7
0.98482,1.0158,0.98839,0.9821,0.98001,0.97632,0.97439,0.97925,0.96569,0.98266
0.96045,1.0211,1.0075,1.0016,1.0039,0.99181,1.0191,0.99226,0.96416,0.97795
3.7999,4.5364,4.1441,4.2506,4.4492,4.4325,4.3973,4.3007,4.6872,4.3997
11,11,12,12,12,12,11,12,16,12
12,12,10,10,13,12,13,11,11,12
433.06,413.22,297.83,358.22,306.83,390.19,339.76,400.11,390.19,368.2
433.06,413.22,297.83,358.22,306.83,390.19,339.76,400.11,390.19,368.2
77.472,86.965,57.008,62.046,62.258,71.025,60.193,67.091,65.364,65.675
2.7645,2.845,2.0941,2.0508,1.8224,2.3286,2.0898,2.0499,2.1206,2.1579
10.083,11.614,7.4234,7.99,7.8503,9.2976,7.649,8.7458,8.4244,8.7045
45.273,48.774,31.426,44.717,38.363,45.894,25.943,46.178,39.991,41.284
-18.095,-21.273,-13.48,-14.812,-14.6,-15.975,-16.173,-18.381,-20.491,-19.897
-28.915,-44.69,-31.892,-36.725,-34.491,-35.226,-37.615,-38.882,-29.115,-37.04
24.678,20.872,19.822,16.661,18.215,21.23,17.206,21.441,16.712,19.271
64.178,65.112,62.778,64.992,65.699,66.268,61.086,64.659,60.629,62.157
11.844,15.956,11.036,13.665,12.056,15.446,15.108,14.487,13.813,12.539
102,97,89,96,94,99,93,96,94,105
25,19,23,8,20,23,13,20,19,35
1465.5,1638.9,992.51,1314.8,1609.9,867.69,1323.6,967.98,998.37,800.71
3.3178e+07,3.6291e+07,1.8577e+07,2.5588e+07,3.0772e+07,1.7447e+07,2.8257e+07,2.1241e+07,1.928e+07,1.5185e+07
0.14483,0.14025,0.10429,0.11735,0.13499,0.067315,0.11099,0.08734,0.076031,0.069242
1361.2,1322.9,5690.3,10507,5894.3,1088.1,9237,1300.8,1016.7,899.46
