13985,14696,13490,13978,15017,13480,14512,12963,14650,13215
16712,15508,14645,16933,16354,15745,15108,15264,14030,9719.4
3860,3750,3791,3812,3985,3719,3578,3760,3385,3870
2431,1173,1902,2360,2380,1124,2141,2027,992,1468
0.37021,0.6872,0.49829,0.3809,0.40276,0.69777,0.40162,0.4609,0.70694,0.62067
17475,21447,21498,17724,19958,18717,17625,15639,17227,17377
1.0588,1.2901,1.6224,1.2261,1.3254,1.1682,1.1084,0.991,1.1626,2.4451
71,5,47,75,82,7,74,47,6,4
246.13,4289.4,457.4,236.32,243.39,2673.9,238.18,332.74,2871.2,4344.2
0.98382,0.97927,0.96845,0.9723,0.96156,0.97655,0.97556,0.96432,0.97198,0.94754
0.89172,0.8994,0.90687,0.95699,0.92773,0.92518,0.94777,0.91673,0.9457,0.91697
10.322,8.3004,8.7763,11.125,9.6457,11.341,10.561,11.587,9.5537,5.5776
24,23,23,25,23,26,25,23,23,21
22,23,21,23,23,24,23,25,23,23
305.81,339.9,306.02,304.02,283.03,465.3,420.75,357.65,383.73,222.27
305.81,339.9,306.02,304.02,283.03,465.3,420.75,357.65,383.73,222.27
67.296,57.839,59.375,65.631,56.524,76.105,72.884,70.531,68.595,35.676
2.1242,2.0851,2.1447,2.3892,1.8709,2.4152,2.2379,2.2523,2.1117,1.1188
8.3388,7.7566,7.8862,8.8027,7.1048,9.8902,9.0627,8.8048,8.3686,4.6774
35.118,35.443,28.089,37.606,29.075,50.967,42.056,35.753,36.043,24.106
-15.807,-19.562,-14.138,-13.326,-13.109,-21.954,-18.83,-21.781,-26.826,-10.426
-37.077,-39.395,-39.824,-41.974,-41.309,-43.477,-39.445,-41.915,-43.64,-24.434
6.5846,5.7391,6.2116,6.2555,5.2858,3.881,4.8303,3.9652,6.0351,7.6654
84.22,81.388,89.882,92.027,93.056,85.628,87.16,83.13,79.89,75.379
23.538,20.39,32.156,28.928,28.038,24.674,21.935,22.708,20.246,18.556
160,162,255,203,175,147,153,138,144,130
15,12,21,18,15,18,19,14,12,5
5160.3,6136.3,4787.7,4307.8,4520.9,6500.2,4620.5,5138.5,5593.6,2366.1
9.0177e+07,1.316e+08,1.0293e+08,7.6351e+07,9.0227e+07,1.2166e+08,8.1436e+07,8.036e+07,9.636e+07,4.1115e+07
0.31267,0.36912,0.36131,0.29799,0.30023,0.4057,0.29058,0.32561,0.37748,0.33292
1007.3,8030.1,1194.3,1023.6,941.47,5783.1,968.06,1223.9,5049.9,5615.3
