14320,14900,15528,14628,15263,14892,13494,14708,14433,15678
6111.9,6674.8,6388.6,5922,6724.9,7248.4,5959.7,5914.5,6573.4,7196.4
2791,2688,2656,2744,2703,2963,2469,2469,2448,2588
552,1446,1104,1434,1109,505,1312,344,344,941
0.80222,0.46205,0.58434,0.47741,0.58972,0.82956,0.46861,0.86067,0.85948,0.6364
20107,13852,17625,14844,17475,18320,16235,16979,17724,17228
1.757,1.4742,1.8289,1.7113,1.8362,1.7892,1.6436,2.0134,1.8861,1.8573
4,66,43,66,43,4,60,3,3,39
5026.8,209.88,409.88,224.91,406.4,4580,270.58,5659.7,5908,441.74
1.0207,0.99403,0.97377,1.0245,0.99062,1.0017,1.0027,0.98253,0.99994,1.0057
1.0176,0.93306,0.99095,0.96671,0.96211,0.95582,0.99467,0.9508,0.98114,0.95331
4.4238,4.9376,4.3654,5.0635,4.4128,4.6645,4.7882,4.3212,4.4621,4.3372
12,11,12,14,12,13,11,10,14,11
18,20,18,30,20,20,20,23,19,18
159.18,152.75,155.37,200.83,149.98,201.8,180.67,139.24,151.94,170.82
159.18,152.75,155.37,200.83,149.98,201.8,180.67,139.24,151.94,170.82
36.267,27.842,32.229,30.304,32.367,34.682,34.852,27.935,30.738,29.776
1.0417,1.0704,0.87952,1.0744,1.0836,1.1167,1.0875,0.93643,0.91998,0.95017
4.2847,3.9934,3.8317,4.5787,4.2969,4.4729,4.2818,3.5573,3.6689,3.6525
14.114,17.856,14.574,29.37,19.438,22.12,18.032,17.007,11.576,13.716
-7.0683,-7.7784,-6.7363,-10.66,-7.4989,-9.12,-10.769,-6.5967,-6.3579,-8.5616
-14.98,-16.915,-9.4896,-18.431,-14.385,-8.7877,-16.767,-12.758,-7.192,-11.182
4.5009,3.5084,4.8616,3.6268,3.8421,4.3901,5.0859,4.8941,4.6159,4.9348
79.323,74.338,78.023,79.197,82.768,82.805,82.591,78.912,83.58,82.68
24.139,18.733,21.919,22.491,20.313,19.524,28.999,20.573,21.642,21.642
170,128,129,135,124,155,200,131,133,140
9,11,8,13,8,21,11,19,21,17
3422,1688.5,1911.5,1423.6,1948.1,2816.9,1933.7,2355.1,2396.8,1854.3
6.8806e+07,2.3388e+07,3.3691e+07,2.1132e+07,3.4043e+07,5.1606e+07,3.1394e+07,3.9987e+07,4.2481e+07,3.1945e+07
0.29902,0.1797,0.19835,0.16412,0.2047,0.27512,0.19576,0.27927,0.25506,0.1999
3376.4,373.77,438.42,398.58,564.07,3494.1,482.38,4626.3,5188.4,504.11
