13008,14248,14398,12253,13858,14199,12520,14154,16671,13505
15671,15611,16053,16782,17501,17029,16730,16920,16122,16982
3078,2766,2781,3140,2953,3281,3094,4329,3328,3078
591,599,616,1299,1575,840,1742,1926,1919,1169
0.80799,0.78344,0.7785,0.58631,0.46664,0.74398,0.43697,0.55509,0.42338,0.62021
18667,18469,17575,16433,17426,17575,16483,17128,20207,19363
1.2106,1.4601,1.552,1.4063,1.6628,1.6393,1.591,1.4361,1.3637,1.6073
5,5,6,48,70,5,74,6,74,47
3733.4,3693.8,2929.2,342.35,248.94,3515,222.74,2854.7,273.07,411.98
0.99731,0.99638,0.98798,0.9919,0.9877,0.99671,0.99966,0.99377,1.0059,0.99521
1.0371,0.98463,1.04,1.0451,1.014,1.0327,1.0452,1.0195,0.97681,1.029
10.732,10.081,10.489,12.913,12.003,11.084,10.947,11.108,10.997,10.947
26,26,26,27,28,25,25,23,27,27
28,24,26,27,26,25,25,25,25,29
489.89,534.07,428.43,448.04,489.12,519.48,426.7,375.45,454.58,451.49
489.89,534.07,428.43,448.04,489.12,519.48,426.7,375.45,454.58,451.49
75.531,79.999,75.363,76.93,82.119,71.948,61.954,64.657,76.2,70.143
2.2153,2.5783,2.2819,2.4724,2.7565,2.4204,2.0802,2.0675,2.4367,2.172
8.7784,10.428,9.445,10.441,10.772,9.5888,8.2118,8.2829,9.3393,8.8204
35.676,49.356,41.821,42.203,50.165,52.612,44.916,30.422,34.467,39.34
-21.848,-24.931,-23.388,-24.504,-22.719,-24.874,-13.428,-19.28,-21.089,-22.116
-35.159,-38.959,-36.463,-38.978,-35.544,-34.362,-38.752,-33.185,-34.688,-34.172
7.466,7.8232,7.9696,4.5088,6.5658,5.3836,5.4612,6.9722,4.9701,4.3103
75.264,80.369,75.116,71.137,85.346,84.096,67.89,82.138,77.657,89.875
19.147,20.066,16.97,19.552,25.836,24.807,16.951,32.107,20.646,36.537
162,157,131,155,177,201,120,255,136,255
29,39,31,5,23,31,17,13,19,27
4590.2,3752.5,3907.6,3798.7,3903.8,4897,3188.2,4369,4684.9,4601.3
8.5685e+07,6.9305e+07,6.8676e+07,6.2423e+07,6.8027e+07,8.6065e+07,5.2551e+07,7.4833e+07,9.4668e+07,8.9095e+07
0.29768,0.29666,0.34507,0.32509,0.3725,0.45677,0.30774,0.36631,0.31616,0.38194
5675.3,5923.9,4516.1,1215.6,1042.7,6600,990.34,6572.7,1133.9,1265.9
