12684,14024,14410,14239,13896,13782,14100,13423,12975,13695
8366.8,12605,10812,9605.9,10586,8873.4,9229.4,9335.7,8779.8,10219
3922,3932,3978,3906,3688,3969,4046,4047,3797,3775
1853,261,1870,1300,284,251,1950,288,1257,1768
0.52754,0.93362,0.52991,0.66718,0.92299,0.93676,0.51804,0.92884,0.66895,0.53166
16880,17575,19312,16830,17227,17277,16085,16184,15937,16383
2.5022,1.8947,2.0553,2.3284,1.9324,2.7577,1.9929,2.3568,2.1,2.3448
103,4,105,67,5,4,108,5,66,99
163.88,4393.8,183.92,251.19,3445.4,4319.2,148.94,3236.8,241.47,165.48
0.98804,0.98431,0.99784,1.0134,0.97049,0.97729,0.99166,0.9929,0.98381,0.96819
1.0036,0.97043,1.0213,0.99417,0.96143,0.97669,0.9728,0.95579,0.94218,0.94994
4.8664,4.9571,5.2019,4.9797,4.7412,4.6292,5.3093,5.177,4.8856,5.0413
28,28,25,25,23,25,25,26,23,24
28,30,28,25,25,26,27,22,29,25
144.39,153.25,202.92,175.36,181.2,138.47,138.32,124.89,153.3,125.1
144.39,153.25,202.92,175.36,181.2,138.47,138.32,124.89,153.3,125.1
23.418,25.621,29.291,26.351,26.223,24.013,23.27,22.564,24.304,23.367
0.71168,0.76897,0.91553,0.7891,0.80672,0.65527,0.64535,0.72949,0.73064,0.74315
3.3416,3.3389,3.725,3.3054,3.3003,3.0225,2.938,3.0523,3.1072,3.039
19.058,18.727,20.161,21.164,16.54,15.424,11.41,14.744,19.172,13.474
-8.1946,-6.5351,-11.94,-7.8144,-7.665,-8.1089,-6.8311,-5.8924,-6.5668,-6.8306
-31.083,-23.739,-23.099,-28.251,-27.261,-32.107,-32.362,-29.21,-30.789,-30.852
3.992,4.2833,4.6804,3.5885,4.1716,3.8541,2.3143,3.7287,3.1461,2.8626
45.087,52.088,55.361,57.461,53.295,55.664,52.496,52.416,50.492,48.879
15.343,12.188,11.499,12.576,11.617,13.116,14.135,10.807,13.272,12.898
124,97,83,98,86,89,96,90,97,90
5,7,18,14,13,11,9,20,9,13
1034.4,2074.5,1977.3,1654.2,1950.3,1682.1,1280.1,1638.9,1604.7,1107.1
1.746e+07,3.6459e+07,3.8186e+07,2.784e+07,3.3599e+07,2.9062e+07,2.059e+07,2.6524e+07,2.5573e+07,1.8138e+07
0.15333,0.22364,0.21044,0.22886,0.21877,0.26849,0.1586,0.23866,0.21144,0.15846
260.7,725.01,268.71,255.08,620.63,939.61,295.25,593.91,253.44,271.03
