15592,13720,16037,13748,15264,13878,15921,17080,15268,15262
12854,12487,12885,14432,14825,15163,15092,15047,14694,14524
6016,6166,5760,5322,5156,5228,4703,4547,5213,5854
1471,3645,1496,1189,2923,2366,2253,2658,2343,3442
0.75549,0.40886,0.74028,0.77659,0.43309,0.54744,0.52094,0.41544,0.55055,0.41203
16433,16185,17426,15689,16334,14547,15241,15887,15391,16483
1.2749,1.244,1.2363,1.0853,1.2327,1.0782,1.0543,1.0067,1.0827,1.0365
12,134,8,10,114,74,78,100,74,124
1369.4,120.78,2178.2,1568.9,143.28,196.58,195.4,158.87,207.99,132.93
1.003,0.98826,1.0031,0.98393,1.0002,0.98986,0.99494,0.98471,0.99704,0.99163
0.97743,0.95419,0.9824,1.0142,0.97776,0.98873,0.99539,1.0096,0.97909,0.98541
6.2443,6.7507,6.362,7.0956,6.6018,6.4416,6.5011,6.7597,6.4017,6.5058
37,36,40,37,36,34,32,34,37,37
37,37,33,39,37,33,33,33,39,37
108.51,108.5,149.73,152,156.4,149.02,152.94,175.74,156.4,127.29
108.51,108.5,149.73,152,156.4,149.02,152.94,175.74,156.4,127.29
17.733,18.871,20.037,20.584,21.717,19.644,22.076,25.73,18.911,19.273
0.5269,0.57602,0.62584,0.59402,0.67978,0.42997,0.6687,0.70781,0.55535,0.5404
2.5045,2.8054,2.9233,2.8298,3.1912,2.5781,3.0033,3.419,2.6599,2.5302
12.495,13.033,15.651,16.632,17.735,15.52,17.913,20.151,18.259,15.329
-5.6563,-6.6757,-6.8778,-6.6578,-9.9334,-6.8383,-7.2602,-8.5615,-7.2996,-6.5181
-31.423,-37.879,-26.954,-32.423,-32.54,-23.509,-24.474,-26.204,-30.862,-25.336
2.6578,2.2951,3.209,2.7223,2.0916,2.3442,1.9968,2.6549,1.7261,2.4775
79.934,71.643,78.521,83.254,77.94,71.11,73.319,63.507,72.854,74.216
16.99,15.38,16.049,16.079,16.22,16.638,16.738,15.038,16.054,17.64
170,120,161,161,134,120,122,105,137,157
15,17,33,25,25,16,16,12,20,20
1487.3,1080.6,1482.1,2052,952.18,1171.2,1098.7,1271.5,1216.3,1294.5
2.444e+07,1.749e+07,2.5827e+07,3.2194e+07,1.5553e+07,1.7037e+07,1.6746e+07,2.0201e+07,1.8721e+07,2.1338e+07
0.11538,0.083063,0.10515,0.14195,0.071857,0.086805,0.076006,0.080574,0.085567,0.081406
2580.1,379.94,4051.6,3179.7,453.28,549.64,580.8,539.05,583.9,423.42
