16002,12697,11191,11354,12679,14290,13834,13191,13252,11922
7540.3,7243.1,7425.4,7464.7,7835.8,8468.5,8256.9,8571.9,8579.1,8222.7
2760,2937,2797,2900,2791,3026,3073,2978,2937,2985
1377,1509,1405,1459,1106,402,372,1471,1440,1500
0.50109,0.48621,0.49768,0.4969,0.60373,0.86715,0.87895,0.50604,0.5097,0.49749
22738,21597,24029,21497,19610,20703,21299,19909,19859,19462
3.9319,4.4816,4.6388,4.8232,4.2835,4.644,4.4198,4.0302,4.7104,4.1426
71,73,70,73,50,7,6,75,73,75
320.25,295.85,343.27,294.48,392.2,2957.6,3549.8,265.45,272.04,259.49
0.97189,0.98332,0.97273,0.99968,0.99252,0.98242,0.99019,0.98298,0.99812,0.99102
1.0159,0.96273,1.0199,0.95493,1.0273,0.96706,0.97417,0.9615,0.99386,1.0088
2.5653,2.4633,2.451,2.4593,2.5751,2.4015,2.4777,2.3971,2.2983,2.5346
13,11,9,11,9,11,9,11,12,9
22,23,20,24,23,25,24,24,22,25
176.1,107.5,139,129.2,109.2,119,130.22,92.565,101.57,93.208
176.1,107.5,139,129.2,109.2,119,130.22,92.565,101.57,93.208
25.041,19.613,23.482,20.724,19.043,18.401,20.383,17.662,18.568,18.173
0.68566,0.63265,0.73148,0.66218,0.62666,0.43576,0.58746,0.54626,0.53035,0.48958
2.9466,2.5558,2.9064,2.7064,2.738,2.3484,2.7022,2.4592,2.4285,2.2532
13.854,10.411,14.679,16.552,12.139,14.538,16.202,9.66,11.051,9.7346
-7.6289,-4.7812,-7.4333,-6.3297,-5.2742,-5.5189,-6.4222,-4.3668,-5.471,-4.8508
-7.4459,-6.1429,-6.6161,-2.6506,-5.4731,-5.1368,-10.258,-4.137,-4.3622,-7.477
9.4825,9.0874,10.442,9.0571,8.4626,8.1813,7.7064,8.0641,8.1817,8.4647
70.547,72.741,78.522,76.514,75.184,76.816,78.174,79.007,79.788,83.683
14.815,14.147,13.481,10.589,12.122,14.335,14.602,11.83,16.74,14.241
117,114,121,110,106,118,119,121,139,122
14,15,33,40,33,24,34,36,8,23
467.22,259.31,438.99,305.77,425.93,558.62,697.54,286.77,239.19,406.82
1.0624e+07,5.6003e+06,1.0548e+07,6.5731e+06,8.3525e+06,1.1565e+07,1.4857e+07,5.7093e+06,4.75e+06,7.9176e+06
0.080791,0.05381,0.084747,0.068604,0.093039,0.12531,0.14475,0.05805,0.056733,0.086595
310.89,289.74,328.47,268.25,319.73,1127.5,1374.4,237.31,224.1,237.18
