17417,17749,17070,16990,17418,16955,17608,17702,17632,17689
13898,14065,13839,13372,14279,14965,14103,14504,14478,14445
2250,2907,2375,2463,2307,2203,2150,2125,2078,2172
1126,938,1283,1314,205,266,672,1093,773,204
0.49956,0.67733,0.45979,0.4665,0.91114,0.87926,0.68744,0.48565,0.62801,0.90608
9830,7993,6603,8142,9334,7893,8291,8539,7298,8539
1.2951,1.0367,0.91353,1.1653,1.3359,1.008,1.1282,1.1814,1.0628,1.2437
59,6,59,60,5,5,33,56,37,5
166.61,1332.2,111.92,135.7,1866.8,1578.6,251.24,152.48,197.24,1707.8
0.99705,0.98854,0.99954,1.0007,0.99426,1.0004,0.99958,0.9899,0.99246,0.99581
1.0202,1.0163,1.0166,1.0211,1.0224,1.0316,1.0175,1.0133,1.0092,1.0233
6.8339,8.3406,8.6468,7.7666,6.9887,8.5584,7.9135,7.2174,8.6704,7.3599
21,22,21,21,21,21,21,21,21,21
21,22,19,23,21,19,18,21,19,17
248.2,219.71,125.77,166.7,238.2,178.38,178.8,190.34,243.03,170.53
248.2,219.71,125.77,166.7,238.2,178.38,178.8,190.34,243.03,170.53
33.881,32.009,23.813,27.694,31.402,32.297,30.01,29.767,33.619,28.705
0.88877,0.93393,0.76508,0.86361,0.82134,1.0468,0.98359,0.99102,1.0928,0.98481
4.1444,4.2984,3.2999,3.6367,3.8335,4.3262,4.2402,3.9159,4.7392,3.9311
21.425,27.883,11.846,14.691,22.704,21.2,17.72,17.089,24.579,19.033
-10.832,-8.8845,-6.9283,-8.1455,-10.618,-9.0603,-11.81,-8.1832,-11.282,-7.7102
-27.719,-28.151,-28.319,-25.55,-27.794,-33.37,-31.932,-31.41,-31.092,-30.072
2.5967,0.4319,-0.01551,1.3752,1.6003,1.3314,2.2531,1.663,1.2295,2.0326
69.054,65.709,68.47,68.242,73.687,72.286,73.196,73.428,73.717,72.173
18.149,17.181,18.197,16.697,18.662,17.601,17.318,21.326,18.147,14.278
121,129,135,130,124,134,121,165,136,115
21,7,17,11,11,27,8,1,25,24
2473.8,3365,2146,2131.6,2679.7,3108.1,2540,2054.1,2272.8,2910.6
2.4318e+07,2.6896e+07,1.417e+07,1.7356e+07,2.5012e+07,2.4532e+07,2.106e+07,1.754e+07,1.6587e+07,2.4854e+07
0.32593,0.43644,0.2969,0.30509,0.38353,0.39694,0.34563,0.28419,0.33097,0.42392
438.29,2276.5,414.63,439.06,1988,2434.2,477.02,440.15,519.48,2101
