12019,13333,12640,14382,15753,17050,14436,16845,16576,16899
12361,13614,15020,15346,14594,14834,14228,15981,14852,14101
1152,1212,1221,1131,1231,1262,1182,1252,1282,1181
62,11,11,11,20,112,31,40,0,0
0.94618,0.99092,0.99099,0.99027,0.98375,0.91125,0.97377,0.96805,1,1
8688,8837,7745,8043,7695,8092,8142,8490,8241,8589
0.57697,0.60623,0.50621,0.57067,0.57546,0.60515,0.5495,0.5873,0.52221,0.54843
5,2,2,2,2,4,3,3,1,1
1737.6,4418.5,3872.5,4021.5,3847.5,2023,2714,2830,8241,8589
1.0129,1.031,1.0155,1.0253,1.0268,1.0145,1.0259,1.0353,1.0323,1.0706
1.0244,1.0061,1.0121,1.0044,1.0168,1.018,1.0042,1.0127,1.0101,1.0117
6.1717,6.1025,7.3912,6.631,7.0496,6.7208,7.0084,6.8367,7.5362,7.2328
7,8,7,4,8,6,6,6,6,6
8,12,8,10,10,6,10,8,10,8
181.78,230.24,229.66,241.35,218.21,220.5,275.94,438.8,724.73,1209.1
181.78,230.24,229.66,241.35,218.21,220.5,275.94,438.8,724.73,1209.1
39.982,43.161,46.294,46.201,44.03,45.644,53.424,60.558,79.484,118.45
0.095867,1.0081,0.039977,0.040509,0.065279,0.095182,2.1116,4.041,4.6247,8.5454
1.6759,12.01,1.8878,2.0322,1.7985,1.823,23.072,36.972,57.157,102.35
4.5727,129.87,5.928,7.0719,6.9258,7.1518,248.3,388.66,639.85,1100.6
-3.6836,-12.987,-4.7988,-7.258,-4.8376,-6.1952,-12.767,-20.095,-66.453,-108.77
-17.729,-9.6466,-4.2375,-20.123,-18.513,-34.443,-22.125,-35.776,-28.387,-33.182
6.3569,7.4513,5.5746,6.4545,5.8321,6.3427,8.4123,8.5576,6.071,5.8432
75.776,76.602,79.618,68.535,75.508,76.941,75.294,77.492,77.636,81.992
14.482,13.633,12.944,13.151,15.03,14.629,14.267,14.353,15.572,15.573
113,112,113,96,112,114,115,110,116,139
50,40,49,31,34,42,43,24,49,43
2131.7,2529.1,2753.1,1366.3,2150.2,2256.2,2147.5,2082.5,3101.1,2413.9
1.852e+07,2.2349e+07,2.1323e+07,1.0989e+07,1.6545e+07,1.8257e+07,1.7485e+07,1.7681e+07,2.5556e+07,2.0733e+07
0.14157,0.1735,0.17994,0.09694,0.1608,0.16872,0.14493,0.14406,0.19651,0.15413
391.26,2289.5,0,244.95,149,1891.6,206.11,447.27,0,0
