13880,13529,13871,13449,22864,14677,13479,22425,11816,14516
14546,14676,15106,19102,15079,14639,19153,18994,21868,16119
4406,4032,3531,3500,3578,4094,4468,4344,4891,6229
2760,1372,1686,2017,1241,2674,1849,2891,2184,4066
0.37358,0.65972,0.52251,0.42371,0.65316,0.34685,0.58617,0.33448,0.55347,0.34725
10227,9036,8093,7596,9036,9781,9184,8639,9284,10972
1.8454,1.7444,1.4603,1.7514,1.7858,1.7652,1.8595,1.5258,2.1407,2.024
86,7,40,50,4,73,4,75,5,104
118.92,1290.9,202.32,151.92,2259,133.99,2296,115.19,1856.8,105.5
0.98952,0.98516,0.99611,0.99706,0.9929,0.98428,0.99289,0.98881,0.9987,0.98721
1.022,1.023,1.0085,1.0164,1.003,0.99145,1.0219,0.99821,0.97323,1.0031
7.7273,8.6264,8.8263,8.2373,7.5362,8.8145,8.5684,9.2898,8.3204,8.3482
31,29,27,25,27,30,31,29,30,40
27,24,24,24,23,27,27,24,28,39
249.49,220.74,200.57,220.76,229.8,220.76,221.89,211.81,249.39,284.89
249.49,220.74,200.57,220.76,229.8,220.76,221.89,211.81,249.39,284.89
37.733,34.145,30.956,32.528,35.179,37.656,37.081,39.267,34.75,31.808
1.0284,0.91486,0.72672,0.98105,1.0169,1.0625,0.91389,1.111,0.89415,0.73952
4.4082,4.1205,3.4303,4.1251,4.356,4.2585,4.2632,4.6298,4.0702,3.5161
30.633,23.954,16.5,24.888,27.6,18.298,24.164,22.895,30.606,33.105
-10.572,-10.57,-9.5361,-10.924,-9.0459,-8.75,-10.005,-10.058,-11.275,-12.526
-20.366,-17.59,-23.146,-19.658,-22.942,-18.77,-18.762,-21.456,-19.976,-21.162
0.84888,-0.78116,-0.1427,-0.16492,2.2241,1.0187,0.33271,0.63643,1.4128,0.60571
65.152,69.602,66.618,64.889,62.57,70.291,70.234,64.18,64.394,68.842
13.398,14.393,14.4,13.37,14.148,14.298,15.107,13.507,12.937,15.843
102,101,107,102,111,104,128,97,102,176
15,11,9,14,8,29,13,11,15,15
2285.3,3025.1,2703.2,2496.2,3066.6,2497.4,2483.7,2720.1,2426.2,2250.2
2.3372e+07,2.7335e+07,2.1877e+07,1.8961e+07,2.771e+07,2.4427e+07,2.2811e+07,2.3499e+07,2.2525e+07,2.469e+07
0.41237,0.584,0.48777,0.57556,0.60605,0.45071,0.50288,0.48042,0.55942,0.4151
312.29,1447.5,390.08,364.62,2477,397.45,2819.8,376.35,2258.6,338.31
