14920,14778,14674,15017,16038,15293,14332,15334,14623,15069
13913,14514,13999,14806,14345,13352,14694,14653,14666,15365
3516,4281,3557,3625,3828,4057,3870,3573,3588,3359
435,2053,1708,1758,1183,518,1856,1698,362,317
0.87628,0.52044,0.51982,0.51503,0.69096,0.87232,0.52041,0.52477,0.89911,0.90563
18469,19610,18667,17972,19312,21050,20504,20355,22092,21398
1.5332,1.5072,1.3021,1.3087,1.382,1.3759,1.3194,1.2898,1.4671,1.4559
7,109,90,94,57,6,95,92,5,4
2638.4,179.91,207.41,191.19,338.81,3508.3,215.83,221.25,4418.4,5349.5
0.99198,0.98913,1.0026,0.98883,0.99632,0.98658,0.98689,1.004,1.0046,0.99434
1.0059,0.98256,1.0109,0.99242,0.98349,0.98508,0.97428,0.97814,1.0088,1.0038
6.8845,7.1689,6.8573,7.1427,7.0579,7.1404,7.181,7.242,6.826,7.1473
27,22,24,24,22,26,20,22,26,26
23,26,25,24,25,25,24,26,24,26
367.67,429.15,447.79,403.97,353.01,476.29,440.72,490.32,482.23,523.59
367.67,429.15,447.79,403.97,353.01,476.29,440.72,490.32,482.23,523.59
57.495,57.807,57.715,56.904,52.112,61.544,60.728,69.549,69.305,75.986
1.3462,1.1203,1.2876,1.2417,1.0328,1.1024,1.2593,1.3938,1.2086,1.5413
6.3018,5.8849,6.6642,6.2483,5.1968,5.8224,6.4329,7.3517,6.8454,8.2893
35.192,44.215,47.756,41.31,33.178,34.644,43.109,55.404,60.91,59.131
-16.523,-19.357,-24.295,-17.878,-16.001,-21.81,-22.032,-20.993,-20.287,-24.295
-15.386,-16.4,-15.148,-17.586,-15.674,-16.444,-13.834,-16.402,-19.784,-24.38
1.1427,1.0563,1.7205,1.8315,0.20705,1.1265,1.3776,1.5024,0.75234,1.1087
60.616,68.378,65.85,66.703,69.181,60.398,68.878,67.042,70.555,72.286
14.788,14.39,15.156,13.802,14.829,12.939,13.941,13.256,14.471,15.684
130,115,112,114,121,116,122,111,117,117
16,7,17,25,29,23,11,23,18,19
3389.7,3077.9,2023.7,2785.4,2831,2960.2,2722.9,2627.5,3825.4,3924.1
6.2604e+07,6.0357e+07,3.7776e+07,5.0059e+07,5.4672e+07,6.2313e+07,5.583e+07,5.3482e+07,8.4511e+07,8.3967e+07
0.2814,0.23656,0.14116,0.20282,0.20259,0.19349,0.17522,0.16648,0.25405,0.267
2536.3,440.65,507.67,472.09,491.08,3844.5,521.65,561.49,4180.4,6005.1
