13726,13928,12124,17225,13597,12976,15918,14906,16427,14596
18078,16667,16815,16065,20566,9183.8,16903,16483,20551,9087.5
5282,5297,4797,4916,4953,4797,4994,4510,4563,4657
3211,3122,2760,1307,2849,2220,2478,2599,1081,2586
0.39209,0.41061,0.42464,0.73413,0.42479,0.53721,0.5038,0.42373,0.76309,0.44471
29739,29689,30185,29391,28845,29788,28249,29441,29639,29987
2.8374,3.286,2.7534,3.1685,3.5739,4.1212,2.9313,2.7772,3.4653,3.319
110,114,109,10,108,74,77,105,9,103
270.35,260.43,276.93,2939.1,267.08,402.54,366.87,280.39,3293.2,291.14
0.98534,0.98061,0.96924,0.97145,0.99101,0.97877,0.97711,0.97898,0.9833,0.98882
1.0156,0.97534,0.98203,1.0378,0.99092,1.0284,0.96954,1.0108,0.9544,0.95807
4.8764,4.8582,4.6581,4.8766,4.5484,4.3422,4.6887,4.5057,4.2245,4.3455
23,28,33,32,30,31,26,29,29,31
34,38,36,36,36,36,35,35,32,34
199.44,139,164.89,194.39,142.08,139.07,187.4,180.43,162.18,127.75
199.44,139,164.89,194.39,142.08,139.07,187.4,180.43,162.18,127.75
28.181,25.476,27.74,30.001,23.026,23.436,27.05,26.629,24.326,23.605
1.0402,0.95526,1.0369,0.96403,0.85254,0.73942,0.94405,0.93012,0.91361,0.84385
3.8519,3.711,3.9269,3.8289,3.2007,3.2551,3.7002,3.7457,3.3736,3.2968
20.735,14.949,17.345,21.058,13.793,14.792,22.495,23.186,13.474,11.592
-9.0187,-8.2616,-8.1841,-10.142,-6.8996,-6.4782,-9.9096,-8.1401,-7.3804,-5.6358
-5.0365,0.81659,-0.32865,-0.89232,0.50029,-0.066651,-1.7387,-1.694,-2.6958,-5.8015
5.6704,7.5761,7.8172,8.7451,8.0099,7.9563,8.4635,8.293,8.771,8.2197
81.609,83.464,80.892,82.666,83.362,79.396,84.391,80.589,77.655,75.583
13.676,14.082,16.203,15.587,13.875,16.297,12.605,13.368,12.463,18.598
120,113,157,131,124,137,117,127,119,171
30,23,32,14,34,32,38,25,37,15
1633.7,1763.5,1331.5,2752.6,1058.1,1240.2,1770.5,1435.1,1817.4,1168.7
4.8584e+07,5.2356e+07,4.019e+07,8.0903e+07,3.052e+07,3.6942e+07,5.0016e+07,4.2251e+07,5.3866e+07,3.5046e+07
0.15587,0.19518,0.12145,0.29675,0.13109,0.17158,0.18372,0.13538,0.21249,0.12935
575.65,591.62,607.54,4329.5,588.88,718.01,724,601.94,4460.9,585.89
