15846,16237,15730,15571,15042,16346,15150,17234,15701,17158
13962,13226,13438,12787,13882,14037,13448,12739,12828,12939
2187,2282,2625,2322,2557,2219,2063,2297,2375,2250
662,111,63,1018,261,940,73,1016,97,982
0.6973,0.95136,0.976,0.56158,0.89793,0.57639,0.96461,0.55768,0.95916,0.56356
17029,17972,18221,18220,18965,16234,18220,17525,18568,16781
0.93612,1.008,1.0432,0.95723,0.95991,0.91671,1.1458,0.98295,1.1417,0.94117
42,5,4,65,9,60,4,65,5,60
405.45,3594.4,4555.2,280.31,2107.2,270.57,4555,269.62,3713.6,279.68
0.98162,0.98813,0.98258,0.98092,0.98411,0.95634,1.0038,0.98535,0.9814,0.94909
1.0277,1.0226,1.0025,1.0461,0.98514,1.0187,1.0121,1.0039,1.035,1.0514
7.1592,7.3918,6.9906,7.4504,6.7716,7.0606,7.0249,7.1451,6.8453,7.5203
22,22,21,21,18,18,14,22,20,22
20,24,27,24,24,22,22,22,22,23
313.2,290.85,278.21,314.91,299.8,274.76,291.34,304.02,306.47,314.19
313.2,290.85,278.21,314.91,299.8,274.76,291.34,304.02,306.47,314.19
56.396,58.645,52.846,65.926,55.114,51.092,57.917,56.589,55.236,56.486
2.13,1.968,1.771,2.2817,1.5425,1.8072,2.1656,1.7998,1.7555,1.8703
7.7485,7.0976,6.8032,8.5495,6.6857,6.6555,7.7926,6.616,6.8805,7.026
31.486,25.249,29.328,35.997,33.062,28.079,28.182,29.91,35.029,34.505
-13.647,-12.524,-14.388,-17.305,-15.929,-11.921,-12.941,-13.865,-14.554,-13.501
-22.612,-19.137,-10.952,-18.346,-10.064,-17.542,-14.833,-17.865,-21.653,-18.038
-2.0862,-2.6372,-1.2231,-2.5968,2.2462,-0.11069,-1.3605,1.2489,-0.097267,-2.5465
50.174,44.475,49.655,50.056,42.06,48.659,47.796,45.925,41.44,40.706
11.186,12.112,12.42,11.162,10.995,12.602,12.339,10.862,11.798,11.089
84,96,90,87,71,88,93,73,85,69
17,6,10,21,8,5,19,4,11,11
7720.2,9240,8026.1,7809.2,7489.2,6685,6987.1,7754.6,7190.8,7675.8
1.3147e+08,1.6606e+08,1.4624e+08,1.4228e+08,1.4203e+08,1.0852e+08,1.2731e+08,1.359e+08,1.3352e+08,1.2881e+08
0.4244,0.51826,0.4595,0.41028,0.37906,0.37749,0.43942,0.43494,0.44216,0.4305
650.53,1586.4,237.48,578.35,1389.4,523.65,1949.3,573.55,1575.9,624.62
