11791,14175,12291,13951,14694,14812,13508,13380,15213,14827
21113,19990,20627,20472,20075,19464,19362,21148,19690,20051
4797,4843,5313,4932,4885,4750,4750,4578,4578,4620
527,1670,575,470,1667,298,548,2314,511,444
0.89014,0.65517,0.89177,0.9047,0.65875,0.93726,0.88463,0.49454,0.88838,0.9039
23235,23383,21149,22490,21398,23384,22937,23433,22888,21100
1.9481,2.1098,1.8676,1.795,2.0185,2.0871,2.0255,2.2105,1.9998,1.9461
8,82,8,7,85,6,7,112,6,7
2904.4,285.16,2643.6,3212.9,251.74,3897.3,3276.7,209.22,3814.7,3014.3
1.0068,1.0099,1.0033,1.0048,1.0117,1.015,1.011,1.0127,1.0113,1.0153
1.1605,1.1145,1.1326,1.081,1.0309,1.0598,1.0928,1.0757,1.1034,1.0696
6.3889,5.9444,6.4611,7.1048,7.4012,6.4559,6.7031,6.4235,7.0049,6.9447
42,44,42,41,44,44,39,41,42,44
41,41,41,39,41,40,41,41,39,42
257.53,274.76,237.64,236.12,257.53,263.12,314.19,252.28,268.74,221.4
257.53,274.76,237.64,236.12,257.53,263.12,314.19,252.28,268.74,221.4
33.994,33.568,31.425,34.17,34.844,34.607,36.878,36.585,38.978,34.715
0.94867,0.97043,0.78772,0.94288,1.0053,1.0016,1.091,1.0481,1.1483,0.9634
4.1701,4.2949,3.6438,4.0652,4.4649,4.3137,4.701,4.661,4.8512,4.2635
30.87,30.599,23.645,23.348,28.839,26.87,39.071,25.043,27.441,19.988
-10.66,-13.719,-11.435,-12.013,-11.672,-14.666,-13.501,-11.565,-14.411,-10.107
-19.814,-22.019,-22.469,-25.907,-29.069,-24.598,-24.062,-23.54,-30.351,-27.363
2.5244,3.9452,2.1444,3.4012,3.1927,4.3065,3.735,2.2785,3.55,3.003
59.129,64.239,63.914,66.029,70.223,67.229,66.41,63.535,68.695,68.308
13.971,13.242,11.722,13.684,12.272,15.838,13.642,14.295,16.243,13.297
98,99,118,108,108,125,109,109,124,122
11,19,26,6,24,13,9,10,18,23
2224.7,1766.7,2204.8,2524.8,2610.7,2475.6,2548.5,1962.2,2443.8,2738.1
5.1692e+07,4.131e+07,4.6628e+07,5.6783e+07,5.5863e+07,5.7891e+07,5.8455e+07,4.5981e+07,5.5934e+07,5.7775e+07
0.18653,0.1594,0.1947,0.20152,0.24627,0.22096,0.22505,0.1851,0.21353,0.25255
3818.5,513.2,2914,3344.7,540.03,3126.8,3709.9,565.02,4547.4,3067.6
