14063,14222,13343,13053,11462,12056,12943,14249,14130,16048
16046,15218,15365,15153,15252,16372,15731,15095,14588,14849
2542,2525,2500,2562,2557,2579,2588,2526,2531,2578
277,877,1317,862,931,1296,984,296,1239,1284
0.89103,0.65267,0.4732,0.66354,0.6359,0.49748,0.61978,0.88282,0.51047,0.50194
17475,16433,22391,18618,17922,19908,18519,17624,17724,19511
1.1793,1.2992,1.8775,1.2363,1.3774,1.3115,1.3368,1.1992,1.2469,1.2364
5,36,64,38,40,67,45,3,65,67
3495,456.47,349.86,489.95,448.05,297.13,411.53,5874.7,272.68,291.21
0.98492,1.0032,1.0291,1.0176,1.0057,1.0122,1.0272,1.009,1.0237,1.0171
0.98934,0.96811,0.97355,1.0145,1.0096,1.0041,0.9956,1.0068,1.0265,0.99701
7.7826,7.1325,6.2333,8.2967,8.0738,8.1369,7.67,8.3333,8.8326,8.152
20,20,18,24,24,27,26,23,23,26
23,23,25,25,25,25,25,25,25,25
320.84,318.82,305.21,338.84,338.99,331.69,298.04,302.64,357.84,303.94
320.84,318.82,305.21,338.84,338.99,331.69,298.04,302.64,357.84,303.94
57.493,52.188,58.472,61.11,57.704,64.885,59.23,63.936,66.361,63.83
1.9347,1.5757,1.998,2.0463,1.9377,2.123,1.7728,2.0207,2.0681,2.0582
7.888,7.1846,8.0993,7.8683,7.8183,8.5585,7.6234,8.5079,9.0558,8.1032
34.826,34.26,29.153,32.845,41.357,35.111,35.632,37.078,40.306,28.651
-17.223,-17.209,-18.222,-14.694,-14.528,-15.05,-15.275,-15.819,-17.054,-15.656
-29.044,-19.411,-25.202,-37.523,-35.149,-41.651,-39.973,-38.399,-39.404,-40.146
7.956,8.0471,10.782,7.6237,7.4241,7.7687,6.8353,6.0443,6.4307,7.1632
64.767,59.763,58.315,61.017,58.487,57.212,54.607,59.075,62.343,57.375
13.249,15.63,14.814,14.04,13.437,16.186,14.928,14.601,14.975,13.275
99,112,97,102,94,112,94,103,97,98
23,21,12,26,26,12,11,18,7,27
2163.6,1458.4,879.24,3302,3104.7,2648.4,2880.3,3946.7,2932.3,2673.7
3.7809e+07,2.3966e+07,1.9687e+07,6.1477e+07,5.5642e+07,5.2725e+07,5.334e+07,6.9557e+07,5.1972e+07,5.2166e+07
0.14601,0.1153,0.073725,0.21927,0.23862,0.17448,0.20792,0.26854,0.20628,0.16942
4163.3,881.18,817.67,1118.2,992.99,909.75,887.14,8403.7,902.49,860.13
