14692,13261,12539,13332,14233,11091,15138,14102,15837,18252
21546,21562,19517,18233,20768,21371,18761,19288,19412,19652
1015,994,1057,1047,1031,1016,968,906,916,947
240,0,21,240,430,434,408,22,384,402
0.76355,1,0.98013,0.77077,0.58293,0.57283,0.57851,0.97572,0.58079,0.5755
27852,25519,28696,29143,28348,28895,27802,27654,26660,27952
2.3836,1.9084,2.6467,2.3951,2.0286,2.0857,2.593,2.3186,2.2584,3.0937
16,1,2,16,28,29,27,2,25,27
1740.8,25519,14348,1821.4,1012.4,996.38,1029.7,13827,1066.4,1035.3
1.0101,1.0472,1.0118,0.99442,1.0202,1.0527,0.99866,1.0057,1.0093,0.97696
1.1571,0.95995,1.1762,1.1955,1.2989,1.0773,1.2709,1.112,1.1191,1.3635
2.6313,3.2706,2.6495,2.6128,2.7197,2.8759,2.2508,2.2844,2.5438,2.443
10,10,8,10,8,8,8,8,10,10
11,10,11,11,8,13,9,7,9,9
374.94,395.59,338.39,384.71,444.53,345.93,291.99,329.55,380.12,346.58
374.94,395.59,338.39,384.71,444.53,345.93,291.99,329.55,380.12,346.58
74.987,75.664,72.885,71.491,76.34,74.735,59.63,68.966,73.106,70.722
2.6435,2.6523,2.497,2.2021,3.0148,2.747,2.4179,2.6699,3.0567,2.4272
10.007,9.1204,9.5835,8.9583,10.213,9.8096,8.4036,9.0588,9.8759,9.721
46.439,33.035,36.06,37.118,45.221,39.273,32.947,41.158,40.559,42.509
-16.807,-15.865,-16.525,-19.244,-18.936,-15.488,-13.459,-14.077,-17.464,-19.333
-24.091,-28.014,-17.055,-21.116,-17.609,-23.17,-17.016,-9.9511,-16.269,-21.685
26.674,24.431,29.673,28.891,28.717,29.068,28.812,30.817,27.486,30.476
90.078,88.26,93.396,90.838,90.743,88.534,80.717,78.348,82.914,80.365
23.957,16.004,21.454,21.4,29.076,20.504,19.045,15.555,21.936,16.995
200,143,156,176,255,143,198,152,179,135
36,51,45,39,52,42,47,50,42,50
2005.9,3064.4,1707.9,1609.4,1468.1,1508.6,926.14,1673,1577.4,1178.8
5.5869e+07,7.8201e+07,4.901e+07,4.6903e+07,4.1617e+07,4.359e+07,2.5749e+07,4.6266e+07,4.2054e+07,3.2949e+07
0.17167,0.22917,0.15753,0.13226,0.10506,0.10889,0.086378,0.14027,0.13362,0.13047
647.99,0,1061.4,831.67,786.44,918.81,639.02,232.05,718.82,691.96
