15025,16985,16487,15700,13269,15070,14950,14261,14019,15016
16353,15491,17822,15939,17035,17976,18420,18107,17467,17442
1869,1891,1807,1797,1776,1844,1869,1776,1813,1812
851,89,74,813,842,149,581,0,903,21
0.54468,0.95293,0.95905,0.54758,0.5259,0.9192,0.68914,1,0.50193,0.98841
11767,14050,13603,12114,9483,12362,14000,11170,10625,12660
1.0175,1.2149,1.2547,1.2264,0.96001,1.016,1.4173,0.99705,1.1454,1.2974
52,3,4,48,45,5,37,1,50,2
226.29,4683.3,3400.8,252.38,210.73,2472.4,378.38,11170,212.5,6330
0.96024,1.0083,0.98261,0.9986,0.98307,0.98106,0.99572,0.98088,0.98149,1.0054
0.99726,1.005,1.0023,1.001,0.98892,1.0083,1.0029,0.99608,1.0042,1.0049
10.69,8.1127,8.3969,7.9634,9.7667,9.08,7.2133,9.0752,8.9176,7.7042
16,18,18,17,14,19,17,17,14,19
19,17,17,17,19,17,15,17,19,17
315.69,371.61,293.46,250.85,222.4,291.7,291.83,269.6,290.73,300.21
315.69,371.61,293.46,250.85,222.4,291.7,291.83,269.6,290.73,300.21
66.342,61.089,62.786,51.96,46.757,55.734,52.73,53.824,50.131,51.562
2.5034,2.1035,2.3561,1.9561,1.6589,1.9703,2.0209,1.8786,1.724,2.0246
9.3389,8.4066,9.0997,7.1282,6.7211,7.5904,7.247,7.725,6.9988,7.2735
38.53,46.456,39.156,32.294,24.573,33.914,36.29,31.564,36.262,29.211
-18.119,-15.294,-20.916,-13.286,-12.384,-12.994,-11.719,-15.806,-13.365,-11.296
-31.846,-31.764,-25.946,-27.194,-29.736,-33.428,-28.506,-32.08,-29.722,-24.707
4.8045,7.601,7.5039,8.5257,2.6912,5.9058,6.9456,5.381,3.9668,6.2777
93.791,93.361,96.609,92.546,88.463,94.062,97.839,93.179,94.837,93.228
18.319,19.084,26.806,18.164,16.674,24.218,24.695,23.538,19.023,22.761
133,149,188,150,131,177,212,144,141,149
47,10,20,41,41,12,25,24,50,29
2986,2245.9,2387.2,1848.1,1676.7,2295.3,1296.7,2353.4,1691.4,1753
3.5136e+07,3.1555e+07,3.2473e+07,2.2388e+07,1.59e+07,2.8375e+07,1.8154e+07,2.6288e+07,1.7971e+07,2.2193e+07
0.25819,0.1942,0.22018,0.1871,0.16974,0.18865,0.13127,0.21007,0.18234,0.17965
774.69,3736.1,2025.3,629.42,773.21,2731.2,634.87,0,718.48,1281.3
