15664,13504,14258,13244,14999,14348,14005,14509,13827,15105
15423,15711,14896,15031,14473,16247,15874,14999,15781,15326
1594,1625,1687,1682,1640,1667,1697,1588,1531,1594
0,21,715,706,480,0,443,675,0,448
1,0.98708,0.57617,0.58026,0.70732,1,0.73895,0.57494,1,0.71895
22887,21993,21994,18717,24874,20654,22490,22788,21001,22788
2.317,1.963,1.8822,1.7858,2.4876,2.0909,1.8669,2.0788,1.9156,1.9108
1,2,46,46,31,1,28,44,1,29
22887,10996,478.13,406.89,802.39,20654,803.21,517.91,21001,785.79
1.039,1.0428,1.0183,1.0238,1.0369,1.024,1.0424,1.02,1.0194,1.0397
1.0778,1.0576,1.0342,1.0936,0.99838,1.0763,0.97878,1.0512,1.0653,0.99279
4.9643,4.882,4.7371,4.9459,4.4093,4.5516,4.8433,4.6016,4.7577,4.9636
12,14,12,12,14,14,13,14,16,13
14,18,16,16,15,14,18,16,12,13
530.25,374.98,382.57,395.17,427.95,460.11,397.96,495.56,386.63,398.03
530.25,374.98,382.57,395.17,427.95,460.11,397.96,495.56,386.63,398.03
86.059,72.293,68.461,64.776,74.836,69.837,70.414,77.508,72.876,75.275
2.6856,2.3785,2.0265,1.7935,2.5198,2.005,2.2547,2.0632,2.3994,2.4905
10.219,9.2138,7.9474,7.8612,9.4796,7.936,8.5966,9.7538,8.843,9.2184
49.568,38.627,31.299,45.043,43.122,42.391,45.843,51.331,39.837,43.059
-30.395,-18.482,-16.189,-18.382,-19.625,-21.9,-17.268,-27.015,-15.363,-16.642
-5.206,3.2342,-2.3049,5.957,8.0283,4.3773,3.1867,-2.0808,4.1549,2.1972
8.1928,7.5935,6.8505,5.9519,9.1997,9.3725,8.9953,6.4208,10.762,8.0263
78.456,80.166,78.276,76.988,70.661,76.994,85.541,86.781,82.839,84.224
14.685,16.14,14.536,13.733,14.998,14.544,18.282,14.296,13.738,15.074
118,131,122,110,125,126,153,119,114,147
27,31,36,27,13,14,39,46,31,56
1546.7,2187.2,1017.1,1001.7,1357.2,1424.6,1976.7,1057.7,1714.8,1772.7
3.5399e+07,4.8103e+07,2.237e+07,1.8749e+07,3.3759e+07,2.9423e+07,4.4456e+07,2.4102e+07,3.6013e+07,4.0397e+07
0.15658,0.19522,0.087042,0.095572,0.13573,0.14422,0.16408,0.096484,0.15642,0.14864
0,604.07,596.91,559.98,650.49,0,571.17,676.75,0,581.69
