15218,16287,17704,18968,20875,15744,17975,18675,19625,18346
14854,15031,14755,14652,15093,14501,14214,14281,14362,14680
2588,2578,2766,2578,2214,2328,2640,2666,2578,2531
1279,1249,276,886,225,1143,1288,345,262,1241
0.5058,0.51552,0.90022,0.65632,0.89837,0.50902,0.51212,0.87059,0.89837,0.50968
20901,20454,22837,18617,18965,22689,25221,26214,24575,22887
2.5146,2.3914,2.7084,2.3415,2.2174,2.9897,2.7549,2.863,2.5822,2.6026
66,64,5,42,3,61,68,6,5,64
316.68,319.59,4567.4,443.26,6321.7,371.95,370.9,4369,4915,357.61
0.98999,0.9741,0.98227,0.97294,1.0014,0.99668,0.9946,0.98873,0.98727,0.99336
1.1285,1.108,1.1113,1.0937,1.0873,1.1079,1.1208,1.0998,1.1198,1.0978
6.0951,6.0444,5.6986,6.5548,6.1338,5.8743,5.7832,5.5954,5.9619,5.8304
15,16,20,15,16,13,14,14,17,13
24,24,26,24,21,22,25,24,24,23
403.74,350.93,360.64,338.45,290.36,348.08,387.96,339.76,380.27,323.3
403.74,350.93,360.64,338.45,290.36,348.08,387.96,339.76,380.27,323.3
55.092,53.528,53.723,50.419,53.649,60.51,63.644,58.169,61.979,55.456
1.6254,1.6544,1.6116,1.5373,1.6017,1.9954,2.0255,1.729,1.9929,1.6107
6.7696,6.569,6.678,6.1701,6.6422,7.7003,7.9521,6.7766,8.1171,6.4978
43.694,36.639,38.493,32.93,27.315,39.615,41.939,36.772,42.896,32.129
-21.361,-15.655,-15.879,-18.408,-13.515,-15.9,-17.251,-14.042,-17.296,-13.89
-16.593,-18.007,-14.133,-17.319,-23.856,-22.033,-15.141,-13.95,-15.494,-12.038
6.8148,4.662,4.7288,4.8451,5.5409,5.3432,7.029,5.4224,7.1181,6.9418
77.539,77.7,72.961,72.434,82.386,79.3,74.938,75.731,71.159,73.868
14.416,13.79,13.521,12.495,18.71,15.005,14.055,14.396,13.725,13.871
111,121,113,117,154,126,110,113,109,113
26,38,7,27,35,1,26,15,21,19
2095,2644.4,2891.1,3068.5,3220.2,2071.8,2263.1,2927.1,3633.7,2025.4
4.3788e+07,5.4088e+07,6.6024e+07,5.7126e+07,6.1072e+07,4.7007e+07,5.7078e+07,7.6732e+07,8.9299e+07,4.6354e+07
0.25205,0.30917,0.34287,0.38593,0.3765,0.273,0.2472,0.3197,0.38182,0.23031
663.72,626.69,2866.4,676.98,3693.1,722.5,755.79,2780.3,3949.3,687.03
