7001.6,9482,9616.2,11072,10729,11257,11214,8991,13254,10504
16863,16080,16066,16663,16676,17862,16561,16811,18837,17158
1213,1026,1640,1609,1578,1516,1421,1089,1610,1385
215,125,573,203,157,734,671,533,131,658
0.82275,0.87817,0.65061,0.87383,0.90051,0.51583,0.5278,0.51056,0.91863,0.52491
23830,19015,23433,20107,23532,22391,22688,22539,24030,22241
2.7473,1.9017,2.4625,2.0606,2.5701,2.3527,2.6526,2.4617,2.122,2.6758
4,2,29,2,4,41,37,27,3,37
5957.5,9507.5,808.03,10054,5883,546.12,613.19,834.78,8010,601.11
0.94234,0.98092,0.95375,0.949,0.92962,0.94779,0.9559,0.96498,0.94759,0.94671
1.1051,1.1089,1.1164,0.99956,1.1065,0.98607,1.0446,1.0409,1.0726,1.0591
3.3775,3.251,3.6902,4.6121,4.0066,3.9607,3.7503,3.4086,3.8325,3.3888
7,8,11,7,9,8,9,8,11,8
11,9,13,11,14,12,11,9,14,12
400.11,306.43,477.21,469.08,427.67,366.38,382.61,355.67,339.99,331.6
400.11,306.43,477.21,469.08,427.67,366.38,382.61,355.67,339.99,331.6
74.08,59.71,72.016,74.725,69.702,69.1,66.668,61.989,64.545,61.273
2.6897,2.3996,2.1086,2.2709,2.3239,2.0784,2.0077,2.6264,2.023,1.8855
9.4848,8.1516,8.7658,9.0548,8.8586,8.1203,7.8948,8.501,7.6462,6.9666
36.058,32.168,48.598,47.885,47.739,29.664,37.93,25.312,38.797,35.76
-18.011,-12.852,-20.892,-24.77,-22.457,-14.718,-15.738,-15.102,-14.956,-13.233
-11.709,-0.052503,-1.7867,-15.237,-12.61,-15.952,-17.199,-6.1206,-13.401,-18.002
14.844,9.1038,12.933,10.929,10.971,9.323,11.142,10.31,13.15,10.804
59.905,60.802,60.549,62.147,63.764,62.035,65.598,66.602,65.224,65.692
14.474,14.554,11.801,10.706,15.152,13.148,15.147,13.219,11.756,15.24
103,101,85,86,110,92,100,105,93,102
27,14,26,30,27,27,27,36,12,32
1358.8,1558.4,1420.5,2943.7,2001.8,1540.3,1214.3,1031.1,2385.2,1128.4
3.238e+07,2.9632e+07,3.3288e+07,5.9189e+07,4.7106e+07,3.449e+07,2.755e+07,2.324e+07,5.7315e+07,2.5097e+07
0.15665,0.15585,0.14928,0.30167,0.21863,0.16185,0.14197,0.11262,0.21063,0.13576
2615.3,5749.6,734.89,6534.6,2402.4,741.42,740.96,966.54,2912.1,717.91
