15363,14401,17055,15812,14753,14050,15352,15825,14968,16358
14039,14744,12336,12665,13298,12372,12378,12249,13403,13525
3828,4203,4031,3969,3812,3651,3719,3594,3750,3635
1517,1686,1611,915,1526,716,2009,1964,2003,689
0.60371,0.59886,0.60035,0.76946,0.59969,0.80389,0.4598,0.45353,0.46587,0.81045
19065,17277,18270,19412,20703,18866,19164,18567,17773,18915
0.94766,0.85365,0.942,1.0135,0.98202,0.96079,0.98809,1.0778,0.76047,0.9402
63,65,63,11,58,10,91,88,92,7
302.62,265.8,290,1764.7,356.95,1886.6,210.59,210.99,193.18,2702.1
0.94995,0.97423,0.95043,0.94266,0.96588,0.9639,0.94861,0.9649,0.9483,0.91946
0.94927,0.97203,0.94247,0.94825,0.96134,0.943,0.97865,0.96381,0.93431,0.97793
11.476,11.695,11.569,11.056,10.267,11.38,12.059,12.906,12.418,11.428
34,29,27,30,31,31,25,27,28,27
31,35,35,34,32,31,34,36,33,32
398.88,407.65,432.54,407.65,381.67,484.19,322.11,446.84,472.84,528.99
398.88,407.65,432.54,407.65,381.67,484.19,322.11,446.84,472.84,528.99
74.73,63.715,76.299,67.904,77.021,74.909,71.322,86.776,82.545,82.303
2.0831,1.5921,1.7385,1.5999,1.8398,2.0561,1.8447,2.2119,2.1345,2.1891
9.1499,7.5677,8.8671,7.5856,8.5832,9.1757,8.4659,10.118,9.9029,10.061
47.261,40.765,52.997,42.885,50.581,64.992,34.458,54.244,54.327,53.713
-17.926,-18.193,-18.753,-18.11,-17.702,-20.402,-18.952,-19.63,-22.71,-28.671
-36.586,-29.015,-28.537,-31.411,-28.594,-35.682,-26.215,-33.524,-32.927,-28.871
4.0781,3.6548,4.7953,5.2141,6.1803,5.5116,7.7671,5.9748,5.2339,5.9265
69.771,63.931,66.462,62.222,64.003,64.19,63.39,62.419,61.638,65.226
18.439,16.767,17.624,17.157,17.583,15.033,16.508,17.446,16.797,16.905
126,119,121,110,106,109,103,119,107,109
29,12,19,13,2,16,19,11,2,23
4334.9,4317.1,4388.3,5342.1,4857.1,5543.7,5009.7,5261.7,6003.5,6101
8.2645e+07,7.4587e+07,8.0175e+07,1.037e+08,1.0056e+08,1.0459e+08,9.6005e+07,9.7694e+07,1.067e+08,1.154e+08
0.21548,0.21331,0.22626,0.27891,0.23039,0.28232,0.2583,0.30543,0.25688,0.30326
1026.4,835.6,877.6,4942.5,845.38,4251,1038.6,1080,885.59,5163.5
