15019,11054,17409,16707,17495,18053,16657,17452,15732,14854
8206.9,8518.9,9115.3,10464,9241.1,9417.7,10368,10016,9156.5,11018
8125,8042,8375,7838,9969,9016,9369,8781,8103,8407
344,1352,3082,842,5244,4340,4476,3399,2835,4193
0.95766,0.83188,0.632,0.89257,0.47397,0.51863,0.52225,0.61291,0.65013,0.50125
25668,13703,29838,27455,28945,28050,29192,27454,27306,24624
2.7671,3.4473,2.5802,2.3991,2.3328,1.9566,1.9542,2.0531,2.2443,1.9467
2,12,144,9,228,227,236,139,131,205
12834,1141.9,207.21,3050.6,126.95,123.57,123.69,197.51,208.44,120.12
0.98564,0.99207,0.97057,0.97911,0.97314,0.94893,0.96681,0.97256,0.96332,0.99596
0.95011,0.93516,0.98083,0.93851,0.98881,1.0273,0.96592,0.98236,0.96983,1.0283
9.24,7.5979,11.386,10.723,12.636,12.172,13,11.315,11.196,11.373
58,62,62,63,61,64,63,62,63,63
62,71,66,67,71,74,69,69,71,71
199.44,83.57,261.9,243.33,270.33,308.2,302.95,276.03,261.93,204.8
199.44,83.57,261.9,243.33,270.33,308.2,302.95,276.03,261.93,204.8
32.227,14.605,42.168,40.275,43.056,42.11,46.352,40.726,39.097,34.681
1.0179,0.39636,1.3719,1.2227,1.3806,1.2485,1.3639,1.2398,1.2493,1.1293
3.9343,2.0535,5.1357,5.0213,5.3499,5.1944,5.3396,5.1354,4.9333,4.3953
22.892,9.6119,23.579,26.633,26.2,32.899,35.307,31.127,29.162,23.753
-12.287,-5.3598,-11.671,-11.198,-12.853,-14.434,-13.292,-14.947,-12.197,-9.6117
-23.163,-18.269,-25.788,-25.859,-25.531,-28.011,-26.36,-26.304,-28.594,-31.074
3.4821,2.1033,3.0719,3.5343,1.9893,2.1908,2.7393,2.5696,2.0118,3.7166
64.845,58.589,66.593,69.158,70.51,67.629,66.336,67.013,70.093,66.353
15.323,11.671,17.808,18.828,21.634,19.336,18.429,16.576,19.139,14.739
117,97,141,188,200,191,181,140,166,118
4,8,14,12,1,4,8,5,14,2
4081,1237.5,5845.8,4983,5732.9,5738.1,6858.5,5346.6,4945.4,4775.1
1.0475e+08,1.6957e+07,1.7443e+08,1.3681e+08,1.6594e+08,1.6095e+08,2.0021e+08,1.4678e+08,1.3504e+08,1.1758e+08
0.43995,0.31132,0.50552,0.43542,0.46203,0.40025,0.45913,0.39983,0.40646,0.37751
8748.4,1746.8,656.68,5760,578.75,577.41,572.61,658.86,664.03,503.23
