13942,17272,15643,14885,16556,16394,16711,11744,15582,14274
16667,14576,16215,15115,13914,16118,15027,15653,16163,15354
2266,2437,2625,2354,2282,2338,2354,2562,2479,2557
130,1117,1184,1052,1026,121,1052,781,1079,1179
0.94263,0.54165,0.54895,0.5531,0.55039,0.94825,0.5531,0.69516,0.56474,0.53891
17476,15192,17178,16731,16235,16533,18865,18519,18916,17972
1.7478,1.1898,1.2084,1.286,1.2595,1.2591,1.5352,1.4103,1.5394,1.5223
2,66,73,64,61,4,63,44,69,71
8738,230.18,235.32,261.42,266.15,4133.2,299.44,420.89,274.14,253.13
1.022,1.0241,1.0262,1.0335,1.0316,1.0323,1.0127,1.0188,1.0229,1.0127
0.99465,0.99225,1.0027,1.004,0.99093,0.96908,0.99631,0.99302,1.0368,0.98604
5.2775,7.703,7.7904,7.1831,6.9571,6.7566,6.2658,6.8667,5.9501,7.4339
20,22,25,26,17,20,19,21,14,21
22,24,24,24,22,23,20,22,20,22
198.88,230.53,328.26,229.66,249.39,232.35,262.66,269.27,193.05,296.72
198.88,230.53,328.26,229.66,249.39,232.35,262.66,269.27,193.05,296.72
36.977,45.372,52.036,48.549,44.137,44.768,46.552,45.654,39.632,51.046
1.3677,1.6217,1.5164,1.737,1.5577,1.6517,1.6673,1.5686,1.3828,1.9457
5.4775,6.2089,6.0538,6.8039,6.0366,6.4855,6.3991,6.3885,5.3756,7.4349
24.49,24.897,23.85,26.813,26.643,29.364,30.129,28.917,19.444,37.934
-8.494,-11.801,-13.995,-11.112,-12.081,-13.338,-12.563,-16.06,-9.8664,-15.034
-14.983,-12.252,-11.375,-15.817,-6.5297,-12.791,-8.2283,-3.4635,-7.1671,-14.443
3.2575,5.5811,5.0608,6.1116,4.5496,5.8694,7.1101,4.489,7.1797,4.638
75.426,64.526,75.626,73.961,72.878,75.746,79.528,72.83,80.134,75.016
15.702,12.818,16.226,13.903,14.089,14.298,16.065,14.011,17.354,17.13
128,106,117,108,109,111,118,110,122,118
22,8,13,26,20,21,23,21,21,9
1217.1,1666,2254.8,1769.5,1511.9,1919.7,1166.4,1864.6,1585.6,1911.5
2.127e+07,2.531e+07,3.8734e+07,2.9605e+07,2.4546e+07,3.1738e+07,2.2005e+07,3.453e+07,2.9993e+07,3.4354e+07
0.12172,0.13047,0.15862,0.13601,0.11729,0.14619,0.094924,0.142,0.12903,0.16191
9953.2,536.64,552.53,560.2,564.96,1848.1,591.64,639.52,475.14,608.46
