12606,10309,10728,10993,9797,10540,13003,11225,13165,10006
16315,15903,15287,14773,14936,16023,14328,14251,13590,14634
4032,3828,4557,4031,4510,4750,4328,5031,4453,4594
156,203,2003,1783,1987,2117,152,1490,193,2058
0.96131,0.94697,0.56046,0.55768,0.55942,0.55432,0.96488,0.70384,0.95666,0.55202
26164,26561,26760,26214,27604,26164,27157,28001,26859,25767
2.5856,2.9398,2.9618,2.863,3.4722,2.6816,2.9664,2.9422,3.3274,2.8142
5,6,123,110,123,127,5,88,6,125
5232.8,4426.8,217.56,238.31,224.42,206.02,5431.4,318.19,4476.5,206.14
0.97712,0.97709,0.98258,0.97558,0.9906,0.97033,0.97884,0.97279,0.98084,0.96695
1.0885,1.0878,1.0686,1.079,1.1282,1.091,1.0931,1.0539,1.0614,1.0973
3.4322,3.1644,3.1473,3.1494,3.1567,3.503,2.9833,3.1518,3.2677,3.437
18,17,17,18,18,20,18,24,18,18
26,24,26,28,24,32,34,38,32,22
170.5,218.4,219.74,159,168.8,182.4,178.8,178.8,188.6,188.6
170.5,218.4,219.74,159,168.8,182.4,178.8,178.8,188.6,188.6
33.3,36.171,33.111,32.262,31.631,32.066,29.027,28.464,30.921,30.697
0.79551,0.87964,0.74084,0.75734,0.64416,0.61302,0.66299,0.58832,0.60362,0.73087
3.6669,3.9477,3.7919,3.6057,3.4683,3.3617,3.3056,3.1456,3.2984,3.518
16.91,24.648,23.107,18.679,20.201,23.459,18.88,16.9,18.86,18.071
-7.7456,-10.91,-9.632,-8.5698,-8.7073,-8.8532,-8.45,-8.4602,-10.91,-8.4575
-7.3347,-7.7747,-6.964,-2.6391,-9.2556,-5.9792,-4.495,-8.3081,-5.5042,-6.7597
6.9023,6.6034,5.4251,6.2575,6.3298,4.6455,6.352,5.3068,5.5524,5.452
78.763,66.19,71.238,70.053,72.795,70.722,67.385,66.663,65.333,74.589
19.763,13.211,15.275,13.498,18.209,13.42,14.135,13.457,12.864,15.546
147,121,115,115,154,133,101,127,108,133
23,16,26,30,11,31,12,23,15,23
1992.1,1493.7,1080.4,1088.3,1023.8,1624.6,1119.7,925.38,1108.6,1280.3
5.2121e+07,3.9673e+07,2.8911e+07,2.8529e+07,2.826e+07,4.2506e+07,3.0408e+07,2.5911e+07,2.9777e+07,3.2988e+07
0.19686,0.16532,0.11958,0.11886,0.12878,0.16651,0.12231,0.097234,0.13734,0.13983
790.42,1130.8,204.27,216.79,220.67,234.51,671.25,243.46,466.14,232.24
