13520,14709,14900,15569,15019,14834,15884,16185,15201,15828
16295,15711,16076,15486,15526,15109,15373,15322,16047,16047
2369,2438,2588,2588,2479,2672,3047,3047,2593,3125
672,1065,42,0,43,64,1413,282,1109,287
0.71634,0.56317,0.98377,1,0.98265,0.97605,0.53627,0.90745,0.57231,0.90816
12958,13355,14845,14100,13057,13653,15043,14597,14100,13404
1.0342,1.1086,1.0356,1.0089,1.0948,1.0119,1.0858,1.0269,0.99191,1.0024
43,69,3,1,3,4,77,2,72,3
301.35,193.55,4948.3,14100,4352.3,3413.2,195.36,7298.5,195.83,4468
0.98691,0.99181,0.97808,0.98217,0.99057,0.98611,0.99409,0.98042,0.99119,0.97763
1.0762,1.0336,1.0542,1.0262,1.0338,1.0437,1.0073,1.024,1.0406,1.0164
8.503,7.8686,8.4274,9.5814,8.6342,8.9517,9.1609,10.366,10.818,10.24
25,24,24,27,24,25,28,27,27,27
24,25,24,27,24,28,27,31,28,31
254.84,217.09,271.42,346.84,230.53,334.86,335.12,412.37,370.86,276.41
254.84,217.09,271.42,346.84,230.53,334.86,335.12,412.37,370.86,276.41
52.496,50.617,53.887,61.73,51.206,52.608,54.988,61.713,69.503,53.554
1.6018,1.5612,1.5901,1.7534,1.4172,1.5389,1.5275,1.8985,2.0082,1.3556
6.8929,6.5772,6.6939,7.7356,6.6899,6.9697,6.9532,7.7832,8.9087,6.2673
35.507,27.506,28.266,36.392,30.373,39.627,38.495,48.989,48.516,30.597
-13.883,-17.323,-12.302,-18.019,-14.514,-15.4,-18.526,-24.251,-16.002,-15.157
-45.811,-42.624,-45.466,-42.873,-49.655,-47.766,-45.515,-41.629,-48.37,-38.978
5.8635,5.8406,5.6442,5.4452,4.8995,5.6901,6.2894,6.8469,5.2515,5.788
80.286,75.396,81.72,85.896,85.032,86.71,80.8,87.878,85.645,87.101
13.781,12.264,18.283,21.324,15.9,20.016,15.476,17.712,20.623,23.273
118,108,138,164,122,160,129,150,143,220
36,38,22,34,25,29,29,38,24,22
2370.3,2132.6,3037.4,3661.1,2798.5,3126.6,2856.8,4410.5,2884.7,4182.3
3.0714e+07,2.8481e+07,4.509e+07,5.1621e+07,3.654e+07,4.2687e+07,4.2975e+07,6.4381e+07,4.0675e+07,5.6059e+07
0.18918,0.17703,0.21188,0.26197,0.23466,0.23172,0.20621,0.31027,0.20293,0.31276
519.37,393.65,656.82,0,637.94,405.12,530.13,8189.1,604.84,3933.7
