16304,15568,14646,13126,14734,14255,12928,14880,13591,14023
12186,14140,14203,15162,14615,14793,14947,14805,15535,14775
2140,1932,2000,2390,2360,2172,2697,2266,2343,2219
939,853,89,669,1063,724,1245,1022,717,1010
0.56121,0.55849,0.9555,0.72008,0.54958,0.66667,0.53838,0.54898,0.69398,0.54484
20753,20455,15986,13553,13950,14497,14547,14795,11816,14199
1.7578,1.8456,1.5254,1.3889,1.0924,1.1915,1.2075,1.2928,1.3078,1.2028
56,50,3,36,62,40,72,59,39,61
370.59,409.1,5328.7,376.47,225,362.43,202.04,250.76,302.97,232.77
1.0239,1.0039,1.0079,0.99862,1.0122,1.0223,1.0076,1.0123,1.0043,1.0205
0.96139,0.98169,0.95587,0.98498,0.95434,0.96389,0.99521,0.98456,0.96112,0.9632
5.131,5.0168,5.2983,6.1802,7.181,6.4707,6.7819,6.1868,6.4327,7.0087
18,18,21,23,19,19,27,22,21,21
18,16,17,18,17,16,19,18,18,18
330.58,413.43,290.96,268.53,298.77,300.16,280.96,274.63,237.65,261.93
330.58,413.43,290.96,268.53,298.77,300.16,280.96,274.63,237.65,261.93
64.878,65.961,51.992,45.464,53.184,53.149,44.379,49.904,41.821,50.954
1.6121,1.7978,1.2247,1.1567,1.5736,1.422,1.1568,1.3403,1.1304,1.4384
6.9248,7.2971,5.2457,5.0192,6.4662,6.1685,4.8873,5.7744,4.9535,5.805
34.901,44.132,21.488,21.542,33.41,31.3,19.973,25.704,24.763,19.41
-13.928,-17.585,-10.989,-16.109,-14.01,-13.215,-11.746,-10.979,-11.889,-10.408
-21.353,-22.878,-18.83,-20.833,-23.27,-26.848,-23.442,-24.059,-20.162,-32.556
6.1002,8.353,6.4919,4.8591,4.9726,5.0307,6.5597,5.5631,4.0239,5.8799
65.665,59.219,60.821,58.066,61.088,57.792,61.145,66.216,64.529,68.358
14.384,15.641,13.11,11.562,13.064,13.177,11.616,15.64,14.161,12.705
106,92,107,102,94,98,95,117,102,101
25,17,25,14,19,14,13,28,21,21
1227.2,1295.6,1462.1,1566.5,1857.1,1825.1,1397.1,1686.5,1359.7,1705.2
2.5469e+07,2.6502e+07,2.3374e+07,2.1231e+07,2.5907e+07,2.6458e+07,2.0323e+07,2.4952e+07,1.6066e+07,2.4212e+07
0.10395,0.1169,0.13952,0.16054,0.14543,0.15,0.11597,0.14737,0.15049,0.14445
518.92,617.28,1215.1,321.1,447.88,490.77,435.13,468.93,436.47,453.8
