12370,14818,16239,16916,16869,15433,17022,16599,15589,15337
19401,15853,15861,15809,15992,17695,15712,16440,17132,17092
2250,2141,2203,2047,2234,1938,2063,2172,2094,2219
932,1120,898,1033,266,272,225,224,278,314
0.58578,0.47688,0.59237,0.49536,0.88093,0.85965,0.89094,0.89687,0.86724,0.85849
12859,14001,13653,13703,16632,15192,15589,15987,14299,17178
0.85391,0.84222,0.90669,0.87498,1.0703,1.0337,0.93774,0.98303,1.0598,0.99026
30,51,35,48,2,3,2,3,3,4
428.63,274.53,390.09,285.48,8316,5064,7794.5,5329,4766.3,4294.5
1.0135,1.0346,1.0223,1.0222,0.98838,1.0076,1.0089,1.0224,1.0345,1.0292
1.0182,0.99542,0.99979,1.0044,1.0208,1.0158,1.0232,1.0305,1.0078,0.99574
9.6677,9.8402,9.8678,10.472,8.2811,8.7196,9.2659,9.3599,9.1526,9.1203
16,16,16,17,19,14,18,18,18,17
16,16,16,17,19,17,19,18,18,17
328.68,405.91,408,515.19,395.59,491.36,427.09,401,369.54,447.68
328.68,405.91,408,515.19,395.59,491.36,427.09,401,369.54,447.68
68.773,77.014,74.655,83.285,70.637,81.931,78.847,74.627,72.788,83.407
2.1408,2.5664,2.2069,2.4198,2.123,2.4379,2.3196,2.2223,2.1588,2.2508
7.7219,9.9321,9.4302,10.086,8.323,10.482,9.7983,9.4667,8.6666,9.4951
25.966,46.842,41.485,38.464,36.044,47.738,50.623,37.247,36.123,36.814
-15.376,-18.003,-22.14,-24.889,-16.224,-22.924,-19.314,-17.577,-16.597,-19.649
-52.888,-54.285,-53.94,-54.632,-54.028,-53.2,-56.304,-54.508,-47.919,-53.957
12.138,13.615,12.786,15.011,15.925,15.987,15.759,13.851,11.966,14.103
52.27,59.692,62.726,61.847,60.679,66.529,64.489,63.935,62.597,56.403
11.123,15.385,13.36,11.708,13.699,15.66,14.532,16.572,14.992,13.67
85,112,92,94,97,137,108,134,121,111
28,1,25,34,11,33,15,12,29,31
2955,2576.1,2361.1,2330.8,2163.5,2615.6,2392.2,2701.6,2719.4,2654.8
3.7998e+07,3.6068e+07,3.2236e+07,3.194e+07,3.5983e+07,3.9736e+07,3.7292e+07,4.319e+07,3.8885e+07,4.5603e+07
0.19623,0.15496,0.1568,0.14883,0.13922,0.17797,0.1439,0.16612,0.20156,0.15304
843.32,861.02,948.76,1011,15769,6666.7,13928,8080.9,5784.9,5655.8
