12561,13447,12221,14261,13685,13886,14246,14217,13292,12741
16600,14705,15288,14978,14470,15512,15455,16464,16777,16639
2932,2719,2791,2728,3041,2791,2885,2776,2750,2734
528,401,1412,1425,517,1446,1468,477,470,516
0.81992,0.85252,0.49409,0.47764,0.82999,0.48191,0.49116,0.82817,0.82909,0.81127
16334,15391,16036,15788,17128,16780,17525,15390,17774,16482
3.5679,3.1162,2.7166,2.9789,3.7414,4.2214,4.1568,3.0421,3.9879,4.414
5,4,70,65,5,67,68,5,4,3
3266.8,3847.8,229.09,242.89,3425.6,250.45,257.72,3078,4443.5,5494
0.97937,0.971,0.97717,0.9838,0.98339,0.98614,0.98519,0.98775,0.9811,0.9824
0.98564,1.0415,1.0032,1.024,1.0085,1.0152,1.0128,0.99669,1.019,0.99224
3.4783,3.5399,3.4013,3.4639,3.3299,3.4139,3.0829,3.6089,3.4558,3.3861
19,17,17,20,19,16,19,17,19,19
25,24,23,23,23,20,22,22,24,24
140.75,127,99.2,138.97,160.39,103.36,123.03,144.6,162.54,147.64
140.75,127,99.2,138.97,160.39,103.36,123.03,144.6,162.54,147.64
22.362,23.141,19.506,22.913,21.314,19.41,19.197,21.853,24.976,21.412
0.71416,0.69899,0.51567,0.64104,0.47,0.56896,0.59729,0.64822,0.8672,0.7291
3.0007,3.1599,2.3647,3.0426,2.6472,2.3869,2.7592,2.8822,3.5156,3.2046
15.049,14.86,9.4347,16.562,17.082,9.7585,14.597,18.491,20.212,16.828
-7.5574,-6.3411,-4.95,-6.2381,-8.667,-4.7029,-6.0759,-5.8993,-7.3422,-9.918
-9.6299,-7.7687,-7.1179,-6.3819,-2.2471,-5.4744,-2.3246,-6.7149,-2.0766,-2.4344
6.1667,6.9416,6.2177,6.0795,6.463,6.2166,6.7602,6.3613,7.2018,7.4287
90.105,87.538,87.683,86.448,89.108,86.235,90.498,90.506,88.762,89.058
11.475,11.53,9.6691,10.946,9.0509,10.004,10.584,12.273,10.081,9.6047
126,130,111,116,111,113,130,130,126,126
47,40,53,29,54,55,44,55,56,59
890.18,991.99,487.4,552.95,639.03,482.43,366.74,851.92,832.94,733.15
1.454e+07,1.5268e+07,7.816e+06,8.73e+06,1.0945e+07,8.0952e+06,6.4271e+06,1.3111e+07,1.4805e+07,1.2084e+07
0.19445,0.20085,0.082569,0.10433,0.13959,0.12137,0.086987,0.1684,0.18688,0.19634
2886.4,3886.3,334.78,355.86,3033.8,377.67,355.61,3071.4,4209.6,5874.4
