12984,14241,13156,15202,13838,14371,12767,15154,14437,14873
18799,18526,17144,17129,18197,18905,18320,20171,20074,20001
1219,1214,1266,1229,1281,1187,1203,1166,1400,1219
505,21,21,520,542,518,284,496,394,535
0.58573,0.9827,0.98341,0.57689,0.57689,0.56361,0.76392,0.57461,0.71857,0.56112
15589,12957,13752,14944,14447,14496,15192,16334,14447,14000
1.5225,1.2362,1.3274,1.4767,1.1642,1.1914,1.1897,1.2439,1.2624,1.4527
33,2,2,34,35,34,18,33,24,35
472.39,6478.5,6876,439.53,412.77,426.35,844,494.97,601.96,400
0.93898,0.9516,0.94198,0.94281,0.93335,0.94045,0.936,0.94393,0.94213,0.95327
1.007,0.97151,0.99617,0.98915,0.99933,0.97067,0.92742,0.95113,0.97482,0.98939
3.4312,4.0186,3.8149,3.5335,4.0827,3.9476,3.9096,3.8806,4.3194,3.8564
12,10,11,12,13,10,12,12,14,10
14,12,14,12,14,13,12,14,16,14
208.99,245.86,247.41,192.4,286.69,308.94,267.33,279.2,305.81,188.75
208.99,245.86,247.41,192.4,286.69,308.94,267.33,279.2,305.81,188.75
45.583,44.918,39.691,42.373,49.205,51.263,52.445,51.35,49.174,38.132
1.4315,1.3987,1.3645,1.479,1.6125,1.7717,1.687,1.6345,1.6157,1.508
5.9567,5.7048,5.1564,5.7686,6.4162,6.6723,6.7298,6.3082,6.9692,5.368
22.242,24.345,24.244,23.155,31.66,31.215,29.078,19.605,33.497,19.353
-9.4556,-10.176,-11.314,-9.6723,-11.947,-15.897,-13.432,-14.086,-17.559,-8.4533
-16.546,-21.59,-12.006,-20.563,-17.702,-14.307,-1.8148,-19.715,-21.454,-12.872
13.089,11.271,10.562,12.063,12.019,11.771,13.245,14.319,9.3709,11.391
73.524,72.172,69.406,76.216,75.643,75.192,70.598,70.559,72.993,74.276
13.627,14.435,9.9893,15.21,13.378,11.941,12.323,11.19,12.174,10.889
117,127,113,137,115,105,108,111,107,116
49,43,53,42,38,44,36,47,31,50
958.7,1231.5,1218.7,512.49,973.53,1222.8,1201.8,905.66,1248.3,735.53
1.4945e+07,1.5956e+07,1.6759e+07,7.6587e+06,1.4065e+07,1.7726e+07,1.8258e+07,1.4793e+07,1.8034e+07,1.0297e+07
0.093632,0.1175,0.11763,0.050642,0.078453,0.1005,0.094111,0.068971,0.10908,0.076324
426.87,484.48,969.17,432.43,466.15,459.9,511.68,550.06,628.75,428.19
