12565,14011,13823,16157,15331,13089,16945,15295,15279,15687
17920,17116,16270,16763,16785,18469,18029,15039,13411,15707
1172,1057,1141,1125,1172,1119,1203,1046,1166,1047
365,130,542,562,436,381,386,328,109,115
0.68857,0.87701,0.52498,0.50044,0.62799,0.65952,0.67914,0.68642,0.90652,0.89016
16383,14001,14646,13951,14149,14348,12412,14100,16979,13255
0.9855,0.91516,0.98839,1.0248,0.93214,0.8447,0.72555,0.72252,1.0518,0.68342
17,3,30,31,23,19,19,15,2,2
963.71,4667,488.2,450.03,615.17,755.16,653.26,940,8489.5,6627.5
0.97322,0.97019,0.96477,0.9841,0.98331,0.99838,1.0112,0.97867,0.96728,0.96056
1.0312,1.0223,1.005,1.0119,0.99504,1.021,1.0098,0.99622,0.98904,1.0193
5.5949,5.4596,5.6393,5.2701,5.4879,5.4403,6.2241,6.4234,5.218,6.9275
10,9,8,8,9,8,10,9,11,9
12,12,12,13,11,12,11,12,11,12
419.24,363,341.43,344.31,321.44,403.79,339.74,502.07,401.59,442.9
419.24,363,341.43,344.31,321.44,403.79,339.74,502.07,401.59,442.9
84.75,77.639,68.763,70.01,67.606,77.378,64.345,96.804,73.453,98.508
2.6157,2.5946,1.8528,2.2299,2.3224,1.9502,2.1058,2.8358,2.1672,3.254
10.24,10.125,8.361,9.2321,9.3385,8.6502,8.4001,12.293,9.1601,12.895
46.095,41.507,28.789,37.29,39.022,33.735,33.521,58.652,33.575,51.004
-19.049,-17.321,-19.276,-16.563,-15.514,-16.243,-15.589,-20.33,-18.479,-22.392
-16.857,-12.033,-5.5393,-8.234,-12.362,-15.239,-16.046,-18.22,-9.8106,-27.866
16.702,15.111,14.814,15.097,15.171,15.426,12.346,16.56,17.235,15.756
83.151,74.073,75.849,75.252,74.709,72.245,72.523,77.789,72.224,75.777
16.386,12.031,12.564,13.902,14.391,13.729,15.596,15.673,15.612,13.939
121,99,106,111,115,97,106,111,109,121
44,36,48,45,40,35,20,48,17,49
1547.7,1928.5,994.62,829.39,1208.8,1413.4,2125.8,2235.4,1594.1,3425
2.5356e+07,2.7001e+07,1.4567e+07,1.1571e+07,1.7103e+07,2.028e+07,2.6386e+07,3.1519e+07,2.7066e+07,4.5398e+07
0.093099,0.12605,0.067122,0.060926,0.079635,0.08321,0.12427,0.11455,0.098746,0.17659
968.51,2942.5,1038.8,821.41,860.94,836.1,855.52,1270.5,7901.4,6869.4
