10961,13813,13609,15107,15756,14635,12345,12139,12585,13198
10788,10626,10733,11038,10840,11931,11693,11739,13160,12353
7578,1532,1579,1510,1484,1431,1463,1495,1531,1406
5984,21,730,84,445,648,151,99,709,634
0.21035,0.98629,0.53768,0.94437,0.70013,0.54717,0.89679,0.93378,0.5369,0.54908
20206,19809,20206,20157,17823,17525,15590,14597,14050,15638
3.8117,4.6974,5.591,5.2288,4.7719,5.3873,5.1777,4.8479,4.3191,4.1869
2,2,42,2,24,37,4,2,41,35
10103,9904.5,481.1,10078,742.62,473.65,3897.5,7298.5,342.68,446.8
0.97645,0.99531,0.99246,0.98074,0.98604,0.98144,0.97121,0.97644,0.97282,0.9765
1.0823,0.9198,1.0808,0.94555,0.98609,1.0164,1.0341,1.0944,1.0477,0.99382
3.4017,2.0974,2.559,2.5661,2.5665,2.4021,2.8279,2.6377,2.8731,3.0054
15,10,13,13,12,11,11,13,11,11
19,16,15,14,15,14,14,14,14,18
131.47,115.81,124.89,115.04,107.45,134.34,104.07,94.447,124.89,111.95
131.47,115.81,124.89,115.04,107.45,134.34,104.07,94.447,124.89,111.95
25.912,21.206,24.302,26.456,22.142,22.475,23.912,19.954,21.995,25.02
0.95141,0.84332,0.92328,1.1184,0.77567,1.0059,0.96989,0.75741,0.80461,1.0355
3.7534,3.323,3.4661,4.1598,3.1299,3.5791,3.6569,3.0069,3.2266,3.9671
18.63,11.487,11.131,15.318,11.675,13.036,11.839,9.3676,13.193,13.668
-6.8291,-6.2508,-6.9162,-6.3372,-5.7311,-6.4258,-5.9791,-5.9262,-6.3701,-7.0378
-9.9116,-0.46638,0.83255,1.0289,2.4119,0.27118,1.7604,-0.47512,-0.52926,1.2839
13.751,14.858,14.928,15.6,13.574,13.797,12.493,11.555,10.728,12.811
79.099,77.818,74.213,77.111,79.193,80.226,78.577,75.929,72.945,82.421
16.016,13.58,16.173,13.345,13.448,14.677,14.265,14.078,13.431,15.098
122,110,115,113,112,151,120,119,104,122
27,45,13,40,31,35,32,34,20,40
386.74,310.62,290.05,515.21,351.15,267.45,569.01,326.94,304.36,290.57
7.8146e+06,6.153e+06,5.8608e+06,1.0385e+07,6.2585e+06,4.6871e+06,8.8709e+06,4.7724e+06,4.2762e+06,4.5439e+06
0.072957,0.073658,0.080258,0.13365,0.094015,0.082218,0.18898,0.10858,0.093563,0.077796
19858,382.48,488.57,6992,593.28,443.28,2572.2,4595.1,360.57,516.57
