20048,18009,17886,17967,16821,20466,19398,21408,20307,20199
17066,15997,15625,15194,16430,15730,15306,14104,15455,14609
2250,2234,2437,2390,2359,2453,2485,2609,2531,2437
1211,356,894,1147,308,1231,391,1335,1273,845
0.46178,0.84064,0.63316,0.52008,0.86944,0.49817,0.84266,0.48831,0.49704,0.65326
27803,24079,25370,25121,26462,28845,27554,26660,27256,27952
1.5917,2.1966,2.1271,2.0246,1.7433,2.1379,2.1179,2.213,2.2627,2.2972
56,7,37,59,6,58,5,64,62,37
496.48,3439.9,685.68,425.78,4410.3,497.33,5510.8,416.56,439.61,755.46
0.96335,0.98601,0.97594,0.96929,1.0078,0.98895,0.99722,0.987,1.0034,0.98876
0.91414,0.9537,0.93308,0.90906,0.9019,0.91432,0.97877,0.95687,0.99372,0.98288
4.5329,4.0607,4.4407,4.7431,4.7313,4.5765,4.7637,4.6724,4.4121,4.452
13,14,14,15,15,15,15,15,15,15
17,18,19,18,17,19,18,19,19,19
263.46,358.09,271.58,294.24,268.94,248.26,268.1,258.54,277.75,283.07
263.46,358.09,271.58,294.24,268.94,248.26,268.1,258.54,277.75,283.07
50.6,48.609,47.268,47.742,51.145,48.979,48.718,45.433,45.388,47.28
1.6224,1.5139,1.3796,1.5951,1.623,1.7572,1.6032,1.5069,1.4354,1.5783
6.1656,6.3708,5.6682,6.5979,6.1834,6.4847,6.0137,5.934,6.0571,6.134
23.133,40.818,27.412,32.294,24.331,29.247,25.14,26.61,28.008,35.356
-11.699,-20.202,-12.574,-17.028,-11.623,-11.346,-11.431,-13.909,-12.159,-12.387
-19.961,-19.473,-24.19,-18.727,-20.107,-20.187,-22.05,-24.527,-24.78,-23.939
-4.191,-2.4424,-2.4821,-0.72674,-2.3651,-1.3559,-0.88993,-1.0797,-0.13892,-0.011276
86.293,86.817,89.811,84.364,86.75,81.78,87.679,83.478,89.505,86.917
24.488,21.975,25.762,27.561,28.751,25.498,26.181,24.441,28.333,25.56
175,152,179,158,199,168,167,142,163,171
24,28,33,6,5,26,29,21,12,36
2093.8,2679.9,2623.4,2077,4177.6,1727.9,2548.2,1457,1619.2,1783.1
5.8213e+07,6.4528e+07,6.6557e+07,5.2176e+07,1.1055e+08,4.9841e+07,7.0214e+07,3.8843e+07,4.4133e+07,4.984e+07
0.11987,0.24447,0.21996,0.16739,0.27522,0.12807,0.19587,0.12094,0.13442,0.14654
930.42,2879.7,915.26,766.91,4596.6,949.43,7292.6,819.35,820.07,1084.1
