17452,17766,18258,16374,16184,15075,16949,17500,15763,15923
15585,15628,15553,13859,16250,14797,16288,16201,17768,14693
2562,2823,2765,2750,2750,3484,2610,2885,3026,2891
552,439,1041,1051,497,1089,1356,1541,593,618
0.78454,0.84449,0.62351,0.61782,0.81927,0.68743,0.48046,0.46586,0.80403,0.78623
28547,28448,29044,29689,30582,28199,28945,30185,30235,28895
1.7952,1.9517,1.7859,1.6996,1.8666,1.6033,1.8066,1.627,1.8731,1.4109
7,4,42,42,6,4,65,70,5,7
4078.1,7112,691.52,706.88,5097,7049.8,445.31,431.21,6047,4127.9
0.93442,0.888,0.9184,0.9393,0.92064,0.9159,0.90446,0.93175,0.93498,0.90994
1.0846,1.0934,1.0605,1.0492,1.1055,1.1381,1.0317,1.0858,1.0411,1.0061
5.9922,6.3874,6.3213,7.0907,6.2164,6.6049,6.4297,7.0909,7.1875,7.6148
17,23,21,20,21,24,20,22,20,20
18,20,22,20,18,20,18,21,20,19
367.92,312.16,338.85,401.75,376.89,369.99,365.6,349.21,328.45,444.16
367.92,312.16,338.85,401.75,376.89,369.99,365.6,349.21,328.45,444.16
74.672,69.202,71.266,74.179,74.817,77.645,73.09,78.78,77.06,90.19
2.2282,2.3297,2.3176,2.6324,2.2976,2.69,2.4924,2.6425,2.4187,2.7954
9.0049,8.9608,8.7971,9.5595,9.1117,10.006,9.4429,9.9521,9.2995,11.295
42.065,33.031,34.214,39.037,40.769,42.569,47.356,39.346,35.285,45.146
-15.809,-13.652,-16.703,-19.792,-17.206,-16.506,-21.824,-18.156,-17.778,-24.052
-23.961,-25.307,-27.404,-30.993,-26.667,-25.245,-21.245,-29.424,-33.373,-31.714
18.541,16.922,18.588,19.782,19.2,16.718,21.079,18.719,17.891,19.723
72.905,74.519,78.343,69.173,74.711,80.679,82.12,77.373,78.766,80.557
16.882,20.998,27.777,16.992,20.611,27.776,25.212,21.605,29.4,27.325
131,174,224,115,185,235,230,181,236,160
38,26,26,26,36,31,35,35,19,1
6639.1,8956,6850.4,7444.6,8730.4,8145.6,7004.7,7733.3,7943,9091.6
1.8953e+08,2.5478e+08,1.9896e+08,2.2102e+08,2.6699e+08,2.297e+08,2.0275e+08,2.3343e+08,2.4016e+08,2.627e+08
0.4175,0.61443,0.42123,0.42619,0.53286,0.46313,0.43719,0.41684,0.49207,0.44393
4712.1,7941.3,1243.7,1306.8,5992.3,5975.4,1103.8,1183,7167.2,4990.6
