17993,18013,20018,17213,18093,18250,16407,16821,17695,16184
18299,18317,16545,19867,17367,18984,19175,19292,19100,20657
1657,1822,1650,1719,1797,1901,1875,1813,1859,1828
925,1003,676,754,392,476,412,396,862,1055
0.44176,0.44951,0.5903,0.56137,0.78186,0.74961,0.78027,0.78158,0.53631,0.42287
18866,16681,19909,19561,18618,22242,16235,17873,17029,20405
1.1774,1.0034,1.2152,1.2588,1.5151,1.5259,1.1822,1.279,1.0791,1.072
39,42,27,27,4,4,3,4,28,40
483.74,397.17,737.37,724.48,4654.5,5560.5,5411.7,4468.2,608.18,510.12
0.9401,0.92532,0.93377,0.93927,0.92982,0.93063,0.92623,0.93442,0.94329,0.95112
1.1193,1.041,1.1206,1.1049,1.0864,1.1044,1.083,1.076,1.0214,1.1175
6.0418,6.5585,5.7865,5.4415,5.7559,5.3634,5.8584,6.1434,6.0829,5.7121
17,14,14,14,15,14,17,14,15,13
14,12,11,11,12,14,14,12,15,11
422.47,369.15,395.59,521.25,406,597.02,298.77,486.4,457.44,438.96
422.47,369.15,395.59,521.25,406,597.02,298.77,486.4,457.44,438.96
88.937,79.498,87.843,80.895,72.518,100.6,61.352,80.569,72.514,85.317
2.8764,2.2926,2.7724,2.3453,1.8341,2.7743,1.8,2.2813,1.8633,2.4406
10.508,8.77,10.575,9.4303,7.761,11.916,6.9386,9.4834,7.959,9.2203
44.96,42.361,41.046,53.384,36.379,77.042,31.909,47.62,45.808,34.881
-17.763,-16.754,-18.183,-22.833,-18.228,-25.086,-14.928,-22.252,-22.383,-19.522
-8.2837,-7.2511,-3.7338,-1.7168,-6.1726,-15.833,-0.71878,-8.573,-8.0422,-2.7559
17.056,13.418,16.901,17.947,17.023,15.01,16.42,15.582,15.108,17.674
57.293,64.678,59.957,63.257,67.825,59.541,63.293,67.521,64.149,56.317
16.327,18.583,17.25,16.712,17.896,18.191,17.067,17.089,19.446,14.297
106,144,122,100,117,108,109,101,112,93
13,16,18,5,34,5,16,14,1,29
4092,5436,4988.9,3160.6,4316.7,5734.5,4072.4,5630,4884.9,4162.3
7.7199e+07,9.0678e+07,9.9324e+07,6.1825e+07,8.0368e+07,1.2755e+08,6.6116e+07,1.0063e+08,8.3185e+07,8.4931e+07
0.25538,0.32698,0.30452,0.20339,0.35129,0.39342,0.29654,0.40289,0.30954,0.21867
1195.6,983.54,1515.6,1283.7,6741.9,6115.4,8347.3,6420.6,1140.1,1208.8
