16308,14689,16632,15782,15610,16830,15693,15488,17071,15534
16296,16220,16702,16780,16256,16478,16736,16519,15726,15170
1281,1375,1313,1359,1479,1484,1641,1656,1578,1541
234,755,277,748,856,402,469,489,710,723
0.81733,0.45091,0.78903,0.4496,0.42123,0.72911,0.7142,0.70471,0.55006,0.53082
18568,19313,20058,18618,21845,21050,20306,19511,21695,21497
1.4271,1.6031,1.6011,1.4179,1.5907,1.4935,1.5903,1.6871,1.6372,1.6835
2,31,3,29,32,3,2,3,20,25
9284,623,6686,642,682.66,7016.7,10153,6503.7,1084.8,859.88
1.0194,0.99509,1.0091,0.99583,0.99802,1.0024,0.99132,0.98569,0.99299,1.0026
0.96787,1.0268,1.0169,0.96158,1.0461,0.99802,1.0546,1.0497,1.0606,0.98992
7.2808,6.9825,7.0648,7.467,6.7277,6.9466,7.7393,7.5694,7.4216,7.4664
14,15,14,14,15,15,14,18,16,16
14,14,14,14,15,15,16,16,15,16
448,453,528.82,522.53,468.42,420.93,494.82,427.52,544.21,481
448,453,528.82,522.53,468.42,420.93,494.82,427.52,544.21,481
100.59,99.265,106.37,107.48,99.355,106.29,110.51,99.138,112.46,112.32
3.896,3.9774,4.0375,4.3469,4.0175,4.5037,4.8321,4.4453,4.6842,4.4938
14.426,14.449,15.69,16.796,14.93,15.229,16.638,15.341,16.786,16.892
50.946,45.316,55.963,55.479,53.721,50.96,63.384,52.178,68.227,53.038
-24.52,-21.96,-26.585,-31.564,-21.648,-19.83,-23.414,-21.945,-26.433,-27.577
-42.606,-40.025,-35.905,-43.524,-41.401,-40.44,-43.041,-40.775,-39.008,-39.733
32.963,29.528,31.178,32.399,36.662,33.49,33.546,31.368,32.902,33.87
65.701,66.255,72.62,67.598,73.802,67.82,64.118,70.984,74.991,72.42
14.76,17.384,16.748,18.115,21.728,15.918,18.693,15.632,16.468,22.755
112,104,117,112,127,112,103,112,120,142
33,19,35,11,18,33,10,40,38,25
4656.3,2786.4,5419.6,3520.9,3620.7,5177.8,4533.8,4426.9,3913.9,3757.1
8.6459e+07,5.3814e+07,1.0871e+08,6.5552e+07,7.9095e+07,1.0899e+08,9.2064e+07,8.6373e+07,8.4911e+07,8.0767e+07
0.35788,0.23129,0.4326,0.26814,0.26365,0.36737,0.35507,0.38278,0.29536,0.29424
16117,1584,9085.4,1733.5,1758.1,9911.9,16420,9717.1,2104.5,1833
