16061,16128,16136,15763,15341,17327,17126,16119,17104,16282
16682,16618,16384,16357,16389,17970,17025,16078,16184,17106
2657,2775,2922,2703,2901,2937,2640,2844,2656,2417
414,1414,1383,1245,251,110,1217,1413,261,1062
0.84419,0.49045,0.52669,0.5394,0.91348,0.96255,0.53902,0.50316,0.90173,0.56061
24377,27008,26115,27206,25320,26809,28001,26412,28447,26958
1.6586,1.8841,1.7205,2.2585,1.8119,1.6859,2.0569,2.0684,2.3853,1.776
6,74,75,74,6,4,71,73,5,64
4062.8,364.97,348.2,367.65,4220,6702.2,394.38,361.81,5689.4,421.22
0.98907,0.97145,0.97388,0.98174,0.9841,0.99911,0.98725,0.99107,0.97024,0.99166
1.0063,0.99765,0.98407,0.9967,1.0362,1.0125,1.017,1.038,1.0475,1.0077
9.7875,10.411,10.466,9.716,11.332,10.626,9.8526,10.96,9.3406,9.6426
28,28,29,27,30,31,26,29,26,26
27,27,29,28,29,29,26,28,26,27
405.99,469.2,477.49,374.49,617.48,550.75,395.95,639.71,430.8,515.49
405.99,469.2,477.49,374.49,617.48,550.75,395.95,639.71,430.8,515.49
73.747,86.193,80.578,82.108,89.199,86.882,82.113,90.66,79.812,92.534
2.7325,3.247,2.8608,3.3161,3.3353,3.2161,3.2227,3.0661,3.2554,3.6072
10.264,12.07,11.253,12.071,12.406,11.984,12.094,12.457,11.458,13.405
35.093,53.707,56.213,39.553,61.752,57.121,41.154,71.46,39.99,56.143
-17.035,-24.881,-22.2,-16.968,-27.719,-26.25,-19.387,-27.727,-16.965,-21.747
-25.234,-22.082,-21.93,-16.479,-27.95,-31.727,-30.546,-24.731,-26.178,-26.553
-10.546,-9.6281,-5.3933,-5.6151,-4.4406,0.53124,-5.0808,-12.131,-5.9642,-7.1602
58.113,60.457,57.199,61.619,63.744,66.045,62.127,57.949,64.598,60.916
14.838,15.29,15.494,17.363,16.631,14.229,17.169,14.729,13.757,15.958
89,111,101,113,134,123,130,108,100,99
0,5,7,1,15,33,17,13,15,16
6460.7,6469.8,6030.7,5587,7548.8,7073.8,4718,6029.1,5708,6909.8
1.5749e+08,1.7474e+08,1.5749e+08,1.52e+08,1.9113e+08,1.8964e+08,1.3211e+08,1.5924e+08,1.6238e+08,1.8627e+08
0.43959,0.45133,0.3973,0.4638,0.5402,0.44484,0.34658,0.47217,0.47862,0.45522
10064,1567.9,1287.3,1229.3,6694.1,4722.8,1310.2,1599.4,6089.9,1299.5
