13023,13069,12591,13528,13453,13453,13983,13236,12708,13129
18931,17687,18344,18078,18456,16969,17129,14916,17649,17080
1578,1672,1687,1620,1635,1697,1640,1516,1417,1500
21,490,485,42,0,463,481,627,601,657
0.98669,0.70694,0.71251,0.97407,1,0.72717,0.70671,0.58641,0.57586,0.562
6454,7198,8490,7050,6851,7993,10177,9234,8242,7397
0.48265,0.48576,0.62367,0.50447,0.48606,0.51835,0.61219,0.53981,0.48522,0.4797
2,31,31,3,1,29,30,40,39,40
3227,232.19,273.87,2350,6851,275.62,339.23,230.85,211.33,184.93
0.95031,0.93041,0.93512,0.9343,0.91814,0.94004,0.92851,0.90622,0.9263,0.90454
1.0129,1.004,0.99804,1.0144,0.98934,1.0061,1.0144,1.0554,1.013,1.0043
10.583,10.455,8.7955,10.629,10.628,9.9315,8.9016,9.7632,10.77,10.107
9,9,10,8,11,9,11,8,9,9
12,10,13,12,10,12,12,8,10,13
283.1,313.84,270.33,289.88,289.69,284.19,372.25,372.29,361.53,346.42
283.1,313.84,270.33,289.88,289.69,284.19,372.25,372.29,361.53,346.42
62.002,62.137,62.435,61.141,65.88,67.091,76.611,84.029,82.041,71.207
1.6316,1.6424,1.6063,1.4388,1.6976,1.6666,2.0267,2.1343,1.9854,1.7848
7.0415,7.1859,7.2369,6.6598,7.5991,7.4665,9.0021,9.38,8.8916,7.9562
31.244,36.194,29.553,28.988,41.05,32.051,49.623,41.29,43.253,34.834
-12.131,-14.456,-15.42,-15.691,-14.01,-11.803,-16.189,-18.728,-18.022,-17.343
-18.711,-23.753,-20.243,-20.435,-21.622,-27.112,-33.591,-29.097,-22.394,-23.414
-1.3408,-1.1734,-0.62605,-1.0746,-0.77975,-1.6507,-1.7518,-0.20895,-1.2933,1.2947
53.874,51.565,62.506,60.519,62.341,56.053,60.248,56.752,47.888,52.635
12.907,13.306,16.515,11.443,12.776,13.584,11.517,14.441,10.552,12.449
89,99,105,95,97,95,89,100,85,96
27,16,8,31,24,19,17,26,27,12
2883.2,2769.4,1894.7,2753.3,2741.1,3161.5,2818.7,4074,2578.9,2266.9
1.8608e+07,1.9934e+07,1.6086e+07,1.9411e+07,1.8779e+07,2.527e+07,2.8686e+07,3.7619e+07,2.1255e+07,1.6769e+07
0.21561,0.1869,0.13919,0.19702,0.19447,0.20502,0.16956,0.23816,0.15182,0.14701
50,424.67,452.02,884.69,0,439.95,587.65,559.34,611.33,543.18
