16999,16111,16973,16358,15669,17329,13950,14856,15169,15725
14136,13783,13273,13783,13838,14374,15498,14514,14145,15748
1526,1406,1422,1422,1375,1448,1375,1390,1406,1276
21,584,0,42,580,43,596,573,432,550
0.98624,0.58464,1,0.97046,0.57818,0.9703,0.56655,0.58777,0.69275,0.56897
14199,12214,13753,12263,12759,12313,10228,10178,9730,11071
0.98222,0.95654,1.057,1.1065,1.0591,0.97344,0.84063,0.69827,0.70851,0.77225
2,38,1,3,38,3,39,37,28,36
7099.5,321.42,13753,4087.7,335.76,4104.3,262.26,275.08,347.5,307.53
1.0155,1.0227,1.0363,1.0334,1.0252,1.0346,1.0249,1.023,1.0333,0.99742
1.0024,0.99114,0.996,0.99963,1.0074,1.0223,1.013,1.0134,0.99448,0.98399
9.9913,10.077,9.2791,9.9215,9.9425,9.7642,12.09,12.475,12.552,10.708
15,15,16,15,16,16,16,13,15,13
15,16,16,15,16,16,16,15,15,13
426.96,437.14,453.23,406.44,364.79,394.28,424.86,438.42,342.66,426.97
426.96,437.14,453.23,406.44,364.79,394.28,424.86,438.42,342.66,426.97
85.437,77.914,84.408,81.415,82.77,78.168,84.85,83.713,80.061,86.268
3.119,3.0666,3.4136,3.2214,3.4438,2.9257,3.2588,3.4817,3.2612,3.3135
12.458,11.174,12.611,11.89,11.812,11.413,12.569,12.592,11.63,12
52.377,38.277,55.391,35.066,46.163,36.82,48.664,43.268,36.801,36.654
-21.432,-25.699,-19.472,-26.458,-15.98,-22.461,-17.879,-25.617,-19.86,-20.194
-39.432,-47.919,-42.549,-46.843,-49.168,-48.009,-51.336,-37.485,-42.469,-42.723
8.7391,9.7801,10.643,9.1809,9.6568,9.1397,9.6566,9.2857,8.3321,9.928
66.63,68.664,72.161,76.448,70.75,76.772,70.331,63.255,69.937,68.395
16.526,14.627,14.155,20.665,14.261,16.188,14.764,15.384,12.339,14.779
130,111,103,178,104,127,109,109,105,115
20,28,16,43,27,30,20,25,37,28
4776.6,3371,3736.8,4049,2664.7,3484,2938.2,3096.4,3161.1,2722
6.7822e+07,4.1174e+07,5.1392e+07,4.9653e+07,3.3999e+07,4.2899e+07,3.0052e+07,3.1515e+07,3.0758e+07,3.0136e+07
0.33042,0.264,0.2872,0.36533,0.2212,0.27544,0.24149,0.21243,0.23019,0.18987
1031.8,897.21,0,195.73,1011.6,903.79,859.92,906.4,722.3,832.36
