15865,16922,16391,17178,16955,17164,16761,17064,16598,16676
15497,16365,16142,14987,13894,15082,15804,15615,15658,16021
3312,2932,3203,2969,3172,2828,2797,3110,2719,2531
1817,917,1383,319,1544,463,345,416,1282,770
0.45139,0.68724,0.56822,0.89256,0.51324,0.83628,0.87665,0.86624,0.5285,0.69577
19958,18022,20802,21746,21497,22292,21100,21199,21051,20455
1.9264,1.9181,1.9623,2.1748,2.1244,2.3423,2.2456,2.1201,2.1842,1.9079
77,47,58,6,85,6,5,7,76,43
259.19,383.45,358.66,3624.3,252.91,3715.3,4220,3028.4,276.99,475.7
0.97514,0.97377,0.97039,0.97073,0.98268,0.96821,0.99551,0.97257,0.98128,0.98504
0.98036,1.0059,0.93096,0.95278,1.0213,0.94208,0.95519,0.95859,0.97809,1.0221
6.4988,6.2085,6.2386,5.8468,5.8823,5.5457,5.7071,5.8113,5.2539,5.7052
34,31,29,29,33,29,27,25,27,25
36,30,30,30,34,28,32,34,30,26
446.8,334.86,437.66,349.81,391.07,439.45,479.01,488.98,381.19,506.98
446.8,334.86,437.66,349.81,391.07,439.45,479.01,488.98,381.19,506.98
57.435,45.247,56.002,49.247,48.045,57.906,56.302,54.677,52.228,62.369
1.3114,1.2672,1.4305,1.3362,1.265,1.5309,1.552,1.395,1.4163,1.6167
6.7139,5.6812,6.9463,5.8447,5.6449,7.2588,7.2462,6.8661,6.227,7.0346
49.64,40.103,52.439,29.905,31.835,49.466,53.002,50.155,31.537,52.675
-21.309,-17.254,-21.426,-19.545,-15.74,-21.605,-25.518,-22.789,-15.528,-27.09
-22.642,-17.14,-21.146,-17.306,-15.406,-15.207,-21.847,-14.619,-14.888,-20.392
0.36343,1.2961,-0.32718,2.6225,2.2944,1.7668,1.6118,0.56579,2.7812,3.1147
78.28,81.416,79.082,75.539,76.195,77.621,81.606,80.671,79.726,79.617
15.064,18.179,16.129,13.453,13.619,14.118,14.054,15.186,16.57,13.594
120,170,144,121,126,115,123,138,130,128
9,26,27,40,30,40,46,28,22,43
2051,2721.4,2111.3,2716.8,2134,3402.9,2485.8,2615,1677.1,2673.5
4.0934e+07,4.9044e+07,4.3919e+07,5.9079e+07,4.5875e+07,7.5856e+07,5.245e+07,5.5435e+07,3.5306e+07,5.4686e+07
0.19797,0.28963,0.19916,0.2717,0.21089,0.35756,0.26456,0.26153,0.17401,0.24937
653.47,614.27,769.36,3302.3,519.68,3669.2,3792.3,2362.6,499.14,539.14
