11965,12995,11323,12804,10601,11448,11840,8341.2,9376.2,10078
15991,15793,16835,16807,16659,16163,16773,17106,15489,16291
1469,1572,1432,1531,1563,1604,1547,1782,1744,1744
674,541,110,488,178,156,489,177,540,821
0.54118,0.65585,0.92318,0.68125,0.88612,0.90274,0.6839,0.90067,0.69037,0.52924
7099,8093,7993,6106,7199,8192,8440,8291,8341,10425
0.57213,0.65861,0.63796,0.45663,0.53354,0.57629,0.56958,0.59846,0.64107,0.73333
41,29,2,25,3,2,25,3,26,44
173.15,279.07,3996.5,244.24,2399.7,4096,337.6,2763.7,320.81,236.93
0.98313,0.98896,1.0008,0.98307,0.94981,1.02,0.96544,0.95242,1.016,0.99462
1.0202,0.99727,1.0201,1.014,1.0479,1.0448,1.0459,0.99285,0.9951,1.0166
10.445,9.6877,9.4413,12.107,10.787,10.738,10.414,9.7097,10.566,8.2404
16,16,14,14,16,14,14,14,14,14
14,14,12,14,12,15,14,16,14,12
289.17,344.5,224.67,364.79,224.87,338.51,410.08,434.62,241.56,261.53
289.17,344.5,224.67,364.79,224.87,338.51,410.08,434.62,241.56,261.53
43.37,51.377,47.31,50.932,47.266,56.893,55.763,55.192,44.946,48.959
2.0174,2.0279,2.1899,1.8145,1.9552,2.217,2.1004,1.6873,1.7592,1.8383
6.7966,7.0896,6.8308,6.7215,6.6612,8.0343,7.2399,6.8049,6.3786,6.6356
33.653,36.821,24.879,36.581,26.632,32.326,43.425,50.71,22.729,24.401
-12.898,-14.871,-9.2902,-15.182,-10.919,-20.443,-17.571,-19.614,-10.054,-12.598
-13.754,8.3001,3.652,-2.4957,3.4846,1.1012,1.055,3.9616,1.8674,11.766
-2.0969,-3.2757,-3.4712,-1.5209,-0.58464,-2.8463,-1.1137,-1.1109,-1.9742,-1.8863
59.93,65.297,66.222,62.778,59.823,61.411,54.123,51.951,58.304,57.453
15.445,12.814,13.937,13.908,11.266,12.974,12.409,10.892,11.511,11.723
106,109,100,113,95,114,78,104,99,101
10,28,28,20,31,35,21,15,29,2
5306.6,5180.1,5731.3,6347,7273.2,7130.7,8010.3,7470.3,6514,4535.1
3.7671e+07,4.1923e+07,4.5811e+07,3.8755e+07,5.2359e+07,5.8415e+07,6.7607e+07,6.1936e+07,5.4334e+07,4.7279e+07
0.42767,0.42156,0.45745,0.47465,0.53903,0.50163,0.54058,0.53921,0.50066,0.31902
596.1,560.06,1938.1,636.27,615.13,3091.1,617.97,1722.1,653.44,561.91
