12339,12255,14350,14426,14558,13952,13016,13148,12157,11645
18113,16251,16083,15130,15972,15143,16772,17130,17070,17526
2750,2948,2937,2703,2484,2859,2656,2823,2734,2531
495,1532,1156,1009,1264,456,1344,495,1057,365
0.82,0.48033,0.6064,0.62671,0.49114,0.8405,0.49398,0.82465,0.61339,0.85579
18419,14447,15540,15291,17377,22391,20653,17575,17128,20653
2.216,1.9661,1.9847,1.567,2.153,2.4783,2.1701,2.2795,2.1872,2.0408
4,69,48,39,56,5,63,4,45,3
4604.8,209.38,323.75,392.08,310.3,4478.2,327.83,4393.8,380.62,6884.3
0.98571,0.99192,0.99811,0.99936,1.0265,0.98185,0.99805,0.98122,0.99374,1.0059
0.99133,0.99881,0.99674,1.0066,1.0211,0.99491,1.008,1.0042,1.0015,0.99193
5.4844,5.6338,6.3557,6.1484,5.656,5.4354,5.1535,5.5104,5.3817,4.9512
15,17,15,17,14,19,18,19,21,16
20,20,19,16,14,18,20,18,18,18
260.85,294.17,249.39,275.43,290.85,349.21,385.54,349.15,300.44,440.72
260.85,294.17,249.39,275.43,290.85,349.21,385.54,349.15,300.44,440.72
49.174,43.119,47.531,47.513,50.35,59.615,59.594,54.056,50.632,61.228
1.2657,0.9584,1.2592,1.1361,1.4015,1.5275,1.5445,1.4923,1.1872,1.4988
5.4538,4.934,5.2525,4.9713,5.6725,6.3615,6.9963,6.5383,5.7277,6.6091
28.467,29.411,24.716,19.482,24.798,34,44.039,38.615,38.388,48.662
-11.955,-15.054,-11.958,-13.181,-11.663,-16.436,-16.545,-19.767,-14.406,-18.579
-9.9318,-3.3623,-24.151,-23.835,-19.927,-21.86,-23.055,-21.596,-25.33,-27.127
5.8904,3.5843,3.4968,4.943,6.3754,6.4227,6.5042,5.1068,4.8762,6.6727
54.057,54.9,58.233,54.696,58.171,56.354,57.866,57.305,55.391,55.968
10.684,11.766,14.237,11.78,13.383,12.293,12.127,13.757,13.878,12.932
82,87,98,88,90,90,90,98,92,87
16,6,0,17,12,15,17,12,5,10
1528.1,928.23,1392,1595.4,1242.2,1554.3,1275.1,1626.4,1033.6,1354.7
2.8146e+07,1.341e+07,2.1632e+07,2.4396e+07,2.1586e+07,3.4803e+07,2.6335e+07,2.8584e+07,1.7703e+07,2.7978e+07
0.18384,0.12632,0.17778,0.1635,0.15391,0.17203,0.13398,0.21095,0.13198,0.13386
3550.8,396.52,448.43,446.66,582.96,3084.7,579.5,3061.8,529.25,5105.2
