10797,13487,13883,14556,15482,16279,15142,16388,14596,13774
16885,17118,17365,16522,17384,17666,17255,17329,16049,16279
4010,4375,3656,5734,3141,3234,3360,3360,4416,3792
1231,1408,762,4173,1580,1613,490,548,1815,768
0.69302,0.67817,0.79158,0.27224,0.49698,0.50124,0.85417,0.8369,0.58899,0.79747
13008,19014,14944,18668,14696,16681,15838,17774,12064,12014
0.77126,0.92846,0.88604,1.0836,0.86518,1.135,0.99598,0.92213,0.91874,0.81077
7,6,5,75,78,75,6,5,6,7
1858.3,3169,2988.8,248.91,188.41,222.41,2639.7,3554.8,2010.7,1716.3
1.0019,1.0167,0.99509,0.98847,1.0079,0.98954,1.0076,1.007,1.0079,1.0202
1.0138,1.022,1.0324,1.0122,0.98359,1.0114,1.0294,0.99553,1.0384,0.97617
11.919,9.4428,9.2131,8.7134,8.2959,7.9664,9.4417,8.6673,7.9828,8.7107
31,32,27,32,28,30,31,27,27,32
26,29,27,28,25,25,29,30,23,28
252.84,240.85,229.66,279.05,271.62,222.23,242.28,286.62,193.81,218.84
252.84,240.85,229.66,279.05,271.62,222.23,242.28,286.62,193.81,218.84
44.731,47.099,38.25,43.237,41.921,40.757,44.145,49.874,32.909,37.71
1.5192,1.5902,1.3695,1.6391,1.4229,1.5384,1.5044,1.904,1.0285,1.2353
5.7645,5.9393,5.1871,6.0718,5.5839,5.423,5.9907,7.2023,3.9693,4.9771
25.63,18.093,23.958,30.99,32.642,24.259,26.313,37.762,16.879,25.52
-11.683,-12.179,-11.979,-14.131,-12.566,-10.091,-12.523,-15.411,-8.5303,-13.444
-11.251,-9.8175,-4.8802,-7.0078,-10.451,-17.035,-2.3974,-8.9871,-8.1276,-5.6085
2.5846,2.8001,3.7551,4.1184,3.6861,2.8725,3.4918,4.1384,3.651,2.417
69.983,73.33,72.936,67.667,78.141,76.544,73.41,76.339,65.888,65.971
14.643,15.598,14.577,15.577,13.749,13.542,15.585,13.63,11.619,12.464
108,118,112,100,122,131,120,116,99,101
20,8,27,18,38,42,19,35,25,21
5390.1,7136.8,4688.5,2448.4,3585.5,3547,5639.4,5428.9,3897.9,4721.8
7.0115e+07,1.357e+08,7.0065e+07,4.5706e+07,5.2692e+07,5.9168e+07,8.9317e+07,9.6493e+07,4.7024e+07,5.6728e+07
0.31958,0.34849,0.27799,0.14212,0.21108,0.24134,0.35464,0.28165,0.29684,0.31865
4483,5533.3,4462.7,939.61,474.58,510.02,1800.3,2257.9,2223.1,1390.3
