15120,15415,16501,17081,14822,14607,15403,16946,16260,16053
17828,16911,17524,17779,17811,18365,18241,18571,18013,18014
2406,2385,2312,2275,2203,2313,2244,2312,2322,2328
1006,1032,995,661,928,42,953,970,971,42
0.58188,0.5673,0.56964,0.70945,0.57876,0.98184,0.57531,0.58045,0.58183,0.98196
15540,15490,13405,13653,16731,13355,15986,14248,15987,15540
1.2772,1.2987,1.0909,1.2319,1.4934,1.0976,1.3824,1.1373,1.3969,1.3437
64,67,64,42,60,3,61,62,62,3
242.81,231.19,209.45,325.07,278.85,4451.7,262.07,229.81,257.85,5180
1.009,1.0093,0.998,1.0098,1.0183,1.008,1.0078,1.0056,1.0097,1.0102
1.0585,1.0396,1.015,1.0277,1.0323,1.019,1.0442,1.0247,1.0208,1.0472
5.9222,5.6501,6.6755,6.0695,4.7226,6.6831,5.478,6.1736,5.5251,5.2956
16,13,16,12,12,12,14,12,12,12
24,24,24,24,20,22,23,21,24,24
217,180.67,220.42,200.83,168.17,189.75,199.08,217.03,178.82,217.03
217,180.67,220.42,200.83,168.17,189.75,199.08,217.03,178.82,217.03
36.421,35.582,37.195,37.655,36.35,37.815,38.306,38.158,36.187,36.969
1.3422,1.2208,1.3031,1.2643,1.2411,1.2533,1.4206,1.3621,1.2864,1.3346
5.1733,4.6158,5.0953,5.1307,4.894,4.9558,5.2978,5.5058,4.8918,5.1587
28.96,19.264,24.402,21.68,19.086,16.946,19.318,28.946,21.342,28.946
-12.07,-8.2978,-13.482,-12.094,-14.575,-10.895,-9.6569,-11.988,-9.7893,-10.863
-2.1085,-6.9772,-6.517,-4.5006,-2.5963,-2.407,-0.33794,2.5325,6.2071,-0.2329
7.6583,7.7266,6.7246,7.1041,9.1726,6.8108,8.2895,7.4959,8.2578,7.6843
72.28,73.921,69.953,70.491,73.632,75.455,76.102,71.429,72.573,72.97
14.907,14.422,13.853,13.343,13.473,14.813,11.494,13.372,15.007,12.973
112,115,124,108,104,129,105,110,121,108
8,20,35,4,15,18,30,10,17,20
947.2,1017.1,1222.3,1402.3,854.39,1814.4,842.83,1115.5,1062.4,1335
1.4719e+07,1.5754e+07,1.6384e+07,1.9145e+07,1.4295e+07,2.4231e+07,1.3473e+07,1.5894e+07,1.6984e+07,2.0746e+07
0.07785,0.085274,0.099467,0.12652,0.076265,0.14912,0.072884,0.089041,0.092823,0.11544
381.8,359.58,406.11,354.1,357.98,460.27,407.22,370.53,401.17,260.71
