19359,17797,18642,17376,18963,18387,19005,18808,19970,18857
19034,17914,17752,18883,19154,18248,19140,17917,18055,17842
2072,1525,1250,1245,1110,1078,1094,1156,1156,1157
1253,657,523,21,472,0,473,465,0,21
0.39527,0.56918,0.5816,0.98313,0.57477,1,0.56764,0.59775,1,0.98185
18022,19114,16582,18369,16631,17079,15490,16235,16135,17526
3.8361,2.9936,2.9921,3.2443,2.9373,2.8356,3.0619,3.2864,2.7901,2.4247
43,43,34,2,31,1,31,30,1,2
419.12,444.51,487.71,9184.5,536.48,17079,499.68,541.17,16135,8763
0.98778,0.99819,0.98566,0.98227,0.98234,0.99264,0.98904,0.98771,0.99237,0.99499
0.96897,0.94573,0.94184,0.89962,0.9404,0.89985,0.9188,0.92264,0.93379,0.90414
3.8039,4.1311,4.3832,4.4909,4.2428,4.1547,4.1603,4.1118,3.9624,4.2649
13,13,7,8,7,8,8,8,7,9
16,14,12,14,14,12,12,12,12,12
308.75,397.94,348.24,414.15,337.6,347.6,311.55,328.69,308.73,367.4
308.75,397.94,348.24,414.15,337.6,347.6,311.55,328.69,308.73,367.4
66.861,75.201,81.24,84.14,80.023,79.035,71.808,71.703,64.202,84.306
1.7792,1.9783,2.2779,2.1364,2.4571,2.4794,2.2681,2.3255,1.7583,2.5729
7.3621,8.8945,9.3872,9.2455,9.6399,9.1388,8.8505,8.859,7.2997,10.518
33.95,46.807,40.7,30.958,36.645,39.643,37.373,32.978,30.872,38.636
-14.003,-17.489,-18.434,-19.032,-14.879,-15.87,-14.149,-16.313,-14.208,-18.39
2.4103,0.84289,7.2064,5.7357,1.8952,2.4456,4.2005,0.29889,0.58923,1.8424
-5.793,-4.6145,-4.8163,-8.495,-3.6196,-7.4925,-4.8419,-4.9597,-4.1524,-5.27
62.176,66.558,66.291,68.896,68.788,68.87,63.964,63.746,68.417,63.872
15.855,16.107,19.069,14.512,13.912,18.013,18.584,12.945,18.214,15.096
104,106,105,100,103,100,110,106,110,109
20,32,2,19,21,12,15,22,15,21
623.69,848.95,920,974.69,1123.3,1683.1,1130.9,936.31,1315.6,1573.1
1.124e+07,1.6227e+07,1.5255e+07,1.7904e+07,1.8681e+07,2.8745e+07,1.7517e+07,1.5201e+07,2.1227e+07,2.7571e+07
0.13276,0.13296,0.166,0.17215,0.19839,0.27944,0.22353,0.18954,0.22749,0.21765
463.94,561.61,601.49,411.73,619.8,0,592.88,536.51,0,246.13
