15141,15064,17203,13929,14898,14543,15110,14761,14572,14915
17325,17978,17178,16416,17731,17310,17149,17521,16719,15894
2526,2516,2557,2359,2338,2469,2572,2588,2578,2666
714,1398,703,973,729,627,1186,746,1447,1520
0.71734,0.44436,0.72507,0.58754,0.6882,0.74605,0.53888,0.71175,0.43871,0.42986
24873,25071,27256,24972,25469,26313,23135,26214,26760,25072
2.4578,2.8122,2.9383,2.6239,2.4582,2.5399,2.1823,2.5903,2.4145,2.5382
7,60,7,31,7,6,38,8,61,61
3553.3,417.85,3893.7,805.55,3638.4,4385.5,608.82,3276.8,438.69,411.02
0.98226,0.98496,0.9885,0.98568,0.98283,0.97195,0.97469,0.98337,0.99558,0.98216
0.97256,0.93044,0.93282,0.98276,1.0208,1.0141,0.94913,0.96463,0.96923,0.98067
3.7495,3.8046,3.6351,3.9269,3.9588,3.9006,4.3246,4.0212,4.445,4.1762
20,22,22,20,19,18,20,20,20,21
14,18,13,13,13,15,18,17,15,19
199.28,237.81,225,177.36,214.64,200.87,193.91,195.72,260.51,253.26
199.28,237.81,225,177.36,214.64,200.87,193.91,195.72,260.51,253.26
38.801,39.081,41.074,38.748,41.452,38.865,39.11,39.794,43.094,41.062
1.5131,1.4751,1.5851,1.3593,1.9523,1.4254,1.5336,1.475,1.751,1.5205
5.3672,5.1489,5.69,5.0344,6.3273,5.019,5.5011,5.3635,6.349,5.5121
21.467,23.797,22.774,19.34,26.012,17.57,23.259,20.417,27.536,26.085
-9.5283,-10.946,-10.278,-9.2687,-11.879,-9.5,-12.818,-9.0105,-11.941,-13.397
-11.468,-13.646,-9.0904,-18.738,-21.252,-18.057,-22.631,-16.419,-20.909,-16.634
12.629,12.258,12.278,10.77,12.964,10.346,7.9306,9.9333,12.916,9.6635
72.534,74.034,70.521,77,80.888,75.665,74.139,76.302,82.98,78.333
16.248,19.441,14.423,18.41,14.947,14.307,18.492,15.659,18.952,14.785
121,126,104,133,138,116,155,118,144,111
26,22,26,30,48,13,11,39,28,45
2496.6,1535.6,2493.6,1957.8,2961.8,2507.8,2405.6,2112.8,1964.1,1900.8
6.2098e+07,3.8498e+07,6.7966e+07,4.889e+07,7.5435e+07,6.5987e+07,5.5654e+07,5.5384e+07,5.256e+07,4.7658e+07
0.2467,0.17224,0.26882,0.20572,0.28586,0.24206,0.22692,0.20877,0.17722,0.19243
2908,602.18,2906.4,1057.7,3361.6,4197.1,837.09,3217.9,793.4,689.38
