17781,19714,20839,19924,20784,20748,20092,21544,19781,20569
14702,14556,14051,14265,14657,16927,14684,16259,15390,15408
1516,1453,1682,1745,1494,1417,1468,1609,1531,1532
130,151,798,146,715,162,717,183,728,729
0.91425,0.89608,0.52556,0.91633,0.52142,0.88567,0.51158,0.88626,0.52449,0.52415
13951,13455,14249,14249,13454,15590,14546,15788,12908,15142
1.0433,1.0739,0.96167,0.9775,1.0842,1.0784,1.1078,1.2248,1.0109,1.0743
3,3,44,2,37,2,38,3,38,39
4650.3,4485,323.84,7124.5,363.62,7795,382.79,5262.7,339.68,388.26
1.0163,1.0067,1.0011,1.0194,1.0172,1.0336,1.014,1.0412,1.0487,1.0133
1.0103,1.0171,1.0239,0.99752,0.98606,1.0151,1.0103,0.96857,0.99327,0.98209
7.5183,6.3932,7.6176,7.6245,6.1402,5.7969,5.8871,5.7474,6.4868,6.1264
14,13,17,15,13,14,15,14,15,16
15,13,13,13,13,14,13,15,15,13
374.82,228.32,293.23,297.26,276.64,269.26,244.23,245.9,246.05,269.6
374.82,228.32,293.23,297.26,276.64,269.26,244.23,245.9,246.05,269.6
70.636,58.94,61.914,59.244,55.305,61.215,55.665,56.576,53.172,57.896
2.4946,2.4293,2.318,2.177,2.1868,2.0276,2.1083,2.0961,2.1052,2.0264
9.8759,8.4908,8.8825,7.8397,8.2391,8.1133,7.9955,7.9727,7.5742,7.6581
40.302,27.471,31.665,32.492,29.954,27.02,31.266,31.618,27.293,24.728
-21.055,-13.684,-14.074,-13.73,-13.967,-14.268,-12.04,-12.052,-12.081,-11.529
-37.525,-24.857,-28.814,-35.725,-21.951,-14.738,-22.021,-18.1,-30.757,-25.957
10.792,11.166,10.44,9.376,10.559,13.645,12.261,11.474,9.9485,12.075
75.098,76.256,73.599,74.845,76.103,74.11,75.567,74.137,71.743,77.184
16.414,16.037,16.815,16.457,15.148,14.521,14.965,13.17,13.914,14.575
118,113,113,109,112,108,121,108,99,114
32,33,18,14,40,32,31,43,20,35
2252.4,1157.2,1264.4,2133.1,858.66,828.5,486.62,954.93,655.62,535.29
3.1423e+07,1.557e+07,1.8016e+07,3.0394e+07,1.1552e+07,1.2916e+07,7.0783e+06,1.5076e+07,8.4627e+06,8.1053e+06
0.16844,0.09236,0.085333,0.14633,0.069196,0.057308,0.037059,0.074083,0.051344,0.037977
1715.6,1687.9,760.42,1560.7,622.8,2906.3,742.63,1314.7,631.78,711.19
