11068,11581,13027,18948,18094,16733,7995.9,8522.4,22062,18500
17357,16665,12656,21088,16459,20686,11726,18543,18739,10778
2437,2141,2453,2250,2244,2437,2510,2531,2562,2454
1185,978,1233,872,725,283,1270,1285,1164,1278
0.51375,0.5432,0.49735,0.61244,0.67692,0.88387,0.49402,0.4923,0.54567,0.47922
8390,12213,8589,9483,9036,8192,9383,9184,8986,9532
1.0715,1.0345,1.2508,1.2696,1.2712,1.1527,1.1801,0.94118,1.1839,1.3642
62,54,56,35,43,5,65,62,39,60
135.32,226.17,153.38,270.94,210.14,1638.4,144.35,148.13,230.41,158.87
0.99983,0.98636,0.99624,0.99346,0.9881,1.0012,1.0047,1.0009,1.0011,0.97326
1.0114,1.0041,1.005,1.0037,1.0017,1.0178,1.0092,1.011,1.0088,0.99989
6.2648,6.431,6.178,5.6734,5.9445,5.8722,5.5216,6.3623,5.9635,5.7227
16,10,10,10,12,12,13,12,12,10
17,17,18,17,19,17,18,17,19,19
217.9,310.2,267.97,198.75,250.66,178.82,168.9,244.26,192.8,190.84
217.9,310.2,267.97,198.75,250.66,178.82,168.9,244.26,192.8,190.84
34.308,56.581,36.761,36.223,36.145,28.323,31.433,37.916,32.399,34.071
0.7113,1.1196,0.78973,0.9236,0.90623,0.74917,0.65845,0.78172,0.80303,1.0464
3.801,5.5013,4.2752,3.9998,4.3474,3.768,3.3284,4.0478,3.9532,4.3181
21.34,28.303,30.825,24.8,29.28,17.525,19.184,24.032,23.962,21.913
-9.3845,-15.782,-12.037,-8.0959,-11.388,-10.386,-7.7251,-14.736,-9.2258,-8.0476
-26.105,-21.445,-13.886,-17.048,-13.408,-17.438,-24.234,-17.085,-21.638,-19.399
3.7067,6.3713,3.3868,5.013,4.5791,3.2976,3.8532,3.5952,2.1707,3.9909
68.335,76.861,63.376,59.187,75.671,64.878,59.471,60.629,51.182,56.654
15.2,15.528,12.595,14.491,15.35,14.644,15.151,13.146,15.517,14.707
102,114,98,98,121,104,92,96,86,90
24,26,20,17,15,11,11,24,9,19
1129.2,2148.3,1337.5,1051.4,1208.7,1378.8,1424,2107.2,1386.2,1206
9.4737e+06,2.6237e+07,1.1488e+07,9.9709e+06,1.0922e+07,1.1295e+07,1.3362e+07,1.9352e+07,1.2456e+07,1.1495e+07
0.14421,0.18197,0.19477,0.14077,0.17005,0.19401,0.1791,0.21594,0.18263,0.1726
279.6,399.72,296.39,304.53,302.67,693.07,274.74,278.05,442.88,284.49
