18026,18857,17255,19274,19958,18263,20908,19162,18537,19378
14455,15288,14629,16030,15623,14669,16153,15757,14080,15377
1360,1344,1438,2313,1328,1328,1297,1344,1275,1282
380,370,812,1286,324,360,617,318,711,355
0.72059,0.7247,0.43533,0.44401,0.75602,0.72892,0.52429,0.76339,0.44235,0.72309
28498,29143,28895,29341,25965,27951,24575,24327,26909,26511
1.7655,1.9829,1.8171,2.2142,1.8421,1.9497,1.7585,1.59,1.607,1.7193
3,4,30,5,3,5,23,4,28,5
9499.3,7285.8,963.17,5868.2,8655,5590.2,1068.5,6081.8,961.04,5302.2
1.0045,1.0211,1.0056,0.99406,1.0388,1.0182,1.021,1.0449,1.0108,1.0282
0.92818,0.90783,0.8931,0.88764,0.92041,0.90554,0.91296,0.95674,0.96905,0.91204
3.1756,3.147,3.5254,2.9208,3.5014,3.0561,3.6606,3.9555,3.5362,3.5135
9,9,11,13,11,12,11,12,11,9
11,13,9,11,11,9,11,10,11,9
525.02,451.4,471.48,495.82,570.3,391.81,447.68,464.19,502.75,472.84
525.02,451.4,471.48,495.82,570.3,391.81,447.68,464.19,502.75,472.84
94.962,96.696,93.472,89.825,98.184,85.477,95.656,94.433,108.7,95.359
3.2723,2.6489,3.0079,2.4215,3.0879,2.7896,2.9891,2.9215,2.8513,3.1543
12.454,11.074,11.963,10.926,12.39,10.626,12.025,11.591,12.445,11.956
65.116,37.074,47.414,42.009,65.493,47.597,53.216,52.517,61.154,49.047
-22.907,-27.83,-23.619,-35.347,-24.341,-18.044,-26.97,-20.958,-29.824,-19.135
42.36,34.914,41.651,40.61,43.014,37.837,47.233,44.613,43.606,40.091
-34.587,-35.746,-34.593,-30.702,-29.95,-33.824,-30.572,-29.045,-31.791,-33.183
88.525,89.137,83.431,85.046,83.402,90.99,91.804,93.037,80.17,83.133
44.383,25.122,33.674,35.704,22.268,45.666,34.021,31.28,22.646,22.864
255,220,195,241,151,255,193,195,162,125
29,33,21,20,31,23,30,32,17,19
2807.5,2180.6,2245.2,1629.7,2169.7,1897.1,1776.3,2905.2,1707.7,2674.6
8.0007e+07,6.355e+07,6.4876e+07,4.7818e+07,5.6335e+07,5.3026e+07,4.3652e+07,7.0674e+07,4.5953e+07,7.0907e+07
0.17392,0.14837,0.14119,0.12299,0.15393,0.13233,0.1271,0.18988,0.10198,0.17345
4170.6,3395.5,1247.7,3421.6,4255.5,2580.6,1252,2982,1171.3,2865.9
