17107,16799,18776,16212,15264,15309,15339,15373,15976,16463
16487,16249,15789,16333,16177,16440,15648,16122,16278,16272
2370,2562,2729,2666,2688,2744,2979,2656,2750,2656
162,839,1209,845,1207,872,192,156,1258,1211
0.93165,0.67252,0.55698,0.68305,0.55097,0.68222,0.93555,0.94127,0.54255,0.54405
23235,22539,22937,21994,21845,20504,22838,21149,23830,22539
3.2146,3.1179,3.1734,2.6081,2.7475,2.5405,2.8727,2.9256,2.7098,2.673
3,48,71,42,72,46,3,2,70,69
7745,469.56,323.06,523.67,303.4,445.74,7612.7,10574,340.43,326.65
1.0038,1.021,1.0022,1.0069,1.0063,1.0049,1.0122,1.0086,1.0101,1.015
1.0576,1.0207,1.0134,1.0251,1.0464,1.0453,1.0842,1.009,1.0481,1.0382
4.0528,4.3733,4.4834,4.6128,4.4186,4.8967,4.7057,4.4582,4.5892,4.7013
24,26,30,26,28,26,30,28,27,26
22,23,26,25,24,24,28,24,23,24
182.09,202.92,218.51,224.06,175.47,176.6,193.06,216.92,179.59,290.57
182.09,202.92,218.51,224.06,175.47,176.6,193.06,216.92,179.59,290.57
36.036,37.377,33.921,38.123,32.768,35.009,36.631,34.334,36.581,40.452
1.3725,1.3571,1.1455,1.2116,1.1513,1.2229,1.1899,1.1624,1.3757,1.3046
5.0262,5.0872,4.5323,5.0063,4.5684,4.719,4.8446,4.6127,5.0729,5.4577
22.451,20.299,21.544,21.664,21.841,20.752,21.668,25.151,19.098,31.237
-8.2492,-11.425,-10.247,-9.7007,-8.3042,-9.054,-10.956,-11.077,-12.044,-17.979
-9.7219,-15.225,-16.389,-15.646,-14.239,-17.13,-12.68,-15.548,-19.211,-16.362
9.0703,8.1553,7.033,6.7635,6.9471,6.2937,7.2008,7.0299,7.6009,7.1916
70.522,70.577,69.057,69.675,73.615,73.498,70.848,71.964,71.346,71.589
12.657,15.642,13.386,13.021,12.825,13.085,12.511,12.688,13.119,13.353
121,112,112,102,121,121,112,107,124,113
26,9,14,21,19,19,6,16,15,24
1674.2,1547.8,1189,1400.8,1148.6,1583.2,1636.2,1555.1,1468.6,1303.3
3.8901e+07,3.4885e+07,2.7272e+07,3.0809e+07,2.5092e+07,3.2461e+07,3.7367e+07,3.2888e+07,3.4997e+07,2.9376e+07
0.23163,0.21411,0.1645,0.16611,0.14446,0.19616,0.20581,0.21511,0.167,0.15457
3259.4,502.75,439.72,541.02,403.8,435.39,2716.7,5878.7,477.33,468.74
