14670,16258,15138,13357,14059,13127,13304,13703,15430,15069
16021,16504,15841,15209,15301,17671,16700,16843,16932,16542
2469,2594,2750,2140,2463,2484,2604,2188,2431,2463
1248,1282,1319,747,1238,951,318,239,1188,344
0.49453,0.50578,0.52036,0.65093,0.49736,0.61715,0.87788,0.89077,0.51131,0.86033
23980,23979,23731,20405,23583,20852,24377,22143,22937,24674
2.2118,2.4574,2.6985,1.5683,2.4168,1.9022,2.044,1.9979,2.4409,2.2509
60,64,72,37,64,40,3,4,63,5
399.67,374.67,329.6,551.49,368.48,521.3,8125.7,5535.8,364.08,4934.8
0.95652,0.98349,0.96454,0.96151,0.96628,0.9818,0.98025,0.97825,0.97259,0.97977
0.90073,0.91171,0.91129,0.93328,0.91176,0.87796,0.91064,0.91164,0.90666,0.92875
6.217,6.0512,6.149,6.6394,5.9241,6.6904,5.8095,6.693,6.439,6.0709
18,18,20,18,20,20,18,18,20,18
16,17,19,17,17,17,17,17,19,17
437.67,397.2,388.14,428,384.24,360.83,447.51,511.52,374.66,339.92
437.67,397.2,388.14,428,384.24,360.83,447.51,511.52,374.66,339.92
65.959,59.441,59.68,72.414,61.764,64.109,64.054,72.813,64.023,63.498
2.4024,2.009,1.9104,2.6526,2.1647,2.275,2.1891,2.3772,2.1679,2.3065
8.4432,7.3684,7.4787,9.1293,8.0161,8.0105,8.0682,8.8062,7.6632,8.0191
47.74,41.624,39.909,45.051,42.321,35.701,45.136,52.699,29.123,32.135
-19.391,-20.86,-20.944,-18.009,-19.289,-20.093,-19.51,-25.089,-14.774,-14.04
-23.197,-24.05,-22.436,-31.03,-21.931,-24.494,-23.129,-20.481,-21.25,-20.732
9.7374,8.0262,10.126,9.413,10.808,7.9647,10.269,11.589,8.2409,7.879
79.426,72.364,73.988,78.261,75.167,75.667,71.196,79.121,74.493,72.79
19.007,16.768,16.381,17.101,14.023,15.275,13.093,19.422,14.899,14.965
149,133,123,128,118,143,106,138,133,116
31,20,20,35,30,41,22,30,42,36
3863.1,3259.7,3293.8,3860.4,3028.2,4603,5240.3,5601.6,3605.6,4738.3
9.2637e+07,7.8164e+07,7.8165e+07,7.8772e+07,7.1413e+07,9.5982e+07,1.2774e+08,1.2404e+08,8.2701e+07,1.1691e+08
0.35631,0.33405,0.37455,0.2967,0.31033,0.4199,0.4394,0.50542,0.38369,0.43225
816,740.9,700.66,865.76,730.93,765.01,4568.5,3453.3,767.88,2891.2
