9806.7,10898,17051,20186,21593,12237,10054,11989,18227,13579
8886.4,12417,14771,17707,20866,11531,14838,17711,20382,13262
1307,1526,1500,1312,1447,1625,1635,1682,1500,1666
501,381,840,528,648,330,883,381,670,728
0.61668,0.75033,0.44,0.59756,0.55218,0.79692,0.45994,0.77348,0.55333,0.56303
22192,15689,16334,19064,16582,18965,16880,16731,17625,21596
2.9238,2.0671,2.1523,2.5524,2.0242,2.2816,2.26,2.073,2.66,3.0383
19,4,35,21,25,5,38,3,24,26
1168,3922.2,466.69,907.81,663.28,3793,444.21,5577,734.38,830.62
0.96422,0.9956,0.99444,0.98852,1.0052,0.97829,0.99391,1.0059,1.0027,1.0281
1.1079,1.1479,1.035,1.0643,1.0225,0.96815,1.05,1.0568,1.0245,1.129
4.112,4.574,4.4783,4.0319,4.8144,4.6813,4.771,4.8586,5.0125,4.3331
10,11,9,9,9,8,9,11,10,10
9,7,8,7,9,8,9,9,9,11
488.49,345.23,367.86,413.35,379.79,437.75,351.09,389.52,380.9,413.22
488.49,345.23,367.86,413.35,379.79,437.75,351.09,389.52,380.9,413.22
93.248,66.704,72.246,87.213,78.438,79.61,67.084,73.492,79.15,85.187
2.3234,1.9094,2.0234,2.358,2.283,1.9574,1.9315,2.1227,2.229,2.2348
10.953,7.6086,8.7,10.289,9.5817,9.2251,7.9488,8.8872,9.2182,9.7154
53.333,33.937,39.423,41.4,44.337,43.775,39.923,41.441,40.636,34.839
-23.468,-15.645,-16.134,-18.601,-19.255,-23.589,-17.698,-16.844,-15.553,-18.143
-18.508,-17.938,-20.074,-15.573,-22.184,-23.295,-19.132,-21.8,-14.732,-19.304
24.328,13.542,15.718,17.383,14.322,16.259,11.579,14.38,15.06,15.835
61.22,72.496,78.361,81.972,70.103,77.803,77.254,84.713,90.5,88.03
16.627,17.966,23.182,20.171,16.653,19.045,21.075,20.929,21.063,22.28
88,107,131,137,106,114,133,136,130,139
19,10,19,33,23,16,12,9,28,30
1033.1,1437.3,1246.7,1077,1497.5,2283.9,1362.7,1928.8,2007.5,1555.4
2.2926e+07,2.255e+07,2.0364e+07,2.0533e+07,2.4832e+07,4.3314e+07,2.3003e+07,3.227e+07,3.5383e+07,3.359e+07
0.13611,0.18937,0.16428,0.1442,0.18281,0.27477,0.18245,0.23898,0.30298,0.21882
1328.2,2197.8,705.15,907.16,842.8,2168,725.11,3318.7,995.64,877.06
