8815.4,8396.9,7073.1,8812.2,18684,17649,16219,24700,24153,22230
10122,9466.2,16510,18080,8903.8,15606,19986,10295,15090,21087
1515,1516,1765,2260,1953,2291,2416,2516,1750,1500
474,719,923,286,978,187,1198,283,266,800
0.68713,0.52573,0.47705,0.87345,0.49923,0.91838,0.50414,0.88752,0.848,0.46667
11419,11369,11121,11567,10227,11667,9384,10972,8887,9532
1.0532,1.0486,1.0034,1.1569,1.0228,1.126,1.129,1.0973,1.1177,1.1809
26,37,48,4,50,3,63,6,3,36
439.19,307.27,231.69,2891.8,204.54,3889,148.95,1828.7,2962.3,264.78
0.9836,0.98276,1.001,0.98884,0.97407,0.99826,0.99392,0.98847,0.98703,0.99715
1.0149,1.0788,1.0656,1.0197,1.0183,0.98251,1.0143,1.0171,1.0093,1.0034
5.6139,5.8258,6.2413,8.011,7.2958,7.9776,8.4644,8.6961,6.62,5.7822
17,15,17,20,21,23,23,25,19,15
15,16,16,21,16,19,23,25,15,16
200.87,208.51,199.08,199.67,214.05,190.33,158.43,221.58,173.23,162.54
200.87,208.51,199.08,199.67,214.05,190.33,158.43,221.58,173.23,162.54
39.615,42.488,41.121,40.385,38.307,38.305,34.088,38.013,38.521,34.159
1.4722,1.7276,1.5835,1.4246,1.2486,1.15,1.0045,1.3142,1.1178,1.3381
5.4229,6.2121,5.5286,5.4338,4.7054,4.9559,4.3518,5.1378,4.7185,5.0833
23.678,23.152,19.318,20.851,15.792,22.27,15.653,27.332,19.883,20.02
-8.318,-10.487,-10.059,-11.937,-9.9083,-9.5146,-8.9432,-9.1098,-9.5233,-7.8156
-26.507,-21.621,-20.53,-27.207,-23.32,-27.552,-25.522,-23.097,-12.721,-18.72
6.4863,7.7346,6.8511,6.5756,4.8394,3.0888,5.6368,3.6884,3.901,5.4437
71.764,68.442,74.929,78.46,71.287,79.934,77.321,71.442,74.667,72.136
15.525,15.204,14.593,16.294,16.92,13.964,15.286,13.363,15.677,13.847
114,106,110,188,116,114,114,106,113,105
39,33,25,36,5,50,35,18,17,14
2967.7,3081.4,2806.6,4415.3,3411.3,3962,3165.2,4286.1,4650.9,2827.5
3.3889e+07,3.5032e+07,3.1212e+07,5.1072e+07,3.4888e+07,4.6225e+07,2.9702e+07,4.7027e+07,4.1332e+07,2.6952e+07
0.27373,0.28421,0.25323,0.44162,0.34117,0.3824,0.3808,0.42865,0.58494,0.35028
575.29,614.66,502.44,3695.1,501.93,4431.2,461.43,2014.9,3998,583.08
