12257,12725,11311,10362,9480.8,10024,10487,12528,11244,11724
20742,21491,21569,22521,21931,21692,22355,22336,22561,22474
3557,3609,3391,3656,3541,3594,3594,3359,3391,3401
1195,1657,1585,168,1585,231,183,1512,188,241
0.66404,0.54087,0.53259,0.95405,0.55239,0.93573,0.94908,0.54987,0.94456,0.92914
15490,19015,15638,17376,16532,14944,18369,17078,16681,18170
1.054,1.2938,1.1591,1.2542,1.2253,1.2658,1.3376,1.3632,1.2821,1.3003
65,95,91,3,96,4,4,89,5,6
238.31,200.16,171.85,5792,172.21,3736,4592.2,191.89,3336.2,3028.3
0.9943,1.0049,1.0012,1.0086,1.0097,0.99823,0.99315,1.0029,1.0198,1.0091
1.0188,1.0225,0.99057,1.0419,1.0079,0.97947,1.009,1.0091,1.0377,1.014
11.904,10.34,11.324,10.723,10.122,11.19,10.201,10.251,10.55,9.6559
34,34,34,34,34,36,34,36,34,34
34,36,32,39,35,34,36,34,35,36
426.54,510.51,336.34,369.1,351.74,295.53,372.25,409.89,351.49,426.59
426.54,510.51,336.34,369.1,351.74,295.53,372.25,409.89,351.49,426.59
60.199,59.575,55.744,56.394,55.337,48.727,54.518,52.275,56.3,54.272
1.6788,1.9569,1.7697,1.6756,1.599,1.4683,1.4682,1.5083,1.6823,1.7034
7.4131,7.7548,7.1561,6.9601,7.0082,6.1612,6.6828,6.8116,7.2176,7.1766
48.163,58.524,39.479,34.855,36.843,32.595,37.45,43.257,39.439,49.196
-19.387,-23.12,-17.284,-18.763,-18.747,-12.906,-18.737,-24.233,-17.119,-18.783
-33.883,-36.579,-36.209,-30.588,-38.036,-31.905,-32.815,-31.291,-32.802,-30.348
1.6532,3.2949,1.4541,2.8814,2.4549,1.4992,2.9701,2.1297,2.8701,2.4843
75.662,78.907,78.18,75.923,77.374,75.507,76.191,79.167,78.221,80.67
15.695,18.089,16.281,16.21,14.148,13.16,14.214,15.762,14.539,15.734
136,178,147,122,133,114,128,133,119,140
8,10,38,13,32,41,27,13,8,46
3808.7,3112.2,3249.3,3860.2,3042.6,4185.9,4029.1,3358.9,3889.2,3887.8
5.8996e+07,5.9179e+07,5.0812e+07,6.7075e+07,5.03e+07,6.2555e+07,7.4011e+07,5.7363e+07,6.4877e+07,7.0642e+07
0.25915,0.21176,0.24083,0.27864,0.22551,0.35456,0.29339,0.26811,0.29892,0.27822
842.03,707.01,698.82,7658.8,565.25,7116.8,6571,676.51,3212.7,3955.2
