16932,16137,15357,16981,17343,16705,17154,16498,17662,16526
15331,15725,16207,15109,16118,16338,16841,16396,15229,15324
5859,3573,3360,3547,3687,3422,3328,3296,3484,3296
3804,1257,1175,2234,1924,1076,1693,2087,2134,1712
0.35074,0.64819,0.6503,0.37017,0.47817,0.68556,0.49129,0.36681,0.38749,0.48058
11469,13008,12710,13405,12610,12065,11468,11866,13554,14199
0.80007,0.92295,0.87192,0.90464,0.83743,0.80767,0.82061,0.94708,0.98697,0.88622
62,11,12,73,44,12,59,73,82,56
184.98,1182.5,1059.2,183.63,286.59,1005.4,194.37,162.55,165.29,253.55
1.0263,1.0231,1.0292,1.0513,1.0226,1.0403,1.0392,1.0184,1.0334,1.0296
0.97954,0.96872,0.98225,0.99024,0.99019,0.98314,0.98145,0.97227,0.98973,0.98702
13.216,11.594,10.291,10.084,10.158,11.435,12.167,11.16,10.114,9.9908
30,29,30,31,23,32,31,30,30,29
32,28,29,30,29,32,30,29,29,30
406.42,310.75,315.72,320.84,283.25,346.42,394.83,354.63,386.63,420.93
406.42,310.75,315.72,320.84,283.25,346.42,394.83,354.63,386.63,420.93
58.333,59.917,53.669,54.054,49.541,52.214,56.352,54.446,56.405,56.902
1.5361,1.8609,1.3923,1.6375,1.3517,1.5243,1.4692,1.4902,1.4022,1.6496
7.0687,7.3742,6.1449,6.4123,5.3359,6.5011,6.9867,6.6007,6.6876,7.1647
43.529,36.998,36.457,40.167,21.088,39.294,49.475,37.757,49.02,52.117
-21.901,-13.972,-13.603,-14.244,-10.266,-19.878,-17.043,-16.828,-19.345,-11.996
-12.729,-17.568,-11.446,-7.3821,-9.8499,-4.7524,-17.046,-13.274,-17.198,-11.972
2.2028,2.7518,3.7098,4.2014,3.8115,4.2016,2.6949,3.4364,2.5535,4.7828
71.098,69.606,72.156,72.083,73.541,75.436,76.731,75.507,76.375,75.304
19.636,20.273,19.265,18.496,18.539,18.41,18.38,18.883,20.439,19.95
152,126,136,124,114,126,132,122,146,143
21,17,29,27,21,33,18,31,22,6
5235.9,4347.4,3494.4,2135.5,3284.3,3678.4,3589.7,2184.7,2872,2678.6
6.0051e+07,5.6551e+07,4.4414e+07,2.8627e+07,4.1415e+07,4.438e+07,4.1166e+07,2.5923e+07,3.8927e+07,3.8033e+07
0.36526,0.30846,0.23972,0.14412,0.21811,0.24624,0.25686,0.17437,0.20913,0.16718
932.21,3901.9,3329.8,887.1,1059.6,3457.1,1029.7,892.17,787.01,1101.9
