16521,21250,11853,26844,7122.1,13442,22438,10277,19224,27350
15462,14065,13457,17537,15270,16494,18165,12688,15206,15585
2688,2547,2651,2573,2422,2729,2891,2572,2953,2838
334,966,371,480,1216,381,433,1074,1461,427
0.87574,0.62073,0.86005,0.81345,0.49794,0.86039,0.85022,0.58243,0.50525,0.84954
18021,13106,16433,11220,15241,17475,14745,16036,13455,11071
0.90663,0.818,0.90941,0.66528,0.83783,0.98009,0.81599,0.87576,0.68102,0.54379
3,37,5,5,57,3,4,45,73,4
6007,354.22,3286.6,2244,267.39,5825,3686.2,356.36,184.32,2767.8
0.96379,1.0058,0.99885,0.99562,0.98733,0.9874,0.99112,0.96266,0.9743,0.95992
0.99496,0.98243,0.95774,0.98838,0.94441,0.9541,0.97861,0.92899,0.97032,0.97574
8.0689,9.0799,8.6067,10.28,8.2085,8.117,8.7472,8.302,10.364,12.56
20,21,21,18,19,26,21,19,21,21
26,22,23,22,24,25,23,21,27,27
592.24,349.1,412.53,342.43,447.96,553.8,549.51,481.17,569.57,370.02
592.24,349.1,412.53,342.43,447.96,553.8,549.51,481.17,569.57,370.02
74.213,57.461,61.225,55.54,64.6,71.635,65.269,68.781,63.866,61.855
1.6033,1.7554,1.6242,1.8889,1.9768,1.9431,1.932,2.2084,1.7666,1.8242
8.1079,6.4291,6.9695,7.4828,7.4976,8.2509,7.5304,8.6987,7.6109,7.4305
56.663,25.293,28.453,41.323,41.523,36.511,40.981,37.949,64.402,41.92
-23.202,-11.788,-18.058,-15.815,-16.086,-26.793,-13.856,-22.282,-23.523,-15.452
-3.7412,2.6709,-2.0513,-11.861,-5.071,-0.10903,11.346,3.0161,7.3326,3.5942
15.038,11.086,12.597,9.469,13.104,13.407,9.9042,11.825,9.6398,8.2406
74.231,74.76,70.386,63.782,69.6,77.201,74.446,69.432,76.011,67.586
17.197,15.339,15.618,14.397,15.743,15.462,15.84,15.415,15.708,14.718
154,127,112,101,130,153,116,140,120,103
21,28,17,4,34,9,31,32,23,30
2198.3,1572.1,1910.4,2374.8,2052.3,1456.6,2360.9,1762.6,2360,3541.3
3.9616e+07,2.0604e+07,3.1394e+07,2.6645e+07,3.128e+07,2.5454e+07,3.4811e+07,2.8265e+07,3.1754e+07,3.9206e+07
0.1106,0.098124,0.10572,0.14081,0.11282,0.081694,0.13065,0.096259,0.11945,0.17394
8637.3,715.99,4849.9,2795,779.02,6795.7,3177.2,807.63,667.53,5435.2
