14224,14568,13712,14417,14272,13327,14462,14249,13397,14223
15566,15765,15473,14599,14733,15471,14737,15970,15059,14281
2822,2869,3391,3265,3109,2937,3109,3385,3391,2875
184,917,158,1534,1061,861,1529,334,1602,945
0.9348,0.68038,0.95341,0.53017,0.65873,0.70684,0.5082,0.90133,0.52757,0.6713
16135,15490,16085,13852,13554,11865,14099,16681,17228,14745
1.2401,1.0045,1.1035,0.99127,1.0136,0.8873,0.93631,1.2041,1.2436,1.3162
3,49,4,88,54,49,86,6,87,52
5378.3,316.12,4021.2,157.41,251,242.14,163.94,2780.2,198.02,283.56
0.98973,0.99783,0.9953,1.01,0.98936,1.0214,1.0264,1.0054,0.99957,1.005
1.0013,0.98173,0.96786,1.0032,1.0039,0.98341,0.9856,0.93937,0.93973,1.001
9.2649,9.9521,8.7758,10.155,10.527,11.335,9.4149,9.536,8.7226,9.143
26,30,29,30,30,30,32,34,35,26
29,29,35,29,29,30,33,35,35,30
291.01,300.05,354.76,248.07,278.04,263.99,333.82,292.46,322.17,311.97
291.01,300.05,354.76,248.07,278.04,263.99,333.82,292.46,322.17,311.97
60.907,58.278,52.385,48.812,50.79,51.306,51.777,51.717,53.295,59.246
1.8021,1.7928,1.1724,1.4841,1.5623,1.6095,1.3132,1.4435,1.4521,1.6664
7.7015,7.2846,5.6765,6.2736,6.3332,6.5714,6.1714,6.1514,6.3354,7.2514
34.675,29.558,33.304,24.862,29.046,26.014,37.181,27.287,33.982,30.609
-18.636,-14.672,-15.567,-14.956,-12.896,-11.871,-17.775,-12.396,-14.038,-13.832
-29.709,-29.418,-24.442,-32.265,-31.006,-31.326,-29.27,-27.97,-26.83,-24.859
0.47577,1.0298,6.6959,2.8702,3.0945,0.69561,3.8674,5.8383,5.8392,1.8168
65.545,64.13,63.173,62.984,62.055,62.364,63.889,69.275,64.511,66.504
13.673,14.178,10.522,12.479,11.829,13.237,14.542,12.988,13.607,12.531
108,100,92,97,98,95,103,108,104,104
8,23,34,26,27,21,27,15,18,26
3933.5,4430.2,3423.1,3146.3,3537.4,4084.3,3595,4020.5,2818.9,2969.6
6.3466e+07,6.8623e+07,5.5061e+07,4.3582e+07,4.7945e+07,4.846e+07,5.0686e+07,6.7066e+07,4.8564e+07,4.3787e+07
0.30232,0.2873,0.23483,0.22515,0.26453,0.30544,0.23874,0.29023,0.20349,0.26507
2548,669.08,5504.5,502.22,572.77,468.64,562.58,4299.8,574.58,507.26
