13955,15136,15467,15427,16758,15325,15039,18922,17527,17029
18142,18686,17400,17971,18336,17895,16524,17468,18378,17291
2291,2422,2432,2157,2375,3094,4594,4135,3422,2025
1088,1134,1304,670,950,1464,2900,1092,1001,882
0.5251,0.53179,0.46382,0.68938,0.6,0.52683,0.36874,0.73591,0.70748,0.56444
14546,14944,16086,15788,16433,13305,16781,17823,18320,17476
1.5479,1.3631,1.4055,1.3105,1.4668,1.2409,1.6988,1.6257,1.6712,1.7478
26,34,36,8,38,46,83,7,6,34
559.46,439.53,446.83,1973.5,432.45,289.24,202.18,2546.1,3053.3,514
0.97382,0.98303,0.98307,0.9773,0.98588,0.99813,1.0102,1.002,0.98867,0.99235
1.0537,1.0406,1.0459,1.0384,1.032,1.0049,1.0164,1.0483,1.0241,1.058
7.1225,7.1532,7.2459,7.1524,7.5075,7.1721,6.0345,7.8826,6.8792,6.1604
22,20,20,22,20,20,18,20,24,20
21,18,19,20,20,21,21,20,23,19
253.74,222.4,241,224.84,239.56,180.67,237.68,495.86,239.54,308.94
253.74,222.4,241,224.84,239.56,180.67,237.68,495.86,239.54,308.94
45.725,41.8,48.368,48.026,47.885,34.091,33.513,54.361,45.609,53.582
1.7617,1.4211,2.1071,1.8378,1.8278,1.144,0.84075,1.3151,1.3797,1.9726
6.7652,5.8604,7.284,6.971,6.2051,4.5686,3.9546,6.1842,5.5613,7.5731
32.866,24.919,31.32,21.518,22.055,26.209,29.147,50.959,23.867,37.422
-11.585,-11.355,-11.584,-11.357,-9.8257,-9.8453,-10.275,-22.148,-11.299,-14.96
-22.57,-26.59,-24.875,-15.921,-21.316,-24.094,-21.745,-38.678,-30.258,-26.426
13.532,10.964,12.313,12.824,13.014,7.9096,8.0667,10.325,11.145,15.605
89.811,89.91,88.554,87.367,91.552,91.286,95.836,100.82,95.723,96.156
19.678,18.355,23.572,19.296,18.96,20.238,22.374,22.606,25.009,28.057
183,142,233,147,134,144,156,167,200,216
37,40,40,42,41,13,4,10,27,32
2310.3,1819.3,1899.3,2391.3,2493.5,1191.5,1038.9,4135.5,2784.9,1398.5
3.3606e+07,2.7188e+07,3.0552e+07,3.7754e+07,4.0976e+07,1.5853e+07,1.7433e+07,7.3707e+07,5.1019e+07,2.444e+07
0.24586,0.16595,0.16595,0.1985,0.22258,0.11113,0.10517,0.37722,0.25405,0.13986
1297.3,1215.7,1278.4,4393.5,1117.8,873.49,566.48,5625.8,5628.4,1251.3
