11931,14101,14063,14795,14622,12089,13238,13417,13890,13410
13950,14109,14092,13879,13942,14795,14144,14258,14553,14409
3265,3407,3291,3406,3416,3093,2922,3047,3307,3172
1168,276,236,325,313,997,1292,1356,1016,952
0.64227,0.91899,0.92829,0.90458,0.90837,0.67766,0.55784,0.55497,0.69277,0.69987
19958,21944,23732,23830,24178,21100,21596,21795,21497,23036
1.416,1.5703,1.7131,1.7053,1.6725,1.5364,1.5726,1.6752,1.5252,1.6205
57,4,6,5,4,52,77,81,57,54
350.14,5486,3955.3,4766,6044.5,405.77,280.47,269.07,377.14,426.59
0.94347,0.95422,0.94244,0.96175,0.96213,0.94959,0.9607,0.94074,0.9486,0.94665
1.0141,1.0178,1.0229,1.043,1.0271,1.0176,1.0187,1.0227,1.0545,1.0151
8.2571,8.1152,7.6002,8.1806,8.0187,7.7025,7.0967,7.5444,8.0399,7.6623
12,13,15,15,13,13,12,13,15,14
25,26,24,24,26,22,24,24,27,22
308.32,351.05,422.31,352.54,338.99,342.21,338.2,384.71,353.2,363.2
308.32,351.05,422.31,352.54,338.99,342.21,338.2,384.71,353.2,363.2
52.771,52.989,54.923,55.922,56.857,52.123,53.96,54.21,56.945,57.51
1.5537,1.6405,1.7554,1.8979,1.8815,1.7482,1.7023,1.8727,1.767,1.8275
6.1108,6.5245,6.9624,7.2709,7.1735,6.7704,6.9755,7.2131,7.2448,7.34
28.315,32.561,43.12,33.717,37.802,35.071,38.507,39.016,34.994,39.637
-14.813,-15.298,-18.861,-16.669,-14.572,-15.822,-17.55,-17.278,-14.913,-15.33
-2.7813,-6.0733,-6.4253,-7.1431,-5.1205,-8.6438,-10.32,-13.542,-12.011,-11.357
0.33474,0.57999,2.4533,2.0135,0.69419,1.3404,2.5216,2.6448,2.4618,2.3101
84.687,87.038,87.086,89.225,83.006,87.719,87.425,92.084,89.65,92.815
21.094,23.252,19.028,23.227,19.272,21.972,19.658,20.679,21.523,22.221
172,180,145,208,146,174,182,162,185,182
15,14,34,32,1,14,32,44,2,31
4915.8,6192.6,6179.1,7554,6919.1,4792,3709.5,4172,5040.2,5226.4
9.811e+07,1.3589e+08,1.4664e+08,1.8001e+08,1.6729e+08,1.0111e+08,8.011e+07,9.0928e+07,1.0835e+08,1.204e+08
0.34876,0.44315,0.44605,0.54058,0.47863,0.34894,0.27012,0.32068,0.35759,0.36767
785.96,7112.6,4199.4,5692.3,6789.4,891.12,637.48,652.35,789.04,769.99
