15579,14938,21147,23882,10474,7469.7,17744,25478,16731,25173
14550,15345,15394,16226,16177,17243,17288,16706,17068,16600
1062,1062,1354,1235,1297,1291,1359,1140,1359,1297
309,440,578,510,22,400,0,277,21,0
0.70904,0.58569,0.57312,0.58704,0.98304,0.69016,1,0.75702,0.98455,1
9532,8092,9781,8688,9185,11419,9880,7546,11617,10078
0.6381,0.58924,0.74488,0.56346,0.66299,0.78336,0.65094,0.59657,0.82419,0.63862
19,29,38,33,2,26,1,18,2,1
501.68,279.03,257.39,263.27,4592.5,439.19,9880,419.22,5808.5,10078
0.91856,0.96406,0.96568,0.95643,0.92592,0.95723,0.94963,0.97895,0.96474,0.96736
1.0283,1.025,1.0325,1.0163,1.0654,1.0864,1.0296,1.0088,1.0532,1.0134
9.0836,8.6577,8.1735,9.8454,9.9399,8.8802,9.8121,10.275,8.4228,8.9202
10,8,10,10,12,14,14,10,12,12
11,11,13,12,12,15,13,12,13,13
314.61,362.35,337.35,363.86,361.43,481.8,393.69,325.15,341.44,362.63
314.61,362.35,337.35,363.86,361.43,481.8,393.69,325.15,341.44,362.63
78.03,72.03,64.574,79.435,73.403,82.516,80.298,68.471,70.061,78.895
2.6972,2.4979,2.0987,2.5859,2.3195,2.5434,2.4152,2.4509,2.2853,2.3307
9.695,9.3906,8.4577,10.014,9.3248,10.836,10.277,9.0216,8.8406,9.5054
31.772,36.358,33.708,36.327,33.828,48.281,48.767,31.578,29.561,36.047
-18.775,-16.123,-15.894,-17.215,-14.993,-22.581,-16.742,-16.257,-15.013,-19.363
-7.7704,-10.068,-9.859,-5.2456,-6.5122,-12.879,-13.101,-22.259,-13.658,-21.809
8.3732,7.939,8.1623,7.7418,8.0314,8.5634,8.0184,6.2142,9.5197,8.4114
73.269,76.167,78.161,79.167,78.427,81.685,88.281,81.313,90.54,85.244
22.918,16.896,16.516,18.685,18.961,20.592,19.957,16.861,19.424,17.357
121,114,125,124,137,134,143,121,141,134
13,33,28,38,22,7,21,33,41,36
4451.9,2358.4,2413.1,2756.5,2970.7,2465.7,4782.2,3278.3,3689.4,4589.1
4.2436e+07,1.9084e+07,2.3603e+07,2.3948e+07,2.7286e+07,2.8156e+07,4.7248e+07,2.4738e+07,4.286e+07,4.6249e+07
0.29803,0.17173,0.18377,0.17877,0.21443,0.16915,0.31508,0.25918,0.26175,0.2908
1165.1,640.92,634.6,657.84,484.59,794.42,0,789.09,729.88,0
