8161.2,9439.5,9770.7,24716,23672,9267.4,7647,8245.1,24656,23778
9517.2,15901,22328,9298,16672,9152.9,15335,22379,11081,19483
2979,2994,3078,3156,3047,2917,3016,3016,2979,2968
99,1300,121,115,1351,1264,1335,1318,1306,1311
0.96677,0.5658,0.96069,0.96356,0.55661,0.56668,0.55736,0.563,0.5616,0.55829
13504,14894,14894,14100,11915,15639,14149,14248,14646,14050
1.1799,1.1447,1.2004,1.064,0.86755,1.2247,1.1514,1.1828,1.2406,1.1434
3,80,4,3,82,79,82,84,81,80
4501.3,186.18,3723.5,4700,145.3,197.96,172.55,169.62,180.81,175.62
1.0057,0.99985,0.99851,0.99331,0.99646,0.97442,0.98804,0.99262,1.0057,0.99692
1.0295,0.99098,0.97961,1.0145,1.0036,1.0186,0.98238,0.97139,0.99719,0.99873
9.9393,10.453,9.6498,10.03,11.307,8.6829,8.9031,9.1868,8.5415,9.6567
31,31,33,31,34,31,31,31,29,31
32,31,32,29,28,31,31,28,31,31
325.71,307.36,267.24,387.21,312.8,308.96,360.79,365.6,255.12,286.62
325.71,307.36,267.24,387.21,312.8,308.96,360.79,365.6,255.12,286.62
46.089,51.011,45.208,50.624,47.486,48.368,46.174,44.847,41.579,48.646
1.7064,1.871,1.5176,1.5751,1.6647,1.5116,1.5623,1.3714,1.3963,1.7519
6.3094,7.0711,5.886,6.7146,6.3915,6.0826,5.9017,5.7005,5.2219,6.5159
29.358,33.335,24.303,46.162,36.874,27.882,29.227,34.457,23.781,33.102
-16.052,-14.712,-13.534,-17.149,-15.319,-21.567,-16.988,-24.19,-11.088,-14.477
-23.114,-34.769,-31.06,-27.67,-24.93,-29.817,-28.065,-23.872,-25.933,-22.594
1.0612,1.2535,1.1655,-0.68276,-0.68345,0.93364,0.54226,0.73759,0.84357,-0.51136
72.109,84.368,84.811,77.264,84.856,75.197,80.414,80.432,79.653,83.425
13.74,18.198,16.352,15.963,16.788,15.438,18.045,17.595,14.343,15.687
114,154,134,138,146,119,133,190,125,142
26,17,18,16,18,11,20,21,19,26
4027,4150,4576.5,4545.7,4392.7,3653.6,4251.8,4365.8,4301.7,4327.4
5.438e+07,6.181e+07,6.8162e+07,6.4095e+07,5.2338e+07,5.7139e+07,6.0159e+07,6.2204e+07,6.3002e+07,6.0801e+07
0.35185,0.31896,0.36883,0.34302,0.31984,0.28611,0.34601,0.36243,0.36436,0.35217
1462.5,524.7,1058.7,1562.4,484.31,485.53,459.71,431.51,444.64,505.87
