15600,15411,16656,15341,15241,16385,16941,15440,16865,17079
15521,15738,17221,17439,16980,16227,15702,16838,15241,14830
2516,2609,2594,2719,2510,2641,2604,2360,2468,2625
1546,1383,903,893,746,1572,1576,723,1544,1413
0.38553,0.46991,0.65189,0.67157,0.70279,0.40477,0.39478,0.69364,0.37439,0.46171
12461,12014,12660,11270,11568,12363,12363,11965,10923,14298
1.0449,1.0724,1.1549,0.9848,0.88916,1.0161,0.98675,1.0033,1.0188,1.2901
55,40,7,6,5,55,56,5,54,35
226.56,300.35,1808.6,1878.3,2313.6,224.78,220.77,2393,202.28,408.51
0.99383,1.0068,1.0147,1.0244,1.029,1.0358,1.0497,1.0146,0.99873,1.0013
1.0015,0.98071,0.9595,0.97332,0.97607,0.97804,0.98189,0.97816,0.97466,0.98607
9.9537,10.483,9.6441,10.102,10.907,9.9706,9.8818,9.6239,9.9526,8.4435
20,23,22,21,23,25,21,20,21,21
23,23,23,22,24,24,24,24,23,24
308.96,304.02,294.24,287.72,355.79,360.64,299.96,300.45,253.49,309.04
308.96,304.02,294.24,287.72,355.79,360.64,299.96,300.45,253.49,309.04
51.489,49.912,51.401,50.266,56.665,54.674,57.866,56.282,50.856,56.033
1.7389,1.6657,1.7363,1.5915,1.4185,1.6791,1.6659,1.7465,1.6429,1.7158
6.937,6.7411,6.9762,6.3749,7.2666,7.3658,7.1617,7.3746,6.4734,6.5747
29.957,35.558,33.094,29.793,41.234,40.462,40.706,30.379,21.246,28.833
-15.695,-15.892,-11.922,-13.832,-16.703,-19.064,-14.48,-15.964,-11.818,-13.626
-43.088,-43.454,-38.417,-37.992,-40.166,-42.419,-40.017,-37.749,-36.718,-37.805
1.8271,2.0688,0.64911,-0.32624,-0.89728,0.28195,-1.5826,-2.5229,-0.6876,-0.19794
68.771,62.672,61.966,68.3,59.678,64.738,63.07,67.622,61.506,62.069
20.282,16.535,11.965,17.979,14.796,17.219,17.006,16.881,17.766,15.726
138,142,95,159,118,142,104,116,116,117
23,12,22,10,20,29,3,10,10,14
3469.1,4318.7,4126.9,5080.4,5232.4,3242.1,3640.5,4737.4,3160.4,3484.5
4.3229e+07,5.1885e+07,5.2247e+07,5.7256e+07,6.0528e+07,4.0082e+07,4.5007e+07,5.6683e+07,3.4521e+07,4.9821e+07
0.29089,0.38549,0.37648,0.44393,0.40218,0.26646,0.29056,0.39723,0.29478,0.3144
1099.8,1422,6025.1,5831.8,10031,1126.9,1078.4,9459.3,971.04,1508.2
