12585,14074,15693,15671,15040,14967,14114,13987,14704,17191
19847,19074,19811,18733,18817,19449,19903,19886,20419,20257
1266,1276,1354,1359,1297,1323,1401,1375,1228,1360
198,183,193,551,450,224,267,716,617,219
0.8436,0.85658,0.85746,0.59455,0.65305,0.83069,0.80942,0.47927,0.49756,0.83897
12461,13256,12263,12411,11767,12461,14199,13902,13752,12908
1.217,1.1706,1.3051,1.1979,1.2059,1.3093,1.5307,1.3739,1.4093,1.3736
4,5,3,25,18,4,6,35,29,3
3115.2,2651.2,4087.7,496.44,653.72,3115.2,2366.5,397.2,474.21,4302.7
0.93176,0.93237,0.94005,0.92698,0.92192,0.94423,0.94051,0.94134,0.94077,0.94948
0.97279,0.97682,1.0038,0.97396,0.98124,0.98434,0.99215,0.98484,0.98151,0.98522
6.7852,6.8765,7.3868,7.1304,6.971,6.6472,6.2977,6.5973,6.3645,6.8033
11,11,11,12,11,11,11,13,11,11
12,10,12,13,12,10,12,12,10,13
291.93,291.9,244.07,282.15,313.36,248.26,273.9,287.8,287.7,271.58
291.93,291.9,244.07,282.15,313.36,248.26,273.9,287.8,287.7,271.58
64.974,73.66,64.324,64.688,66.19,64.867,65.395,64.561,73.303,64.938
2.4707,2.4546,2.401,2.161,2.0571,2.0082,2.4688,2.2083,2.6007,2.5375
9.0387,10.261,9.2623,8.6254,8.9941,8.3335,8.9395,8.5916,9.9725,9.3045
33.78,33.922,31.239,29.015,36.005,29.744,29.092,32.72,33.461,34.013
-13.971,-16.976,-14.05,-17.022,-16.876,-13.214,-12.113,-13.38,-16.865,-16.888
-29.282,-12.227,-32.953,-29.099,-20.755,-17.446,-24.944,-17.537,-25.937,-22.953
-5.0122,-4.0684,-4.6373,-1.9291,-3.8669,-4.3933,-4.7786,-4.5098,-4.2397,-4.3657
91.58,86.991,90.103,97.286,98.991,97.018,94.058,100.17,93.443,93.862
24.67,25.132,21.127,23.565,23.506,28.457,23.631,25.868,23.066,23.408
151,153,123,185,163,180,156,159,142,143
21,18,22,28,34,28,20,24,35,20
1597.6,1781,1484.2,1489.1,1116.3,1570.7,1753.5,1147.9,1448.2,1758.1
1.9908e+07,2.3609e+07,1.8201e+07,1.8481e+07,1.3135e+07,1.9573e+07,2.4898e+07,1.5959e+07,1.9916e+07,2.2694e+07
0.15603,0.15727,0.15796,0.14372,0.11439,0.16504,0.18903,0.11344,0.14841,0.18709
2147.2,1455.5,5913.8,1024.4,986.54,2270.6,2209.1,961.11,911.79,4135.3
