10281,9534.9,8678.6,9040.5,9900.8,11424,11309,10263,10146,10782
12064,12708,15847,18483,20827,22928,11560,13520,17541,21405
1875,1937,1775,1860,1797,1812,1860,1828,1656,1682
63,811,469,0,0,501,763,490,670,0
0.9664,0.58131,0.73577,1,1,0.72351,0.58978,0.73195,0.59541,1
15390,14596,13405,12859,13207,14497,14496,13603,11170,12065
3.9922,3.462,3.7092,3.3357,3.9155,5.2317,4.4576,4.7053,3.5664,3.71
4,52,30,1,1,32,49,31,43,1
3847.5,280.69,446.83,12859,13207,453.03,295.84,438.81,259.77,12065
0.99933,0.99902,0.99928,1.0031,0.99844,0.99829,1.0018,0.99037,0.99035,0.9926
0.99702,0.9762,1.0133,1.0192,0.99881,1.0195,0.99631,1.0029,0.99435,0.97495
2.7137,2.6618,2.5028,2.8841,2.8894,2.7102,2.768,2.6892,3.2029,3.0989
10,10,10,12,11,11,13,10,10,11
16,16,15,19,17,17,17,16,14,14
121.59,109.34,119.36,109.34,111.81,131.21,147.12,121.59,121.59,112
121.59,109.34,119.36,109.34,111.81,131.21,147.12,121.59,121.59,112
24.757,22.801,21.602,21.181,23.486,23.747,25.343,23.022,22.242,22.196
0.7703,0.59947,0.70257,0.72227,0.67174,0.68036,0.72942,0.67848,0.63736,0.68777
3.1709,2.8594,3.0292,2.7493,2.9709,3.06,3.3225,2.9711,2.8675,2.8074
13.919,9.66,13.667,10.964,12.08,12.137,15.315,14.421,12.398,12.189
-7.0538,-5.1984,-5.4766,-4.8041,-5.5722,-5.7572,-7.7891,-6.5507,-5.6668,-5.308
-11.565,-6.9424,-14.144,-11.783,-10.861,-7.4286,-12.873,-9.3108,-11.186,-6.2491
8.7811,6.9072,6.8378,6.1589,6.4998,7.401,7.8274,7.3821,5.6972,6.9476
67.005,66.031,67.704,69.706,69.11,64.339,68.766,72.13,68.595,71.905
14.142,14.101,12.117,14.2,10.382,9.7966,12.152,16.225,12.399,13.753
111,111,105,104,95,87,107,110,110,109
12,9,28,9,30,17,18,11,21,26
573.6,413.88,349.83,702.64,760.5,398.11,370.95,363.51,658.35,995.92
8.8277e+06,6.041e+06,4.6894e+06,9.0352e+06,1.0044e+07,5.7715e+06,5.3773e+06,4.9448e+06,7.3538e+06,1.2016e+07
0.14879,0.098169,0.096798,0.18227,0.22547,0.14367,0.11407,0.12574,0.2102,0.30625
249.93,212.26,207.69,0,0,261.62,206.68,249.45,219.85,0
