12542,13974,11392,13431,14173,16740,13557,14022,17355,16326
14122,15287,14158,16043,16959,14535,18090,15587,15432,15355
1073,1010,1141,1250,1422,1313,1265,1281,1307,1344
526,0,658,451,339,703,677,360,703,730
0.50979,1,0.42331,0.6392,0.7616,0.46458,0.46482,0.71897,0.46213,0.45685
20802,22093,17427,14894,22887,18369,18915,19908,17972,18915
1.3181,0.87331,0.93327,0.84104,0.93131,0.74744,0.82207,0.79072,0.78518,0.8052
31,1,27,21,4,32,34,7,33,31
671.03,22093,645.44,709.24,5721.8,574.03,556.32,2844,544.61,610.16
0.95836,1.0145,1.0411,0.96024,0.96597,1.0024,0.96287,1.0049,0.9978,0.90364
1.0935,1.1832,1.0352,1.0757,1.0182,0.99189,1.0146,1.0019,0.99108,1.0206
5.683,6.5579,6.8864,8.9974,8.539,8.9478,8.6306,7.9649,9.0235,7.5376
10,13,9,10,11,10,9,9,10,9
10,11,9,13,13,11,11,9,11,9
534.96,820.7,481.91,508.43,649.45,586.08,651.08,752.33,554.29,655.23
534.96,820.7,481.91,508.43,649.45,586.08,651.08,752.33,554.29,655.23
99.262,145.08,96.826,102.4,132.59,120.99,124.76,119.26,117.43,105.73
3.8222,4.6237,3.5296,3.4272,4.658,5.0128,4.7474,4.4421,4.8763,4.5284
12.009,19.334,13.389,13.392,18.068,17.101,16.83,15.972,17.103,15.311
52.036,93.69,41.106,50.378,69.894,55.243,59.883,74.841,64.107,69.994
-15.728,-42.32,-20.883,-23.767,-33.165,-25.088,-30.793,-33.794,-33.698,-28.221
-34.8,-28.59,-37.698,-20.691,-28.489,-23.862,-22.089,-33.78,-26.085,-25.02
14.049,21.809,-4.884,6.9359,-12.384,-0.74349,-3.0943,10.874,12.491,-0.61352
56.15,53.434,60.727,58.204,59.045,56.373,60.431,64.337,67.2,65.835
18.76,18.323,19.542,17.685,19.379,21.089,16.859,19.894,23.212,24.075
99,94,116,91,98,110,95,114,121,117
10,11,20,1,13,11,8,10,19,1
2937.9,5458.1,3106.5,7190.6,8985.8,7740.8,8082.6,9098.5,9553.8,6062
6.1114e+07,1.2059e+08,5.4137e+07,1.071e+08,2.0566e+08,1.4219e+08,1.5288e+08,1.8113e+08,1.717e+08,1.1466e+08
0.18616,0.21575,0.16636,0.40604,0.36565,0.31498,0.35128,0.36138,0.41739,0.25806
1432.7,0,1893.2,1680.9,10851,1861,1762.5,4085.7,1754.9,1680.6
