16404,13178,14771,17082,17877,14724,14614,16198,16685,17517
16851,10638,18542,14149,21139,11014,13086,20388,16385,22927
1235,1391,1500,1464,1531,1453,1338,2968,1640,1484
507,78,46,63,69,116,415,1277,525,698
0.58947,0.94393,0.96933,0.95697,0.95493,0.92017,0.68984,0.56974,0.67988,0.52965
26462,24277,25370,25171,24973,26660,26759,24128,27703,25916
1.997,1.8834,2.171,1.8996,1.8846,2.1912,1.9315,1.8718,1.8697,2.2177
33,2,2,2,3,3,26,80,27,40
801.88,12138,12685,12586,8324.3,8886.7,1029.2,301.6,1026,647.9
0.99102,0.96933,0.99573,0.97903,0.97507,0.9967,0.97258,0.9023,1.0117,0.99894
0.96816,0.93754,0.95823,0.95208,0.95405,0.9571,0.93335,2.8774,0.95308,0.95799
3.8011,4.5421,4.0726,4.0364,4.1054,3.7938,3.8659,3.4869,4.015,3.7285
14,16,18,15,17,15,14,14,17,17
14,14,16,15,16,16,14,25,16,17
437.02,453,462.12,391.37,493.23,364.16,416.27,473.93,461.99,425.49
437.02,453,462.12,391.37,493.23,364.16,416.27,473.93,461.99,425.49
84.5,87.52,74.816,77.518,79.958,81.084,84.866,59.559,79.95,78.071
2.814,2.6543,2.613,1.9844,2.2697,2.1281,2.236,0.98405,2.2532,2.375
10.893,10.761,10.663,9.1718,10.626,9.7258,9.7647,6.9474,9.509,10.463
39.539,49.057,53.655,39.181,57.411,42.484,34.481,63.366,47.983,48.318
-31.519,-19.211,-22.464,-17.602,-22.288,-16.284,-23.213,-22.163,-28.707,-18.045
-23.171,-30.818,-26.967,-28.791,-27.227,-25.434,-22.003,-23.808,-33.58,-27.225
22.619,22.38,20.448,20.375,19.17,22.359,24.28,9.441,20.806,21.768
109.99,91.606,104.24,100.55,95.86,94.73,106.69,84.801,101.64,85.743
35.772,22.564,32.634,29.635,27.379,25.872,38.284,36.026,33.093,20.518
227,174,197,255,219,226,231,228,233,164
38,44,17,24,31,35,11,16,19,28
2122.7,3289.2,2456.6,2494.8,2603,2348.2,2643.1,1249,2106.1,1609.6
5.6171e+07,7.9852e+07,6.2323e+07,6.2796e+07,6.5005e+07,6.2603e+07,7.0726e+07,3.0136e+07,5.8344e+07,4.1714e+07
0.16019,0.25517,0.21021,0.18827,0.19644,0.193,0.19078,0.096897,0.14214,0.13774
833.76,6525.3,5078.6,6341,2408.4,4546.2,768.25,317.34,908.89,862.94
