15480,14428,15392,15284,14981,15329,15674,15619,15526,15684
15815,14128,15399,15140,15153,15666,16620,14929,15055,14330
2463,2484,2485,2563,2516,2588,2687,2682,2557,2619
725,725,1053,1079,1083,21,1133,42,64,758
0.70564,0.70813,0.57626,0.57901,0.56955,0.99189,0.57834,0.98434,0.97497,0.71058
29540,30583,30533,30285,29242,29937,30682,29589,30335,30235
1.624,1.617,1.5742,1.4044,1.4802,1.4533,1.507,1.4976,1.3912,1.5029
46,46,68,69,70,2,73,3,4,48
642.17,664.85,449.01,438.91,417.74,14968,420.3,9863,7583.8,629.9
1.0201,0.99375,0.98849,1.0182,0.99014,0.99481,0.99278,1.0122,1.0189,0.99841
0.90525,0.92316,0.89491,0.91422,0.8913,0.89677,0.89966,0.883,0.93143,0.94676
7.0473,7.1005,7.1721,7.2441,7.8562,7.5702,7.0087,7.8568,7.353,7.2451
26,28,26,28,28,28,29,28,26,27
22,26,24,22,26,24,27,24,24,26
539.06,496.19,549.03,531.79,586.95,536.43,530.41,479.03,551.22,525.16
539.06,496.19,549.03,531.79,586.95,536.43,530.41,479.03,551.22,525.16
102.05,99.499,103.54,98.986,108.13,99.266,96.566,98.283,99.163,99.731
3.2355,3.0612,3.0397,2.8389,3.46,3.0345,2.6824,2.9367,2.9148,2.9678
13.07,12.165,13.031,12.148,13.948,12.551,10.85,12.217,12.008,12.524
61.961,58.445,63.791,57.777,61.492,62.681,60.536,56.646,66.84,59.601
-26.212,-22.118,-28.412,-27.538,-26.634,-23.405,-21.373,-22.441,-23.147,-25.663
-14.114,-7.4741,-10.878,-6.1909,-3.7284,-6.9685,-2.4596,1.1911,-7.924,-5.1471
5.9347,7.6879,8.1456,6.6612,6.9002,7.2321,7.6419,6.3494,6.4972,8.1223
93.895,91.514,89.665,86.86,94.374,93.465,98.376,97.111,96.283,94.905
19.994,22.327,21.839,22.059,19.728,19.781,26.006,22.046,22.449,21.507
160,175,151,151,156,154,245,188,216,165
23,27,22,35,32,42,26,36,48,29
6078.2,6937.8,6183.9,6622.8,6818.7,8024.5,6060.1,6831.3,7529,6936.5
1.7955e+08,2.1218e+08,1.8881e+08,2.0057e+08,1.9939e+08,2.4023e+08,1.8594e+08,2.0213e+08,2.2839e+08,2.0973e+08
0.33415,0.36681,0.31882,0.30712,0.34515,0.38954,0.29766,0.34577,0.34529,0.34479
926.19,900.39,877.32,830,888.7,566.68,771.58,303.77,864.87,878.05
