18903,18668,18283,18039,17775,19735,17519,17671,18212,16170
12508,12078,11977,12548,12282,12179,11964,6552.8,6367.2,7132.4
1969,1922,1922,2323,2057,2359,2266,2094,2093,2119
905,177,198,1084,966,1104,1066,1007,689,1019
0.54038,0.90791,0.89698,0.53336,0.53038,0.53201,0.52957,0.5191,0.67081,0.51911
24078,24625,24277,24376,23383,23831,22838,22590,24078,23781
1.8855,1.9654,1.7834,1.7749,1.7972,1.6348,1.7886,1.8206,2.8552,2.7039
50,3,4,57,53,61,61,55,35,56
481.56,8208.3,6069.2,427.65,441.19,390.67,374.39,410.73,687.94,424.66
1.0684,1.0575,1.0741,1.0403,1.0432,1.0574,1.0521,1.0886,1.0529,1.086
0.99452,1.0278,0.97969,0.99106,1.0004,0.9902,0.98738,1.0167,1.0407,0.9885
4.6125,4.4264,4.5122,5.1682,4.7482,5.5877,5.765,4.6381,3.9863,4.1917
10,7,9,10,8,9,10,13,7,11
18,16,16,21,20,21,17,19,16,18
311.55,364.66,360.64,384.05,345.28,350.93,301.68,341.02,300.53,368.2
311.55,364.66,360.64,384.05,345.28,350.93,301.68,341.02,300.53,368.2
57.759,63.087,61.256,62.789,56.966,60.811,59.958,59.207,50.364,52.335
1.8651,2.0823,1.7517,1.7446,1.6355,1.9788,1.6731,1.5409,1.5064,1.3753
6.8901,7.8017,7.3006,7.6589,6.5866,8.0202,6.9735,6.949,5.9826,6.0213
29.72,34.885,35.309,38.381,32.593,35.115,29.18,34.102,22.095,37.556
-13.909,-18.233,-16.455,-20.369,-15.302,-17.755,-13.405,-18.026,-12.316,-15.585
-9.7285,-12.904,-14.45,-15.017,-13.071,-10.171,-12.192,-11.142,-8.4064,-10.057
0.98742,0.31616,1.5918,-0.66058,1.0133,0.1199,0.93555,-0.22884,2.1079,1.4232
77.368,72.758,74.196,75.256,75.309,70.117,70.341,67.387,69.759,69.929
15.053,16.386,14.436,15.87,14.483,15.357,16.561,14.92,16.093,14.38
147,147,118,118,114,108,140,115,151,116
44,19,40,21,36,31,21,32,4,36
1700.1,2249.5,2477.5,1738.2,1583.6,2014,1720.4,1371.2,1491.4,1189
4.0936e+07,5.5393e+07,6.0146e+07,4.2371e+07,3.703e+07,4.7995e+07,3.929e+07,3.0975e+07,3.591e+07,2.8275e+07
0.13314,0.17954,0.18199,0.12656,0.12172,0.13816,0.13473,0.11051,0.17685,0.13519
740.71,5422,4195.1,731.33,709.92,755.1,724.43,637.76,621.3,667.42
