4217.1,11757,18173,24218,5561.9,21808,11800,20305,26045,4570.4
15942,20082,20978,20616,16606,10548,18443,18619,19250,16998
2385,3119,3390,2937,2916,2604,3109,3088,2734,2437
476,834,2000,1651,693,636,1508,1710,1483,1363
0.80042,0.73261,0.41003,0.43786,0.76235,0.75576,0.51496,0.44624,0.45757,0.44071
10426,11667,11419,11121,12312,15192,12114,11319,9731,9830
0.46783,0.70692,0.87771,0.75669,0.71975,1.3001,0.6935,0.86201,0.6676,0.63256
7,7,74,63,5,6,54,76,63,53
1489.4,1666.7,154.31,176.52,2462.4,2532,224.33,148.93,154.46,185.47
1.0351,1.0312,1.017,1.0191,1.0309,1.0379,1.0115,1.0144,1.0265,1.0211
1.0406,1.0483,1.0205,1.0033,1.0127,1.0162,1.0663,1.0085,1.0167,1.0187
11.713,8.7737,8.6114,10.408,9.8005,6.6149,11.439,8.6377,10.477,11.107
22,17,19,19,20,17,19,19,19,15
21,21,22,24,22,22,26,22,22,20
373.33,307.73,283.91,374.02,300.86,456.03,699.23,269.71,297.05,337.13
373.33,307.73,283.91,374.02,300.86,456.03,699.23,269.71,297.05,337.13
67.581,50.086,45.087,60.151,58.562,64.134,86.863,45.936,54.821,60.146
1.8834,1.2533,0.99349,1.3275,1.7521,1.5954,1.6709,1.1818,1.3262,1.579
8.0969,6.1723,4.9909,6.4262,7.1334,7.6257,9.6553,5.4164,6.4123,7.4321
40.948,42.156,28.046,36.471,31.43,62.572,81.468,25.839,31.402,33.59
-18.228,-24.114,-11.868,-18.441,-14.699,-20.862,-37.086,-10.42,-13.267,-20.565
-30.043,-44.54,-40.261,-33.625,-34.379,-32.666,-31.1,-38.074,-41.528,-28.107
7.0693,5.3352,4.6203,5.629,5.9214,6.0679,5.4774,5.0924,4.9242,5.4356
64.369,77.726,74.04,70.559,72.538,75.373,77.361,84.414,67.099,73.429
17.229,23.878,20.728,17.801,19.62,26.984,24.136,29.29,19.477,19.782
107,155,172,142,167,255,152,199,108,132
12,20,6,17,18,19,9,12,9,34
1969,2115.8,1309.6,1724.3,1638,3274.6,1913.1,1243.2,1859.2,1349.1
2.0529e+07,2.4685e+07,1.4955e+07,1.9176e+07,2.0168e+07,4.9748e+07,2.3175e+07,1.4072e+07,1.8092e+07,1.3262e+07
0.088352,0.1282,0.10066,0.11732,0.095758,0.28024,0.10952,0.094679,0.12755,0.086815
2690.4,1902.5,506.76,702.68,4124.1,2787.8,800.6,509.23,586.23,767.33
