9853.5,8979,9046,8102.8,9220.5,8599,8556.2,9128,8963.8,9389.1
11036,11183,16057,20094,10537,14938,19082,22570,9022.9,12214
2438,2344,2698,2844,2266,2260,2729,2900,2370,2640
1314,214,459,731,376,235,318,1043,527,1363
0.46103,0.9087,0.82987,0.74297,0.83407,0.89602,0.88347,0.64034,0.77764,0.48371
23979,22739,25271,21795,23533,24972,24774,24277,21596,26114
5.239,4.3898,5.1166,5.0265,4.6508,6.2807,5.016,4.2877,5.6035,6.3755
58,4,6,5,5,5,5,48,6,66
413.43,5684.8,4211.8,4359,4706.6,4994.4,4954.8,505.77,3599.3,395.67
0.99848,0.99265,0.99708,0.98877,0.99059,0.99052,0.99442,0.99836,0.98912,1.0048
0.95573,0.90041,0.93869,0.92699,0.9623,0.95566,0.9432,0.92503,0.97872,1.0012
3.0489,2.6542,3.5525,3.6553,3.3369,3.2118,3.2949,3.7844,3.0638,3.245
20,17,30,27,22,25,25,29,21,26
21,23,25,22,22,22,29,27,24,23
174.98,175,190.12,180.43,218.4,184.96,183.85,211.39,180.4,178.41
174.98,175,190.12,180.43,218.4,184.96,183.85,211.39,180.4,178.41
36.768,31.694,37.433,32.25,38.716,35.259,33.887,37.266,30.368,33.671
1.3187,0.78019,1.3008,1.0154,1.3506,1.2075,1.0367,1.1449,1.1521,1.117
5.1266,3.5199,4.9642,4.3427,5.1835,4.7,4.4028,5.0435,4.3333,4.4091
19.381,18.345,25.124,21.291,23.82,16.272,19.881,24.833,18.201,17.84
-8.0275,-7.5637,-8.3589,-11.093,-11.956,-9.0611,-8.6979,-9.6391,-9.1468,-7.4483
4.1074,-3.8944,-2.7954,-0.93232,-1.6521,0.57698,-2.3841,-2.1423,1.6029,2.9469
13.095,9.9743,11.713,9.7497,11.914,11.388,11.178,10.795,11.469,11.303
61.582,53.194,61.817,59.748,61.933,64.454,61.301,58.705,56.212,60.044
15.58,13.963,17.163,14.834,13.343,14.978,13.788,11.992,13.369,13.669
123,98,116,112,117,101,107,89,88,103
16,11,13,16,36,12,14,8,23,10
633.92,803.55,1035.6,1129.3,970.46,878.39,776.94,996.13,637.23,737.63
1.5201e+07,1.8272e+07,2.6171e+07,2.4614e+07,2.2838e+07,2.1935e+07,1.9248e+07,2.4183e+07,1.3762e+07,1.9262e+07
0.1385,0.15513,0.20968,0.26046,0.19179,0.22092,0.15731,0.17593,0.16534,0.18009
411.85,1838.4,1980.1,2655.7,2327.3,2344.2,1571.5,507.22,1723,456.62
