21906,25099,15305,20748,6243.7,15151,23136,23922,15733,26438
15459,17199,9282.4,10628,16567,15292,14805,18103,18725,18358
1484,1401,1469,1369,1422,1578,1594,1526,1463,1469
634,766,786,729,611,334,319,823,765,297
0.57278,0.45325,0.46494,0.46749,0.57032,0.78834,0.79987,0.46068,0.4771,0.79782
7447,6504,7894,8738,7943,8390,8639,6354,6950,7198
0.89593,0.71987,1.0082,1.1892,0.75792,0.76537,0.90774,0.75356,0.79031,0.89183
25,35,31,34,24,3,3,33,36,3
297.88,185.83,254.65,257,330.96,2796.7,2879.7,192.55,193.06,2399.3
1.0035,1.0002,1.0046,1.0142,1.0048,1.0031,1.0023,1.002,1.0033,0.99528
1.0253,1.0113,1.0399,1.026,1.0868,1.0454,1.0268,1.0171,1.0253,1.0098
7.4541,8.54,6.8617,6.5901,8.2627,7.8809,7.7228,8.5886,8.4047,7.4496
11,10,10,11,10,10,11,12,11,11
11,10,10,10,10,10,11,10,9,10
214.77,218.67,175.55,193.01,222.4,220.62,199.4,187.49,183.89,165.94
214.77,218.67,175.55,193.01,222.4,220.62,199.4,187.49,183.89,165.94
41.495,43.301,37.615,44.802,47.712,50.682,46.138,41.151,41.045,36.383
1.4577,1.6008,1.4337,1.5287,1.679,1.796,1.697,1.2715,1.6064,1.4839
5.8851,5.6943,5.1018,6.1306,6.8771,6.6826,6.3225,5.2281,5.7962,5.2464
24.522,22.492,19.049,23.033,31.787,24.324,27.595,23.16,23.046,16.988
-10.275,-9.2745,-10.605,-12.041,-11.219,-10.601,-12.238,-9.2225,-8.652,-9.7749
-30.107,-31.466,-18.681,-22.486,-27.785,-36.356,-38.382,-23.731,-33.377,-19.181
3.8528,3.829,4.3844,4.1572,6.2322,6.4068,5.6922,3.6562,4.5584,3.7565
74.634,67.302,70.619,77.078,75.094,92.875,81.907,69.746,75.815,63.719
17.041,17.571,13.622,19.653,16.486,35.529,21.015,19.766,18.298,17.081
124,110,108,144,114,255,141,122,122,102
28,22,36,19,39,31,29,15,34,13
1957.8,1688.6,1725.3,1559.9,2766.9,3101.3,2471.4,1496.4,2366.1,2114.8
1.458e+07,1.0982e+07,1.362e+07,1.3631e+07,2.1978e+07,2.602e+07,2.135e+07,9.5083e+06,1.6445e+07,1.5222e+07
0.23554,0.18689,0.22035,0.21229,0.26402,0.28291,0.25968,0.17747,0.26906,0.26202
697.29,631.64,640.77,661.81,824.9,1723.2,3665.4,617.22,596.9,4179.6
