18532,19891,27264,7879,17697,18397,18597,27288,26943,27079
9894.9,16950,10749,22610,10485,17020,23583,10243,17326,22630
2307,2062,2104,2562,2563,2468,2234,2260,2219,2125
396,835,265,1019,1344,1004,1156,1192,1137,412
0.82835,0.59505,0.87405,0.60226,0.47561,0.59319,0.48254,0.47257,0.48761,0.80612
7944,7397,7000,6951,7249,7547,7497,6206,7050,6553
0.74091,0.60197,0.76453,0.71234,0.69163,0.71191,0.76829,0.59212,0.64307,0.68856
2,35,2,38,60,39,56,53,54,3
3972,211.34,3500,182.92,120.82,193.51,133.88,117.09,130.56,2184.3
1.0288,0.9974,1.0165,1.0162,1.0419,1.0129,1.0075,1.0408,1.0015,0.99353
1.0061,1.0172,1.0066,1.0615,1.0155,1.0114,1.0015,1.0037,1.006,1.0124
6.6371,6.7976,6.3642,6.5928,6.8043,6.8181,6.7279,7.3301,6.6588,6.6067
12,14,14,14,14,12,14,14,14,12
18,18,16,18,18,18,18,16,16,18
173.38,144.49,169.98,152.87,194.89,173.23,123.03,169.96,144.95,120.78
173.38,144.49,169.98,152.87,194.89,173.23,123.03,169.96,144.95,120.78
29.194,27.097,24.697,23.734,26.892,25.533,23.871,29.382,24.258,22.757
0.88778,0.81474,0.80916,0.62052,0.65008,0.80214,0.7873,0.70802,0.74736,0.76125
3.9223,3.3105,3.4174,3.0188,3.396,3.5717,3.1917,3.3538,3.2627,2.9116
24.137,11.935,17.108,15.306,19.296,19.649,11.391,14.998,17.501,9.9093
-7.7269,-7.3259,-9.7105,-8.9371,-9.7544,-9.8272,-5.0273,-8.5657,-6.2284,-5.8639
-3.8325,-1.5486,-10.601,-1.4355,-5.8376,-5.1565,-2.1039,-4.5407,-10.275,-4.1945
4.5308,4.4389,3.3763,3.4503,2.9151,3.044,3.8756,2.7801,3.7823,4.0918
61.161,67.832,56.79,63.271,65.523,69.573,61.309,59.513,64.797,64.474
15.563,13.816,11.806,11.079,15.264,12.603,11.422,11.748,12.971,11.379
101,97,88,92,138,95,88,93,95,87
6,26,16,26,7,19,13,21,21,15
2088.7,1486.4,1867.4,1375.8,1357,1535.2,1379,1520.9,1756.3,2020.4
1.6593e+07,1.0995e+07,1.3071e+07,9.563e+06,9.8368e+06,1.1586e+07,1.0338e+07,9.4388e+06,1.2382e+07,1.324e+07
0.1948,0.12097,0.20395,0.14099,0.12947,0.14481,0.14132,0.14511,0.1602,0.21229
7529.7,415.98,6160.1,371.02,309.77,430.8,350.07,300.49,334.53,3691
