7871.6,10175,10510,10125,11006,18793,6671.9,8550.8,10130,11584
7975.9,13372,17256,20129,21781,20200,8541.2,12683,17176,20771
2651,2484,2698,2500,3016,2682,2750,2619,2557,2589
589,1227,422,981,500,537,1181,398,375,402
0.77782,0.50604,0.84359,0.6076,0.83422,0.79978,0.57055,0.84803,0.85334,0.84473
14100,18270,17972,18170,17724,18369,16532,16880,15887,15639
2.6604,2.2305,2.4864,2.5138,2.0723,2.3825,2.8592,2.5949,2.2351,2.2002
5,63,7,41,6,4,45,6,4,6
2820,290,2567.4,443.17,2954,4592.2,367.38,2813.3,3971.8,2606.5
1.0177,1.0235,1.009,1.0159,1.0509,1.0158,1.0138,1.0051,1.0104,1.0123
1.0693,1.0264,1.0174,1.0228,0.90544,1.065,1.0966,1.0708,1.0623,1.0869
3.0147,3.1319,2.9359,2.7747,2.8548,2.71,2.7726,2.9764,3.1695,3.2938
13,16,17,16,17,17,19,15,16,21
21,25,27,23,25,24,27,25,25,25
80.764,100.84,101.57,101.68,101.57,113.34,92.565,120.81,100.5,93.622
80.764,100.84,101.57,101.68,101.57,113.34,92.565,120.81,100.5,93.622
17.456,20.989,19.726,17.874,19.52,21.268,17.459,19.447,18.509,17.77
0.55495,0.78579,0.71726,0.46691,0.45003,0.77706,0.56198,0.57539,0.49286,0.55834
2.5828,3.0464,2.9365,2.3508,2.4938,3.2642,2.5894,2.8414,2.4136,2.7126
12.08,9.9011,13.353,8.8704,10.184,15.324,11.553,16.874,9.6552,14.901
-4.32,-7.2889,-5.0783,-4.094,-5.5123,-7.2889,-5.3321,-6.96,-4.82,-6.2388
4.926,-9.0787,-12.576,-3.6324,-6.7028,-1.2046,-4.3203,-1.368,-8.7101,-2.8263
6.4718,8.875,7.1983,7.5618,5.8529,9.0494,7.039,7.0002,6.8665,6.4851
68.081,83.031,80.364,82.047,79.492,79.932,72.04,81.829,84.91,84.084
15.332,14.1,16.526,14.235,12.567,16.107,14.01,15.665,15.583,11.933
99,116,120,106,113,120,97,115,129,131
12,37,25,5,19,4,22,38,33,46
213.22,239.22,328.62,210.61,218.89,267.91,169.46,329.34,388.63,372.36
3.0064e+06,4.3706e+06,5.9059e+06,3.8268e+06,3.8796e+06,4.9213e+06,2.8015e+06,5.5593e+06,6.1741e+06,5.8233e+06
0.04023,0.029206,0.045464,0.029138,0.025592,0.034749,0.029308,0.050629,0.054675,0.052386
2277.8,344.9,1845.2,435.79,2237.3,2578.1,386.61,2030.3,3352.8,2023.6
