16246,16493,17994,17646,16086,17824,18409,16763,16137,16927
16396,16737,16234,15758,16278,23481,20015,18265,18012,19950
2203,1922,2276,2265,2312,4484,3697,3853,3500,3469
471,360,1249,977,518,2795,767,1845,1986,1930
0.7862,0.8127,0.45123,0.56865,0.77595,0.37667,0.79253,0.52115,0.43257,0.44364
26660,23136,27306,28448,29242,27206,28646,29391,25965,27555
1.6894,1.5488,1.7848,2.0715,2.1107,2.5374,1.9023,1.6942,1.5849,1.7731
5,3,53,40,7,81,6,49,74,76
5332,7712,515.21,711.2,4177.4,335.88,4774.3,599.82,350.88,362.57
1.0235,1.022,1.0328,0.98316,1.0376,1.0035,1.0112,1.0409,1.0167,1.0287
1.0138,1.0268,1.0618,1.0447,1.1231,0.98826,1.0299,0.99522,1.0086,0.97932
6.1468,5.3396,5.4278,4.4037,4.8921,4.389,4.7321,5.7394,5.0988,4.7112
21,18,21,19,22,22,18,24,14,18
20,16,18,19,18,23,23,23,17,19
423.8,439.39,353.06,397.31,350.95,253.65,321.22,368.52,368.52,313.74
423.8,439.39,353.06,397.31,350.95,253.65,321.22,368.52,368.52,313.74
82.943,74.166,69.041,65.016,61.088,43.832,52.689,63.763,67.131,58.338
2.6526,2.8305,2.6473,2.0173,2.2069,1.4,1.2142,1.4213,1.6782,1.2411
10.549,9.7211,9.4075,7.878,7.8823,5.4665,5.6569,6.6818,7.4311,5.6642
52.838,40.584,36.739,37.644,32.161,27.483,34.106,36.912,38.854,23.427
-22.08,-19.789,-15.627,-18.538,-15.469,-13.323,-16.009,-16.3,-20.368,-12.73
-26.639,-26.3,-25.563,-17.449,-23.878,-17.71,-20.681,-27.442,-20.906,-20.894
3.4945,-0.86036,0.66315,0.27853,2.3119,1.0059,3.9113,6.2027,4.688,1.294
61.669,61.226,54.962,54.356,57.101,45.199,53.239,53.567,48.929,54.018
16.244,14.999,13.808,12,13.924,12.836,13.121,14.232,13.735,12.106
97,99,90,93,91,78,84,83,90,85
8,3,16,20,24,1,19,10,4,25
6285.2,5288.7,3189.1,2742.9,4245.6,1914.3,3312.8,3427,2668,2094.4
1.6756e+08,1.2236e+08,8.7081e+07,7.8031e+07,1.2415e+08,5.2081e+07,9.4899e+07,1.0072e+08,6.9274e+07,5.7712e+07
0.39828,0.35404,0.20845,0.19973,0.30645,0.17854,0.21999,0.19754,0.16285,0.13477
7132.8,9550.9,1056.8,1031.7,3913.7,567.45,3902.2,1092.7,611.48,627.65
