18686,16436,16012,16843,17899,18321,18663,19100,17252,17387
16787,16568,17847,17534,18411,18085,18615,17581,17449,18717
760,838,750,797,828,812,760,765,719,796
144,309,0,322,21,0,299,277,293,358
0.81053,0.63126,1,0.59598,0.97464,1,0.60658,0.63791,0.59249,0.55025
14249,13007,12560,15539,13057,13504,15937,12908,11319,11370
1.1054,0.93886,1.0222,1.2169,0.95916,1.0379,1.0584,0.96537,0.77655,1.1652
10,20,1,22,2,1,20,18,20,20
1424.9,650.35,12560,706.32,6528.5,13504,796.85,717.11,565.95,568.5
1.0215,1.0056,0.97571,0.97878,0.97534,0.99683,0.99734,1.0263,0.98927,1.0028
1.0623,1.1015,1.0803,1.0784,1.0724,1.0768,1.0908,1.1092,1.0888,1.0556
5.1762,5.6761,5.7586,4.7737,5.712,5.0081,5.0096,5.8845,5.8945,5.1573
7,8,7,7,7,7,7,7,7,7
8,9,8,8,11,7,9,8,8,9
388.58,509.5,413.91,347.69,368.2,285.33,423.7,387.63,342.24,266.67
388.58,509.5,413.91,347.69,368.2,285.33,423.7,387.63,342.24,266.67
88.234,88.151,83.23,81.408,84.385,71.951,87.259,89.681,76.666,61.973
2.9542,3.4642,3.5529,3.1574,3.1149,3.5462,3.1962,4.3158,3.0105,2.383
11.914,12.722,11.344,10.448,11.46,11.05,11.813,13.057,10.67,8.9143
36.606,58.112,41.523,29.139,37.819,30.67,36.479,48.537,31.477,26.043
-18.12,-23.759,-18.303,-19.692,-18.779,-14.749,-17.993,-16.992,-16.404,-18.179
-35.633,-34.024,-37.659,-30.109,-27.262,-34.244,-32.736,-27.978,-30.926,-30.747
17.093,9.1275,13.158,20.464,15.174,1.5664,4.8847,15.787,15.349,3.1447
65.289,69.964,66.224,61.037,68.821,57.337,57.628,60.065,72.459,57.711
11.351,16.124,17.562,14.078,15.054,11.84,19.761,19.173,21.149,21.854
93,112,109,85,103,90,99,98,125,102
37,17,28,27,33,26,4,20,28,0
1602.5,1378.1,1831.3,1341,2031.7,2797.6,1016.9,1464.3,1317.1,1248.6
2.2834e+07,1.7926e+07,2.3001e+07,2.0838e+07,2.6528e+07,3.7779e+07,1.6207e+07,1.8902e+07,1.4908e+07,1.4196e+07
0.12432,0.099476,0.14904,0.10502,0.14925,0.21502,0.067534,0.10952,0.090362,0.12795
966.9,924.32,0,810.81,620.17,0,1168,957.24,1019.8,1085.8
