16614,15476,17155,16873,17172,17093,17916,17868,14810,17882
9049.7,9860.6,9766.9,9210,9087.8,8903.1,9527.7,8885.7,9614.7,9151.3
3406,3203,3531,3432,3391,3619,3478,3469,3687,3589
2077,1801,1628,793,2009,1152,1551,2040,1792,1055
0.39019,0.43771,0.53894,0.76894,0.40755,0.68168,0.55405,0.41193,0.51397,0.70605
25668,24824,23433,22788,22043,22688,24178,23781,24377,23086
2.7674,2.9865,3.189,2.5561,2.9042,2.6156,2.9085,2.5976,2.6981,3.042
77,69,53,9,78,11,44,74,55,13
333.35,359.77,442.13,2532,282.6,2062.5,549.5,321.36,443.22,1775.8
0.96369,0.97314,0.97701,0.97287,0.95447,0.96639,0.96449,0.94673,0.96597,0.9614
1.024,1.0843,1.0569,1.0233,1.0261,0.99191,1.0643,1.0629,1.0243,1.0098
5.8333,5.5945,5.741,5.9554,5.2908,5.678,5.1671,5.1103,5.803,4.9958
24,22,25,26,22,25,24,22,26,25
19,20,19,29,24,21,21,22,26,21
378.16,367.4,347.6,378.18,347.6,264.83,273.73,278,229.66,308.79
378.16,367.4,347.6,378.18,347.6,264.83,273.73,278,229.66,308.79
51.658,54.433,47.886,48.005,44.305,41.769,43.239,41.781,37.638,42.928
1.7109,1.8421,1.3812,1.4648,1.3163,1.3206,1.2996,1.3888,1.1595,1.1344
6.6644,7.1848,5.6189,5.9478,5.2504,4.9845,4.7858,5.0614,4.482,4.4386
39.811,38.657,40.74,40.895,36.76,19.458,20.057,26.718,26.917,22.322
-17.247,-19.318,-16.89,-16.46,-15.114,-10.593,-11.983,-12.332,-8.8311,-12.843
-17.735,-18.289,-17.931,-19.053,-12.525,-13.882,-14.072,-11.239,-13.999,-12.945
1.9652,7.9265,4.7736,4.6667,0.90703,-0.74141,2.487,2.7691,4.001,0.64418
40.105,43.77,39.669,41.695,39.929,37.902,41.8,39.373,39.185,41.208
12.184,12.941,13.503,11.79,12.061,11.265,12.55,12.116,14.467,13.102
73,90,82,75,76,79,86,71,82,75
4,8,6,7,5,10,3,0,1,3
2518.9,2217.6,2593.4,2971.3,2113.4,3396.6,2493.5,2375.1,1908.9,2970
6.4655e+07,5.505e+07,6.0772e+07,6.7709e+07,4.6587e+07,7.7062e+07,6.0287e+07,5.6483e+07,4.6532e+07,6.8566e+07
0.27158,0.2668,0.35294,0.33329,0.27845,0.39158,0.29995,0.25944,0.21127,0.39136
918.75,791.7,868.43,3372.4,610.77,3082.8,754.34,655.94,1165.4,2196.9
