13339,13502,12659,13075,12508,13732,12088,13016,12368,13392
9163.6,9785.3,9013.6,8734.2,8829.7,8219.2,11548,11604,10555,11958
4478,4266,4297,4573,3813,4573,4938,4671,3369,4291
2314,2225,611,881,1958,700,2535,2187,1649,689
0.48325,0.47843,0.85781,0.80735,0.48649,0.84693,0.48663,0.53179,0.51054,0.83943
23781,26164,22937,26015,20653,25667,21696,23830,23532,27505
4.2001,4.621,4.8823,5.5375,4.2866,4.3481,4.1884,4.3007,4.7645,4.5667
109,103,7,6,97,7,118,69,88,7
218.17,254.02,3276.7,4335.8,212.92,3666.7,183.86,345.36,267.41,3929.3
0.98249,0.98138,0.98673,0.98691,0.97131,0.98686,0.9953,0.98441,0.98969,0.99178
1.0466,1.0262,1.0238,1.0512,1.0258,0.99952,1.0711,1.0413,1.0479,1.0744
3.7771,3.5465,3.7378,3.9313,3.7029,4.0374,4.1135,4.171,3.5464,3.8813
32,32,30,39,24,38,32,32,28,38
42,41,36,39,34,36,46,45,44,53
114.76,133.86,148,129,161.04,137.9,115.39,131.41,153.3,154.32
114.76,133.86,148,129,161.04,137.9,115.39,131.41,153.3,154.32
21.433,25.117,21.124,23.368,21.243,22.783,20.899,24.294,24.294,25.769
0.73424,0.83492,0.68622,0.74977,0.64037,0.76859,0.61632,0.84895,0.75192,0.84775
3.0855,3.443,2.9595,3.1184,2.9409,2.9828,2.7249,3.3669,3.237,3.4996
14.154,19.14,17.665,12.667,19.35,12.421,13.245,14.785,16.094,17.635
-6.5067,-9.5699,-7.4041,-5.3605,-7.1724,-7.2878,-5.2002,-6.0286,-9.5845,-7.1089
-13.196,-11.22,-14.328,-13.083,-12.698,-17.088,-12.084,-12.877,-8.8576,-12.162
4.1208,4.8204,4.0202,4.3701,3.8275,4.9744,2.8434,5.0975,5.2323,5.3282
86.13,83.995,80.455,83.484,86.529,85.205,78.791,79.201,87.883,83.897
12.513,12.198,13.469,14.701,14.88,13.076,12.288,13.263,14.307,12.402
131,143,129,131,144,143,126,122,141,118
40,36,23,7,18,42,39,1,16,23
588.15,744.01,847.12,943.73,553.45,1073,644.31,895.95,597.13,979.96
1.3987e+07,1.9466e+07,1.943e+07,2.4551e+07,1.143e+07,2.754e+07,1.3979e+07,2.135e+07,1.4052e+07,2.6954e+07
0.10388,0.1314,0.18032,0.20088,0.11487,0.18177,0.12438,0.16169,0.1209,0.1627
293.15,305.94,1892,2877.8,308.85,1772.6,266.39,370.58,332.02,2111.6
