14498,13546,14298,14792,14708,15283,17173,16411,16061,14970
7162.6,8273.7,7866.1,8149.1,8449.7,8464,7481.8,8469.8,8231.1,8516.8
1745,1713,1703,1713,1656,1775,1682,1760,1656,1713
42,715,43,480,709,747,690,753,0,21
0.97593,0.5826,0.97475,0.71979,0.57186,0.57915,0.58977,0.57216,1,0.98774
14299,12461,13206,14943,11518,12114,13504,12908,12958,11866
2.0465,2.1551,2.284,2.4321,2.1247,1.9717,2.115,2.1431,2.1955,2.0519
3,46,3,31,46,48,44,49,1,2
4766.3,270.89,4402,482.03,250.39,252.38,306.91,263.43,12958,5933
0.95368,0.97649,0.96958,0.96152,0.96677,0.98019,0.95519,0.95318,0.9705,0.97551
0.99476,0.99117,0.99195,1.0139,0.99628,1.0206,1.0192,1.0145,1.0253,1.0072
4.5469,4.8939,4.4739,4.6416,4.3549,4.8825,4.5208,4.7376,4.7132,4.7405
15,15,15,17,15,17,11,15,13,13
21,17,17,19,19,19,19,19,19,19
482.08,423.2,382.78,439.45,331,327.6,335.46,276.1,467.23,264.83
482.08,423.2,382.78,439.45,331,327.6,335.46,276.1,467.23,264.83
56.873,48.932,54.82,53.587,44.917,42.676,45.531,41.94,53.894,40.418
1.5135,1.5009,1.4008,1.4992,1.1137,1.385,1.4188,1.1997,1.7522,1.1284
6.6402,6.1964,5.984,6.5086,4.6111,5.7739,5.7703,4.5865,6.6538,4.461
45.672,41.872,36.264,46.12,25.923,39.254,32.248,22.043,53.434,24.17
-22.21,-18.843,-18.584,-19.457,-13.007,-14.056,-15.352,-11.703,-20.654,-11.297
-23.307,-33.123,-28.354,-25.592,-19.679,-25.811,-14.833,-12.051,-19.79,-11.633
-0.31915,-1.1826,-2.143,-1.2257,0.11878,0.62012,1.3798,1.3455,-0.77565,-0.42132
80.88,82.116,84.029,81.128,80.928,81.749,76.018,78.768,82.228,79.733
15.216,16.102,15.718,14.979,15.607,17.064,15.371,14.887,15.486,14.587
126,136,124,112,124,133,110,118,121,113
42,32,37,31,25,27,34,26,32,23
1960.8,712.46,1244.9,1056.5,663.86,820.72,1249.9,847.53,1656.5,974.89
2.8038e+07,8.878e+06,1.644e+07,1.5787e+07,7.6464e+06,9.9422e+06,1.6878e+07,1.094e+07,2.1464e+07,1.1568e+07
0.28064,0.12322,0.21531,0.17195,0.12246,0.13358,0.19575,0.14072,0.28066,0.16858
129.81,365.43,201.67,467.91,309.42,345.45,362.82,369.78,0,130.55
