15019,16256,16260,16337,17352,17104,14622,15812,16285,16956
16060,15890,16041,15608,15400,15401,15020,14427,15322,14258
1923,1923,1933,1903,1672,1733,2053,1993,1913,1863
73,31,0,22,11,31,42,22,22,22
0.96204,0.98388,1,0.98844,0.99342,0.98211,0.97954,0.98896,0.9885,0.98819
21000,19362,18022,22738,19611,20405,16582,14546,16483,13604
1.5704,1.5757,1.5423,1.6132,1.5652,1.7108,1.1969,1.161,1.1795,1.3605
6,3,1,3,2,3,4,3,3,3
3500,6454,18022,7579.3,9805.5,6801.7,4145.5,4848.7,5494.3,4534.7
0.98516,0.97284,0.99179,0.98652,0.98362,1.0002,0.9889,0.97673,0.98083,1.0031
1.0347,1.0124,1.0203,1.0169,1.0001,1.0148,0.9916,0.98692,0.99861,1.0033
5.1529,5.1934,5.4124,4.9182,5.2299,4.8369,6.5191,6.4725,6.2346,5.1269
15,16,19,19,15,18,19,12,19,14
21,20,21,21,19,19,21,22,21,19
299.02,1850.9,390.54,1886,482,1150.1,245.81,367.16,263.32,192.02
299.02,1850.9,390.54,1886,482,1150.1,245.81,367.16,263.32,192.02
59.351,145.66,58.331,147.48,70.272,105.41,55.182,52.742,57.83,39.501
0.058644,11.064,1.7262,7.8744,2.5911,7.6339,0.60267,1.5396,1.1034,-0.12491
2.4925,127.86,26.162,120.8,35.653,87.774,8.5476,23.619,15.892,2.5903
6.8154,1673.3,359.29,1654.6,457.39,1094.9,117.9,330.35,216.39,5.0522
-6.4017,-88.63,-36.221,-175.68,-43.354,-96.976,-12.51,-32.746,-22.89,-24.515
-20.07,-24.792,-30.902,-30.762,-29.403,-27.033,-31.072,-21.069,-26.969,-17.445
7.4161,-2.465,7.2438,-0.67958,4.2289,13.262,3.8623,5.454,4.3114,5.351
88.974,88.83,84.49,89.219,91.219,91.474,85.32,89.811,89.233,88.154
17.365,16.093,14.76,15.952,16.756,17.832,13.63,17.315,14.416,14.524
150,134,126,131,144,163,136,144,123,135
13,36,38,20,32,34,34,31,13,38
1841,1918.5,1740.7,1985.5,1902.2,1348.9,2892,3903.3,2548.8,1584.3
3.8661e+07,3.7145e+07,3.137e+07,4.5146e+07,3.7305e+07,2.7524e+07,4.7954e+07,5.6777e+07,4.2013e+07,2.1553e+07
0.13768,0.15612,0.14897,0.14087,0.15183,0.1131,0.20875,0.31154,0.18239,0.15845
223.11,782.54,0,323.89,365.44,609.03,1242.5,198.6,524.61,695
