18221,16968,18216,17305,15950,21298,7459,17760,18446,7747.1
16515,16500,14980,16131,15808,17806,15257,16047,15957,15626
1322,1392,1392,1512,1332,1472,1462,1482,1472,1502
142,190,111,162,132,111,141,132,202,102
0.89259,0.86351,0.92026,0.89286,0.9009,0.92459,0.90356,0.91093,0.86277,0.93209
14299,16483,17724,17476,16085,14001,14993,16582,16781,14944
0.95722,1.1595,1.1961,1.0746,0.98905,0.88046,0.99562,1.1012,1.1513,0.93272
5,4,3,3,4,3,4,4,4,3
2859.8,4120.8,5908,5825.3,4021.2,4667,3748.2,4145.5,4195.2,4981.3
1.0005,1.0128,1.0117,0.99664,0.99247,0.99594,0.97798,0.99459,1.0069,1.0081
1.0117,0.9965,1.0034,0.98533,1.0184,1.0208,1.0689,0.99358,0.97559,1.0927
6.6037,5.661,5.8717,5.7525,6.633,6.8475,5.9742,5.496,5.8784,6.5366
13,13,13,15,13,15,15,16,15,14
14,15,16,16,15,16,16,16,16,17
219.56,412.22,1850.3,228.35,231.68,566.68,574.57,212.74,219.56,228.04
219.56,412.22,1850.3,228.35,231.68,566.68,574.57,212.74,219.56,228.04
54.164,58.889,165.27,51.659,60.31,66.265,62.055,47.391,57.15,54.511
0.065621,3.5475,11.606,0.034975,0.1155,3.3851,3.6979,0.048629,0.05527,0.051895
2.4846,37.273,147.05,2.4828,3.2742,43.673,47.581,2.5237,2.8395,2.612
5.7375,412.22,1666.3,6.6433,8.1166,509.22,549.77,5.666,7.2906,8.1416
-5.309,-19.554,-171.44,-7.6651,-14.712,-52.754,-48.087,-9.1947,-11.258,-8.0075
-27.073,-29.511,-29.223,-25.534,-35.775,-24.217,-32.532,-24.086,-30.389,-25.946
11.819,10.841,8.6053,12.855,12.46,9.2039,15.989,12.162,14.893,11.312
85.919,87.317,86.962,86.246,88.766,78.257,73.204,86.23,81.008,78.385
21.181,23.949,30.492,26.323,23.61,17.725,15.779,19.592,22.575,18.599
145,158,197,200,172,144,114,174,140,137
29,32,34,14,40,30,19,45,9,18
3176,2363.5,3114.7,3230.3,3057,2289.6,2070.8,2788.1,2663,2772.9
4.5414e+07,3.8957e+07,5.5205e+07,5.6453e+07,4.9172e+07,3.2057e+07,3.1048e+07,4.6232e+07,4.4687e+07,4.1437e+07
0.21262,0.16627,0.2102,0.19863,0.18797,0.14398,0.13751,0.18516,0.1827,0.17307
2082.6,2060.1,4262.2,3947.2,3015.3,3966.2,3283.4,2302.4,3028.9,4112.3
