13990,16798,15764,13150,14431,13504,14661,15207,16392,12954
17554,17631,17650,17783,16944,17968,17187,18490,17484,17583
1963,2193,2223,2133,2263,2033,2043,2133,2204,2043
132,162,123,151,162,232,163,182,202,132
0.93276,0.92613,0.94467,0.92921,0.92841,0.88588,0.92022,0.91467,0.90835,0.93539
21844,23881,25022,23632,24228,24575,23979,24724,23136,23185
1.5905,1.8022,1.9782,1.5948,1.5353,1.7586,1.6588,1.6551,1.746,1.7987
4,5,5,4,4,5,4,7,6,4
5461,4776.2,5004.4,5908,6057,4915,5994.8,3532,3856,5796.2
0.98563,0.97946,0.96523,0.96663,0.95583,0.97622,0.97069,0.98066,0.97228,0.97724
0.96244,0.99791,0.99622,0.95787,1.0825,1.0074,0.94967,0.97331,0.97304,0.9662
3.9989,3.5914,3.3938,3.8021,4.2184,3.7702,3.846,4.3897,3.9974,3.8874
19,11,17,14,15,16,17,17,15,16
22,22,26,22,22,18,22,24,20,22
260.92,423.3,160.34,552.35,236.46,275.51,187.41,737.21,346.53,843
260.92,423.3,160.34,552.35,236.46,275.51,187.41,737.21,346.53,843
38.991,42.659,34.223,57.52,49.595,45.016,42.044,68.404,45.656,69.683
1.2196,1.6895,0.028377,3.693,0.91915,1.3967,0.008428,3.1846,1.3756,3.4703
18.343,26.703,1.6077,41.254,14.448,19.279,1.8477,45.1,21.656,53.784
247.83,381.83,3.9054,515.63,208.24,259.95,5.2005,640.69,308.2,744.57
-23.487,-36.19,-5.4206,-31.534,-18.765,-12.994,-5.6668,-35.374,-31.534,-75.513
-22.502,-13.231,-19.338,-21.37,-25.229,-23.751,-21.469,-24.861,-28.115,-15.782
8.2427,8.9167,8.6896,11.736,8.9365,8.4597,7.8809,6.97,7.9605,7.8534
64.245,58.378,59.209,62.794,60.535,63.462,71.646,69.351,71.466,67.388
14.342,11.649,13.239,15.213,14.02,17.821,15.292,15.981,17.874,16.126
115,93,96,145,98,143,130,130,142,123
22,17,8,27,16,17,35,22,21,26
2616.1,3122.8,2438.3,3221.7,3703.3,3119.2,3465.5,4289.7,3436.5,3205.3
5.7146e+07,7.4575e+07,6.1012e+07,7.6136e+07,8.9725e+07,7.6654e+07,8.3099e+07,1.0606e+08,7.9507e+07,7.4314e+07
0.19048,0.23566,0.19277,0.21742,0.23467,0.22321,0.23973,0.28717,0.25934,0.24866
1460.2,798.82,837.8,638.35,1582.4,1649.6,1015.5,1002.9,1182.8,1329.9
