16584,19091,19371,14929,22778,18542,15087,22644,24566,9478.1
16418,14990,14675,16125,21311,9520.2,16438,17856,11810,12957
1502,1682,1672,1452,1652,1443,1552,1713,1553,1682
11,20,22,11,31,22,22,31,0,22
0.99268,0.98811,0.98684,0.99242,0.98123,0.98475,0.98582,0.9819,1,0.98692
15092,16781,16036,17923,14348,17923,14149,13256,13504,14050
1.3188,1.2328,1.2799,1.3051,1.3088,1.2195,1.1628,0.96527,1.3505,1.1901
2,2,3,2,3,3,3,3,1,3
7546,8390.5,5345.3,8961.5,4782.7,5974.3,4716.3,4418.7,13504,4683.3
0.99803,1.008,1.022,0.99112,0.99502,0.96239,0.99459,1.0256,0.97074,1.0054
1.0268,0.99591,0.97189,0.96589,0.98841,0.9731,0.9654,1.0072,0.99165,0.92844
7.2722,7.7639,7.3636,6.6549,7.9019,7.16,8.5862,8.428,8.2813,7.9309
18,18,22,19,21,19,20,18,18,21
17,16,16,16,16,16,16,16,16,18
566.68,1643,178.82,492.06,1094.2,723.73,194.39,931.8,1512.6,174.52
566.68,1643,178.82,492.06,1094.2,723.73,194.39,931.8,1512.6,174.52
60.601,174.99,44.994,60.162,89.866,71.195,47.881,87.088,123.4,41.319
3.1485,15.565,0.016753,2.6539,5.2781,4.0267,0.010453,7.4107,8.1224,-0.021971
43.144,159.1,2.6979,35.634,75.417,53.62,3.1428,77.923,112.32,2.481
524.43,1488.5,5.5208,424.89,959.29,638.75,7.335,851.56,1385.7,5.9332
-50.467,-149.51,-10.09,-43.176,-100.97,-63.933,-8.5607,-81.455,-137.56,-7.2473
-39.617,-34.542,-39.07,-35.208,-36.773,-25.202,-38.376,-33.207,-35.272,-24.744
11.634,13.778,9.0001,12.537,7.4179,12.64,9.0206,12.19,5.4574,8.3255
71.303,68.582,69.512,72.592,64.855,62.856,74.808,71.595,65.737,68.888
12.229,15.179,12.691,12.779,14.987,12.499,12.767,13.824,12.583,12.025
107,104,104,106,108,96,110,107,93,98
38,0,37,43,28,34,37,36,42,32
2764.4,3466.4,3215.9,2336.9,2531.6,3246.3,2720.3,2435.4,3267.9,1861.6
4.172e+07,5.8169e+07,5.1569e+07,4.1884e+07,3.6323e+07,5.8183e+07,3.8489e+07,3.2284e+07,4.413e+07,2.6156e+07
0.24156,0.25466,0.25667,0.17016,0.23092,0.22088,0.22356,0.17734,0.32682,0.15769
492.26,603,1200.7,1823.6,670.15,995.29,276.77,1303.9,0,1198.5
