15403,15871,17837,19828,17145,18595,17606,18305,17898,17887
12942,13684,13567,14000,15311,14022,13755,15553,14035,14004
2043,1993,2214,2303,2153,2213,2093,2163,2153,2113
101,122,143,142,152,110,142,110,152,190
0.95056,0.93879,0.93541,0.93834,0.9294,0.95029,0.93215,0.94914,0.9294,0.91008
9929,11071,11121,11121,9730,10277,8887,9433,8887,10277
0.76318,0.8509,0.78906,0.83919,0.78417,0.74181,0.58089,0.71838,0.6768,0.79728
3,4,5,4,4,2,5,2,4,5
3309.7,2767.8,2224.2,2780.2,2432.5,5138.5,1777.4,4716.5,2221.8,2055.4
1.0058,1.0151,0.99597,0.98347,0.9856,1.0009,1.0048,0.99807,0.9896,0.99503
0.96981,0.97178,0.97299,0.98639,0.98873,0.98469,0.97909,0.98703,0.97324,0.95655
10.34,9.3297,10.194,9.6927,11.656,11.322,12.84,11.901,11.352,10.205
12,12,14,14,14,14,12,17,12,17
19,19,20,19,20,20,18,19,19,18
1088.5,144.69,620.17,364.31,245.93,848.91,136.99,1085,843,364.45
1088.5,144.69,620.17,364.31,245.93,848.91,136.99,1085,843,364.45
93.821,35.805,53.569,39.421,40.547,71.348,38.903,82.09,64.097,46.319
7.3009,0.4014,2.4189,1.2583,0.97623,4.8221,-0.058148,4.3998,3.3656,2.793
82.851,6.3669,39.351,20.726,15.777,55.742,2.2658,70.278,53.469,30.69
979.66,83.366,568.02,303.19,221.83,728.1,4.83,1000.7,757.29,351.35
-99.198,-8.338,-55.67,-36.431,-20.208,-42.446,-14.9,-96.45,-75.739,-30.404
-7.4083,-0.048748,4.2037,0.0032387,-13.049,-8.4943,-5.4107,-7.1358,-4.3162,-1.0187
5.3454,3.4663,3.4057,3.0488,2.1886,2.0038,2.4679,2.3027,2.4444,3.6997
43.839,53.401,53.765,53.258,54.82,55.445,53.871,52.816,52.815,49.05
12.459,11.658,10.327,11.91,11.866,11.459,11.36,11.304,11.736,14.14
75,85,86,96,90,86,86,85,87,89
2,24,22,28,19,26,30,13,25,3
4280.2,4510.5,4641.6,3968.8,5999,6276.3,6770.8,6091.9,4986,5787
4.2498e+07,4.9936e+07,5.1619e+07,4.4137e+07,5.8371e+07,6.4502e+07,6.0172e+07,5.7464e+07,4.4311e+07,5.9473e+07
0.32899,0.34667,0.32933,0.29949,0.48348,0.45303,0.44257,0.46393,0.37971,0.44895
1121.8,774.88,594.27,1481.9,2453.9,1989.6,764.05,2530.4,1184.4,957.24
