17675,16533,17277,16335,15217,18742,16327,18072,17401,16060
12999,15631,15888,14730,14714,14936,15275,15140,14900,15390
911,921,892,871,992,1062,951,901,942,892
71,11,0,11,22,31,20,20,11,22
0.92206,0.98806,1,0.98737,0.97782,0.97081,0.97897,0.9778,0.98832,0.97534
16979,14497,13702,16086,18618,15937,17774,16681,17327,19958
0.95232,0.96268,0.88172,1.1413,1.2169,0.91235,1.1349,1.099,1.2728,1.6403
4,2,1,2,3,3,2,2,2,3
4244.8,7248.5,13702,8043,6206,5312.3,8887,8340.5,8663.5,6652.7
0.97204,1.0029,1.0032,1.0081,1.0078,1.0011,0.97115,1.0082,1.0134,1.0034
1.0131,0.96782,0.97697,1.0171,0.96693,0.99103,0.97651,0.99684,0.97357,0.92725
5.8455,6.0152,6.1923,5.3625,5.5308,6.1686,5.3632,5.5861,5.5715,4.9562
9,10,8,8,9,9,8,8,8,9
8,8,8,8,8,8,8,8,8,9
237.68,218.47,929.7,226.57,226.31,1092.6,219.73,1050,504.5,262.56
237.68,218.47,929.7,226.57,226.31,1092.6,219.73,1050,504.5,262.56
67.289,61.859,101.97,62.244,62.18,111.37,53.025,116.62,68.583,68.995
0.048098,0.12814,8.5155,0.1889,0.14686,9.1835,1.5125,10.612,4.4828,0.17886
3.2876,2.6032,87.771,2.6463,2.6963,97.91,15.277,104.03,47.175,2.9959
6.0759,6.7175,817.88,6.6985,5.9534,1001.3,145.67,979.45,454.05,6.9791
-9.8022,-8.2977,-84.722,-5.7398,-10.218,-51.582,-10.454,-48.937,-45.806,-5.8921
-25.198,-25.382,-27.121,-20.605,-21.72,-18.157,-15.035,-15.866,-16.015,-15.548
10.49,10.43,19.582,12.752,9.6835,3.9711,13.845,2.4506,9.2535,12.728
55.216,57.516,59.7,58.477,56.26,54.514,55.427,61.176,54.188,56.256
17.126,15.941,12.595,13.39,14.052,16.275,16.97,13.621,12.705,16.916
92,117,94,87,104,96,100,91,88,98
23,22,30,30,5,19,22,31,28,21
5322.2,5044.9,4721.5,5045.9,5353.3,7070.5,6131.5,5513,5107.9,4107.9
9.0366e+07,7.3136e+07,6.4695e+07,8.1168e+07,9.9668e+07,1.1268e+08,1.0898e+08,9.1962e+07,8.8504e+07,8.1985e+07
0.29851,0.33501,0.30383,0.35802,0.34989,0.40477,0.39151,0.3632,0.37522,0.33763
3416.8,845.78,0,829.48,1912.2,1298.8,0,1425,781.42,50
