14150,14001,14919,14795,16011,14891,15190,14999,15663,15810
15937,16314,15323,16027,16770,15668,15327,15261,16111,15704
2153,1903,1983,2364,2393,2364,1913,2293,2123,2123
232,123,31,563,60,604,202,312,100,291
0.89224,0.93537,0.98437,0.76184,0.97493,0.7445,0.89441,0.86393,0.9529,0.86293
13752,13951,14646,13405,14794,11915,13604,12808,13951,14000
1.9347,1.8381,1.9929,1.7948,1.4619,1.57,1.8511,1.6356,1.5239,1.614
4,4,3,5,4,7,5,5,4,4
3438,3487.8,4882,2681,3698.5,1702.1,2720.8,2561.6,3487.8,3500
0.99372,1.0059,0.98758,0.99757,0.99719,0.99174,1.002,0.9835,1.0046,0.99805
0.97525,0.97848,0.99879,0.98636,0.96248,0.97604,0.98391,0.95391,0.96334,0.96271
5.7415,5.4474,5.1844,6.7074,6.0348,6.4902,5.8277,6.7309,6.235,5.9338
19,17,18,17,22,20,17,21,19,20
17,14,15,17,17,15,15,17,15,14
155.57,138.78,950.73,298,260.92,92.777,260.92,198,497,688.55
155.57,138.78,950.73,298,260.92,92.777,260.92,198,497,688.55
27.445,29.768,79.5,36.361,32.149,20.873,30.953,23.43,51.186,58.351
0.62988,0.01409,6.2244,1.3504,2.3086,0.044542,1.1441,0.83849,4.7115,4.9906
9.5006,1.4034,70.639,20.276,22.496,1.1949,16.792,13.004,44.586,54.653
130.95,4.1654,840.77,273.2,241.12,2.5414,219.75,183.1,450.69,628.87
-12.797,-3.6749,-87.043,-24.685,-24.537,-4.2484,-26.092,-17.036,-38.477,-60.133
-27.501,-18.956,-22.707,-25.365,-21.939,-20.687,-23.511,-24.454,-22.047,-22.256
3.9677,4.5426,-0.77894,4.0379,2.0038,6.0379,4.8946,4.8226,9.2922,9.7455
65.929,64.044,69.245,70.226,68.767,67.76,68.989,72.74,71.904,67.349
11.496,12.12,12.827,11.961,12.761,15.381,13.583,14.508,14.484,12.078
99,95,103,107,92,109,112,118,107,108
28,23,35,38,12,11,15,35,28,31
2578.9,2382.6,2314.2,2463.5,4096.6,2226.8,2676.7,2926.5,4222.7,2671.8
3.5465e+07,3.324e+07,3.3894e+07,3.3023e+07,6.0605e+07,2.6532e+07,3.6414e+07,3.7483e+07,5.8911e+07,3.7405e+07
0.36282,0.31392,0.3149,0.32983,0.4048,0.29343,0.36423,0.37371,0.46125,0.30802
1938.1,1010.7,360.04,3854,175.85,2987.3,2477.3,3561.5,2171.3,3128.6
