16662,15397,15916,15469,14298,15297,14752,14731,11726,16988
18010,17857,18965,18590,17089,18095,17476,17460,17107,17848
4006,4055,3865,3996,4035,4066,4016,3966,4035,3786
975,1005,773,875,923,1205,931,1003,1164,895
0.75662,0.75216,0.8,0.78103,0.77125,0.70364,0.76818,0.7471,0.71152,0.7636
14994,13455,14397,15937,14348,16185,14794,16333,13901,16185
1.0918,1.1882,1.2714,1.3099,1.1793,1.2327,1.266,1.2439,1.1655,1.3435
9,15,10,10,11,13,6,13,14,10
1666,897,1439.7,1593.7,1304.4,1245,2465.7,1256.4,992.93,1618.5
1.0047,1.0115,1.0052,1.0141,1.0217,1.0127,1.0036,1.0257,1.0178,1.0175
0.98781,0.97752,0.99846,0.9818,0.97914,0.98478,0.97992,0.98646,0.97597,0.99132
8.3688,8.3952,7.8883,7.4284,7.9387,7.4388,8.0827,7.8409,7.8898,7.6762
17,20,24,30,22,20,24,20,24,20
26,26,27,25,25,26,23,23,25,25
169.16,154.24,156.2,260.54,464.42,188.24,158.36,506.47,141.94,188.24
169.16,154.24,156.2,260.54,464.42,188.24,158.36,506.47,141.94,188.24
31.11,28.147,29.12,32.5,37.716,33.132,29.545,42.29,27.982,32.988
-0.020425,0.0099104,0.36984,0.70286,1.5851,0.0096683,0.37643,1.9749,0.41178,0.4289
1.3342,1.1562,8.3503,13.985,25.293,1.1868,7.4677,27.646,7.6777,8.5508
3.7675,2.735,146.3,248.54,432.26,3.6779,129.62,464.14,130.92,145.57
-13,-3.2856,-14.315,-23.644,-39.897,-4.2013,-12.962,-43.242,-6.4212,-12.431
4.0445,0.43323,0.47924,-1.5991,2.7906,7.1388,4.8785,11.001,-0.58901,0.35996
6.5115,4.9775,5.7446,6.0282,6.9025,6.6455,5.5065,5.2083,6.1897,7.4091
56.674,56.384,61.346,59.399,60.87,58.05,59.475,60.217,55.851,61.457
12.023,12.333,13.956,14.695,13.857,13.82,12.858,12.691,12.543,11.828
84,93,97,105,107,96,108,109,93,98
18,16,11,14,22,11,19,21,20,3
3311.3,2478.1,2336.8,2308.3,2605.2,2778.1,2754.1,3175.4,2756.5,2914.5
4.965e+07,3.3343e+07,3.3643e+07,3.6787e+07,3.738e+07,4.4964e+07,4.0743e+07,5.1865e+07,3.8318e+07,4.7171e+07
0.24112,0.21884,0.20636,0.18972,0.21412,0.21159,0.23567,0.24183,0.23111,0.24193
3330.4,1892.3,2765.8,3118,2498.9,2508.8,4764.9,2274.1,2215.2,3461
