15334,15463,15280,14760,15697,15274,15019,14921,15009,13886
18683,18811,15658,18656,14974,13227,21477,17573,15196,22326
3385,3204,3585,3185,3294,2994,3115,3875,3345,3726
392,523,581,371,402,343,403,504,413,534
0.88419,0.83677,0.83794,0.88352,0.87796,0.88544,0.87063,0.86994,0.87653,0.85668
23781,23234,26561,21150,22739,23781,23185,23085,22440,23930
1.3073,1.321,1.5206,1.2277,1.2754,1.343,1.8156,1.3988,1.4667,1.8741
8,9,4,3,5,6,9,7,8,8
2972.6,2581.6,6640.2,7050,4547.8,3963.5,2576.1,3297.9,2805,2991.2
1.0162,0.98565,1.0278,1.0137,1.0314,1.037,1.0054,0.99737,1.0528,1.0079
1.0042,0.97128,1.0048,0.99234,1.0221,1.022,1.0022,0.9625,1.0639,1.0092
11.343,10.273,9.3928,10.698,10.332,10.119,9.469,10.168,10.344,9.0827
26,22,23,24,25,24,22,27,26,26
26,26,24,23,23,23,24,24,24,22
845.78,1237.9,1604.4,566.68,1571,911.62,740.02,234.64,468.88,594.5
845.78,1237.9,1604.4,566.68,1571,911.62,740.02,234.64,468.88,594.5
80.014,88.428,104.03,60.513,108.37,80.693,73.407,57.241,60.78,58.275
5.0598,3.6906,5.1887,1.7348,6.4001,3.0352,3.9447,0.18728,2.2473,1.3874
59.5,68.261,83.357,32.412,92.662,50.553,50.635,4.3847,30.27,28.094
780.33,1127.2,1420,540.59,1447.2,831.38,674.51,70.3,399.39,503.9
-77.182,-114.01,-76.585,-49.457,-137.28,-43.994,-56.558,-8.01,-44.564,-54.029
-43.567,-38.151,-36.446,-34.825,-34.993,-35.121,-30.859,-35.651,-37.945,-34.748
7.7072,9.7561,6.9373,5.3439,8.5522,7.5825,5.322,7.9044,5.9478,8.0954
59.158,58.806,64.94,65.609,72,68.022,68.67,72.177,70.439,71.249
16.412,16.584,16.008,16.216,17.949,23.27,16.137,17.574,17.993,17.854
111,111,110,115,156,201,112,125,126,152
23,2,13,19,23,8,16,9,14,18
5642.2,5268.5,5115.2,5887.9,5560.8,5519.8,5463.3,5194,5457.7,4709.7
1.3418e+08,1.2241e+08,1.3586e+08,1.2453e+08,1.2645e+08,1.3127e+08,1.2667e+08,1.199e+08,1.2247e+08,1.127e+08
0.31016,0.29955,0.29285,0.34178,0.3119,0.31171,0.42783,0.31471,0.35671,0.36884
2000.9,2340,9125.2,8471.3,5234.3,3868.6,2434.8,2486.4,3782.5,3615.5
