14072,14388,14174,16582,15242,13651,14372,14795,15016,16134
13087,12272,11848,12349,12584,13351,12193,11743,13647,13496
1613,1582,1562,1552,1713,1542,1392,1472,1552,1542
31,22,0,11,40,40,22,31,31,22
0.98078,0.98609,1,0.99291,0.97665,0.97406,0.9842,0.97894,0.98003,0.98573
8043,7695,8291,7844,8043,9185,7447,8440,7794,9234
0.51757,0.52792,0.53353,0.58138,0.52569,0.63538,0.55196,0.55167,0.52176,0.67832
3,3,1,2,3,3,3,3,3,3
2681,2565,8291,3922,2681,3061.7,2482.3,2813.3,2598,3078
0.93379,0.93725,0.92882,0.93923,0.93668,0.94323,0.94256,0.93098,0.92939,0.93497
1.0027,1.0098,1.007,1.0031,0.99942,1.0053,1.0088,0.96901,1.0165,1.0112
11.446,11.366,11.188,10.777,10.887,10.101,11.631,10.837,11.694,9.6033
9,9,12,12,14,16,11,14,14,16
16,14,14,15,16,16,12,15,17,17
311.91,172.63,260.92,365.44,1086.1,802.39,201.56,484.59,364.31,193.08
311.91,172.63,260.92,365.44,1086.1,802.39,201.56,484.59,364.31,193.08
53.78,49.156,54.928,54.935,115.55,82.766,51.278,61.253,59.751,49.24
1.2134,-0.0008145,1.5302,1.999,11.399,6.659,0.031256,2.7096,1.8737,0.029324
23.727,2.1011,20.812,27.666,99.224,66.578,2.5047,36.32,25.747,2.2794
285.85,6.1594,256.02,341.34,953.61,755.95,5.3726,435.38,316.11,6.1673
-86.714,-5.9346,-22.449,-34.094,-51.595,-37.631,-8.6714,-44.804,-32.777,-6.0399
1.219,1.601,0.4057,-10.57,11.212,6.8379,-3.3621,-19.595,-6.8965,-8.688
0.37096,-1.1772,-0.82657,-1.2997,-0.16017,-2.7929,-1.5979,-1.7216,-1.5306,-1.1604
75.521,73.182,75.631,73.344,71.121,73.71,73.271,76.73,80.135,80.716
16.349,18.365,15.016,17.13,17.359,15.41,17.068,20.353,22.434,17.278
127,169,125,160,148,127,142,197,214,153
37,38,41,19,31,43,43,30,37,39
3568.8,5182.7,4202.1,3616.7,3374.7,4032.9,5274.9,5733.2,3935.2,3722.8
2.8704e+07,3.9881e+07,3.4839e+07,2.8369e+07,2.7143e+07,3.7042e+07,3.9282e+07,4.8388e+07,3.0671e+07,3.4376e+07
0.22965,0.35557,0.2704,0.26806,0.22057,0.27898,0.39097,0.37474,0.26344,0.27347
268.92,306.16,0,365.44,852.08,497.69,983.74,466.51,25,120.5
