17501,15962,18221,17625,17253,17079,15703,17579,16844,17626
19760,19662,20335,19467,19463,18095,19620,18947,21069,19526
1372,1212,1172,1231,1352,1282,1232,1332,1222,1322
40,31,11,20,22,22,31,31,31,31
0.97085,0.97442,0.99061,0.98375,0.98373,0.98284,0.97484,0.97673,0.97463,0.97655
19412,20007,18071,20753,21398,19710,21845,19412,19263,19909
1.2891,1.2581,1.103,1.2856,1.225,1.0624,1.3333,1.2301,1.2114,1.2521
3,3,2,2,3,3,3,3,3,3
6470.7,6669,9035.5,10376,7132.7,6570,7281.7,6470.7,6421,6636.3
0.98215,0.98287,0.96694,0.96474,0.9651,0.96985,0.96648,0.95732,0.95984,0.94459
1.0541,0.99443,1.032,1.0758,1.0695,1.0482,1.028,1.0284,1.05,1.0776
5.6604,5.6215,5.9804,5.3579,5.7979,5.8444,5.5793,5.8414,5.3691,5.7387
7,5,7,6,8,6,7,6,6,6
10,10,10,13,15,12,13,10,12,11
1036.7,1668.6,2301.2,573.79,236.23,226.54,620.17,1566.8,1479.7,1328.8
1036.7,1668.6,2301.2,573.79,236.23,226.54,620.17,1566.8,1479.7,1328.8
102.59,154.75,210.75,70.791,54.939,56.929,76.77,139.18,136.39,121.35
9.4257,11.53,16.072,3.7294,0.14508,0.17424,4.2565,9.9657,10.255,8.2406
90.148,139.14,192.6,44.093,2.0506,2.1119,49.896,125.48,123.36,103.05
943.73,1515.4,2071.1,483.19,5.3732,6.028,547.19,1433.8,1349.4,1172.1
-93.295,-150.79,-207.46,-53.219,-4.7048,-4.7493,-58.372,-138.58,-131.91,-123.22
14.787,12.282,11.01,13.055,8.7147,12.027,-3.9792,13.275,10.864,10.248
13.916,-0.45289,24.269,3.2955,9.9132,5.7789,9.6288,6.1297,-3.0574,9.195
58.435,61.598,56.992,60.71,61.529,63.984,59.419,56.56,55.691,58.226
11.082,11.209,10.247,12.383,13.965,15.142,12.649,14.247,10.947,12.606
90,96,81,89,105,112,98,103,95,100
28,35,35,29,36,30,34,27,23,20
5979,6157.4,6631.8,5597.6,7596.7,5863.1,5936.5,6582.4,5058.8,6553.7
1.1606e+08,1.2319e+08,1.1984e+08,1.1617e+08,1.6255e+08,1.1556e+08,1.2968e+08,1.2778e+08,9.7448e+07,1.3048e+08
0.39706,0.38721,0.40477,0.34675,0.43489,0.31604,0.36233,0.41711,0.31813,0.41216
247.16,120.5,1269,49,652.82,604.99,873.59,577.74,895.71,865.6
