14595,15688,16408,17532,16359,17426,17152,17302,17799,17575
13804,13663,14653,14386,14387,14346,13915,14905,15165,15157
1311,1202,1222,1302,1422,1262,1232,1362,1272,1232
0,0,31,22,22,11,0,0,11,22
1,1,0.97463,0.9831,0.98453,0.99128,1,1,0.99135,0.98214
11320,9333,10574,11220,11319,10922,9582,11370,12362,11618
0.83162,0.73784,0.82033,0.76971,0.89485,0.89767,0.82003,0.88208,0.86236,0.89301
1,1,3,3,3,2,1,1,2,3
11320,9333,3524.7,3740,3773,5461,9582,11370,6181,3872.7
1,1.0194,1.023,1.0325,1.0507,1.0188,1.009,1.0027,1.0105,1.0144
1.0078,1.0104,1.0012,1.0354,1.0046,1.0057,0.99433,1.0005,0.99106,1.0002
7.4193,7.4846,7.1366,7.158,7.6822,6.9191,7.5693,6.9203,7.4552,7.1822
13,12,12,12,14,12,12,12,12,12
12,12,12,12,14,12,12,12,12,12
188.77,613.46,368.11,223.59,207.72,566.68,694.85,1643.9,484.48,167.56
188.77,613.46,368.11,223.59,207.72,566.68,694.85,1643.9,484.48,167.56
52.469,67.543,52.703,49.562,47.354,61.375,83.302,142.84,56.992,42.449
1.5656,4.4792,2.4096,0.04308,-0.0095746,3.7601,8.5246,11.455,2.9564,0.025725
4.3394,50.574,27.343,2.3052,2.0751,47.094,72.557,130.39,36.806,2.2511
16.501,547.95,299.25,7.4946,5.5533,525.42,650.97,1491.2,411.5,4.9938
-5.4206,-29.51,-17.91,-10.044,-5.6668,-49.951,-51.768,-148.95,-44.543,-7.8108
-38.085,-39.263,-36.407,-36.832,-36.042,-35.208,-35.671,-33.739,-37.017,-31.356
0.23213,3.1723,-2.8741,-0.98937,-0.36543,-2.5382,-6.7557,-3.1382,-1.4619,-1.2372
70.808,68.733,67.52,69.527,71.58,69.375,69.5,69.015,70.946,75.976
15.025,15.338,17.054,15.778,14.095,14.995,15.839,15.533,17.886,17.178
106,110,120,106,116,128,106,115,128,118
23,23,18,30,42,34,11,24,26,27
4603,3639.4,3557,3658.5,5147.5,4078.3,3845.2,3948.1,4566.6,4681.3
5.2106e+07,3.3966e+07,3.7612e+07,4.1049e+07,5.8265e+07,4.4544e+07,3.6845e+07,4.489e+07,5.6452e+07,5.4387e+07
0.33816,0.28772,0.27595,0.25098,0.40695,0.3352,0.32907,0.30629,0.31856,0.35982
0,0,424.54,325.57,691.92,365.44,0,0,1470.1,793.77
