16000,14771,15107,16611,16732,16618,16522,15462,16036,16307
16559,16917,16008,16128,16709,16240,15824,15868,16883,17096
2313,2123,2183,2203,2293,2173,2323,2324,2323,2334
522,451,502,452,441,430,501,513,612,524
0.77432,0.78756,0.77004,0.79483,0.80768,0.80212,0.78433,0.77926,0.73655,0.77549
20207,19462,19263,18617,20107,19114,22490,21199,18270,19660
1.7473,1.6155,1.7011,1.8181,1.7756,1.5256,1.5821,1.6144,1.5475,1.4191
5,7,5,6,3,3,4,6,5,7
4041.4,2780.3,3852.6,3102.8,6702.3,6371.3,5622.5,3533.2,3654,2808.6
1.0663,1.0719,1.0445,1.0447,1.0385,1.0448,1.0615,1.036,1.0357,1.0203
0.99265,1.0018,0.99955,0.98716,1.007,0.98221,0.99213,0.97124,0.98423,0.99609
5.3322,5.7676,5.2835,5.1916,5.7471,5.3903,5.1571,5.1203,6.2305,5.6276
17,14,14,14,16,14,14,14,15,14
21,18,19,19,24,21,21,20,22,21
438.8,876.78,312.54,235,260.92,1532.4,1014.3,390.54,2281.2,234.68
438.8,876.78,312.54,235,260.92,1532.4,1014.3,390.54,2281.2,234.68
52.817,80.558,48.603,42.485,49.81,119.37,88.953,52.074,172.53,43.59
2.0077,6.1524,1.318,0.26959,1.1105,7.2323,6.2782,1.7813,11.321,0.031553
30.346,67.655,19.071,4.1354,16.403,106.82,72.164,26.771,157.55,1.596
407.63,817.33,247.34,50,219.75,1405.8,914.02,362.21,2080.6,4.2412
-40.761,-79.207,-28.143,-11.034,-24.787,-133.3,-91.32,-37.844,-108.3,-5.5084
-23.404,-24.384,-21.425,-19.816,-24.792,-21.355,-22.43,-23.652,-29.836,-21.88
15.834,13.374,14.772,13.407,15.806,21.403,10.49,13.748,25.204,14.701
78.784,77.682,78.897,78.61,81.849,75.819,76.431,77.399,81.616,79.218
16.099,16.441,15.491,17.808,15.232,16.626,16.803,15.199,16.319,15.748
118,123,134,124,127,129,123,116,128,122
29,23,40,20,36,20,22,35,32,34
4519.1,4468.8,4263.9,4151.7,4837.2,3871.9,4580.6,3584.6,4750.5,4547.8
9.1317e+07,8.6973e+07,8.2136e+07,7.7293e+07,9.7262e+07,7.4008e+07,1.0302e+08,7.5989e+07,8.6791e+07,8.9409e+07
0.39075,0.37095,0.37654,0.40544,0.42716,0.30904,0.32224,0.27298,0.40238,0.32826
3391.9,2759.6,2868.7,2384.3,7644.2,6504.2,4942.6,2603.4,4408.3,2377.6
