15146,13239,17707,16858,13666,14131,13953,12916,13971,13262
13983,14257,14001,14442,14800,14621,14480,13910,15394,14366
1562,1563,1502,1542,1562,1572,1612,1582,1472,1472
62,0,0,22,11,22,72,22,22,11
0.96031,1,1,0.98573,0.99296,0.98601,0.95533,0.98609,0.98505,0.99253
18667,17426,20057,20951,19015,18816,18965,20256,21149,20057
1.192,1.1572,1.2425,1.4373,1.3264,1.2495,1.2299,1.2643,1.5135,1.2907
5,1,1,3,2,3,4,3,3,2
3733.4,17426,20057,6983.7,9507.5,6272,4741.2,6752,7049.7,10028
0.94524,0.96584,0.98146,0.98043,0.94783,0.98004,0.95574,0.97725,0.9398,0.94949
0.96945,0.97908,0.9599,0.96569,0.99004,1.0033,0.98999,0.93972,0.96963,0.98101
5.4807,5.7557,4.6739,4.9724,5.398,5.2156,5.2905,5.4183,4.7542,5.2431
9,8,7,7,7,7,7,7,7,7
18,15,17,16,18,14,16,17,14,14
195.42,321.25,383.26,225.51,199,195.42,203.83,214.72,214.54,241.02
195.42,321.25,383.26,225.51,199,195.42,203.83,214.72,214.54,241.02
49.728,52.929,50.926,48.071,49.014,48.784,49.568,53.615,51.843,56.336
0.090513,1.7836,2.1628,0.072556,0.98989,0.077895,0.065513,0.094923,0.096891,0.7924
2.2084,23.807,28.21,2.2387,12.794,1.9812,1.9934,2.0239,2.2143,8.9971
6.1697,293.7,341.69,7.6418,156.81,6.1483,6.6761,5.2054,6.5038,105.39
-7.8201,-29.357,-33.938,-12.146,-16.684,-7.6468,-7.8176,-5.8876,-9.318,-11.437
-13.05,-17.119,-18.428,-17.253,-19.374,-15.281,-19.658,-19.468,-13.427,-11.843
3.9913,6.4182,4.737,6.6672,5.669,4.1168,4.7361,4.222,6.5429,4.9639
69.35,66.86,65.066,65.465,62.557,62.196,57.108,58.119,62.615,62.671
14.621,16.146,13.721,14.285,13.103,13.478,15.989,18.945,12.34,16.581
114,119,103,108,105,102,110,110,95,106
18,15,26,41,21,23,14,8,28,28
5325,4977.2,3933.7,4254.4,4503.1,5320.4,4481.9,5740.1,4537.6,6018.6
9.9402e+07,8.6733e+07,7.8898e+07,8.9134e+07,8.5627e+07,1.0011e+08,8.4999e+07,1.1627e+08,9.5965e+07,1.2071e+08
0.34004,0.33051,0.24368,0.29186,0.31411,0.3533,0.29065,0.35826,0.32472,0.3873
254.07,0,0,1286,1172.5,237.25,2278.6,768.7,520.81,724.66
